1421497888.4011 19 9
1421497888.4011 44 15
1421497888.4011 69 22
1421497888.4011 94 28
1393306357 119 35
1393306357 144 41
1306384350 169 48
1267401159.8782 194 54
1254818009.3079 219 61
1254818009.3079 244 67
1254818009.3079 269 73
1254818009.3079 294 80
1196528618.4452 319 86
1196528618.4452 344 93
1196528618.4452 369 99
1185216421.9798 394 106
1185216421.9798 419 113
1185216421.9798 444 119
1185216421.9798 469 126
1185216421.9798 494 133
1185216421.9798 519 140
1185216421.9798 544 146
1185216421.9798 569 153
1185216421.9798 594 160
1185216421.9798 619 167
1185216421.9798 644 174
1185216421.9798 669 181
1185216421.9798 694 188
1185216421.9798 719 195
1185216421.9798 744 202
1185216421.9798 769 209
1185216421.9798 794 215
1185216421.9798 819 222
1185216421.9798 844 229
1185216421.9798 869 236
1185216421.9798 894 242
1185216421.9798 919 249
1185216421.9798 944 256
1185216421.9798 969 263
1185216421.9798 994 270
1185216421.9798 1019 277
1185216421.9798 1044 283
1185216421.9798 1069 290
1185216421.9798 1094 297
1185216421.9798 1119 304
1185216421.9798 1144 310
1185216421.9798 1169 317
1185216421.9798 1194 323
1185216421.9798 1219 330
1185216421.9798 1244 337
1185216421.9798 1269 343
1185216421.9798 1294 350
1185216421.9798 1319 357
1185216421.9798 1344 363
1185216421.9798 1369 370
1185216421.9798 1394 377
1185216421.9798 1419 383
1185216421.9798 1444 390
1185216421.9798 1469 397
1185216421.9798 1494 403
1185216421.9798 1519 410
1185216421.9798 1544 417
1185216421.9798 1569 423
1185216421.9798 1594 430
1185216421.9798 1619 437
1185216421.9798 1644 443
1185216421.9798 1669 450
1185216421.9798 1694 457
1185216421.9798 1719 463
1185216421.9798 1744 470
1185216421.9798 1769 477
1185216421.9798 1794 483
1185216421.9798 1819 490
1185216421.9798 1844 497
1185216421.9798 1869 503
1185216421.9798 1894 510
1185216421.9798 1919 517
1185216421.9798 1944 523
1185216421.9798 1969 530
1185216421.9798 1994 537
1185216421.9798 2019 543
1185216421.9798 2044 550
1185216421.9798 2069 557
1185216421.9798 2094 563
1185216421.9798 2119 570
1185216421.9798 2144 577
1185216421.9798 2169 583
1185216421.9798 2194 590
1185216421.9798 2219 596
1185216421.9798 2244 603
