1538759722 21 8
1412436363.3516 46 15
1412436363.3516 71 23
1412436363.3516 96 30
1412436363.3516 121 38
1269581575 146 46
1269581575 171 53
1269581575 196 60
1116584986 221 68
1116584986 246 74
1116584986 271 80
1116584986 296 86
1086358145 321 92
1055204067 346 97
1055204067 371 103
1055204067 396 109
1055204067 421 115
1055204067 446 120
1055204067 471 126
1055204067 496 131
1055204067 521 137
1055204067 546 142
1055204067 571 148
1055204067 596 153
1055204067 621 158
1055204067 646 163
1055204067 671 169
1055204067 696 174
1055204067 721 179
1055204067 746 185
1055204067 771 190
1055204067 796 195
1055204067 821 201
1055204067 846 206
1055204067 871 211
1055204067 896 217
1055204067 921 222
1055204067 946 227
1055204067 971 233
1055204067 996 238
1055204067 1021 243
1055204067 1046 249
1055204067 1071 254
1055204067 1096 259
1055204067 1121 265
1055204067 1146 270
1055204067 1171 275
1055204067 1196 280
1055204067 1221 286
1055204067 1246 291
1055204067 1271 296
1055204067 1296 302
1055204067 1321 307
1055204067 1346 312
1055204067 1371 318
1055204067 1396 323
1055204067 1421 328
1055204067 1446 334
1055204067 1471 339
1055204067 1496 344
1055204067 1521 349
1055204067 1546 355
1055204067 1571 360
1055204067 1596 365
1055204067 1621 371
1055204067 1646 376
1055204067 1671 381
1055204067 1696 387
1055204067 1721 392
1055204067 1746 397
1055204067 1771 403
1055204067 1796 408
1055204067 1821 413
1055204067 1846 419
1055204067 1871 424
1055204067 1896 429
1055204067 1921 435
1055204067 1946 440
1055204067 1971 445
1055204067 1996 450
1055204067 2021 456
1055204067 2046 461
1055204067 2071 466
1055204067 2096 472
1055204067 2121 477
1055204067 2146 482
1055204067 2171 488
1055204067 2196 493
1055204067 2221 498
1055204067 2246 504
1055204067 2271 509
1055204067 2296 514
1055204067 2321 520
1055204067 2346 525
1055204067 2371 530
1055204067 2396 535
1055204067 2421 541
1055204067 2446 546
1055204067 2471 551
1055204067 2496 557
1055204067 2521 562
1055204067 2546 567
1055204067 2571 573
1055204067 2596 578
1055204067 2621 583
1055204067 2646 589
1055204067 2671 594
1055204067 2696 599
1055204067 2721 605
