1427071856 19 9
1281110853 44 17
1281110853 69 25
1281110853 94 33
1281110853 119 41
1281110853 144 49
1196261816 169 58
1161878793 194 67
1161878793 219 75
1161878793 244 84
1128497920 269 92
1128497920 294 101
1128497920 319 109
1128497920 344 116
1128497920 369 123
1128497920 394 131
1089011112 419 138
918603379 444 146
918603379 469 153
918603379 494 160
918603379 519 167
918603379 544 174
918603379 569 181
918603379 594 188
918603379 619 195
918603379 644 203
918603379 669 210
918603379 694 217
918603379 719 224
918603379 744 231
918603379 769 239
918603379 794 246
918603379 819 253
918603379 844 260
918603379 869 268
918603379 894 275
918603379 919 282
918603379 944 289
918603379 969 297
918603379 994 304
918603379 1019 311
918603379 1044 318
918603379 1069 326
918603379 1094 333
918603379 1119 340
918603379 1144 347
918603379 1169 355
918603379 1194 362
918603379 1219 369
918603379 1244 376
918603379 1269 384
918603379 1294 391
918603379 1319 398
918603379 1344 406
918603379 1369 413
918603379 1394 420
918603379 1419 427
918603379 1444 434
918603379 1469 442
918603379 1494 449
918603379 1519 456
918603379 1544 463
918603379 1569 471
918603379 1594 478
918603379 1619 485
918603379 1644 492
918603379 1669 500
918603379 1694 507
918603379 1719 514
918603379 1744 521
918603379 1769 528
918603379 1794 536
918603379 1819 543
918603379 1844 550
918603379 1869 557
918603379 1894 565
918603379 1919 572
918603379 1944 579
918603379 1969 586
918603379 1994 593
918603379 2019 601
