1656959878.8713 23 13
1238758056 48 26
1238758056 73 45
1206368046 98 64
1206368046 123 86
1188459971 148 106
1188459971 173 128
1160597643 198 150
1160597643 223 173
1077983441 248 195
1077983441 273 217
1077983441 298 239
1025500488 323 261
1025500488 348 282
1025500488 373 306
1025500488 398 332
1025500488 423 358
1025500488 448 383
1025500488 473 409
1025500488 498 435
1025500488 523 461
1025500488 548 487
1025500488 573 512
1025500488 598 538
1025500488 623 564
1025500488 648 589
1025500488 673 615
