1277042169 22 11
1219581591 47 23
1025670275 72 38
924909401 97 52
924909401 122 65
924909401 147 80
911782305 172 96
911782305 197 113
869101022 222 131
831071758 247 149
818474623 272 164
818474623 297 180
818474623 322 193
818474623 347 205
818474623 372 217
818474623 397 230
818474623 422 241
818474623 447 253
818474623 472 265
818474623 497 275
818474623 522 287
818474623 547 295
818474623 572 304
818474623 597 311
818474623 622 320
818474623 647 327
818474623 672 333
818474623 697 339
818474623 722 345
818474623 747 351
818474623 772 356
818474623 797 362
818474623 822 368
818474623 847 374
818474623 872 380
818474623 897 386
818474623 922 392
818474623 947 398
818474623 972 404
818474623 997 410
818474623 1022 416
818474623 1047 422
818474623 1072 428
818474623 1097 434
818474623 1122 440
818474623 1147 446
818474623 1172 452
818474623 1197 458
818474623 1222 464
818474623 1247 470
818474623 1272 476
818474623 1297 482
818474623 1322 488
818474623 1347 494
818474623 1372 500
818474623 1397 506
818474623 1422 513
818474623 1447 519
818474623 1472 525
818474623 1497 531
818474623 1522 537
818474623 1547 543
818474623 1572 549
818474623 1597 555
818474623 1622 561
818474623 1647 567
818474623 1672 573
818474623 1697 579
818474623 1722 585
818474623 1747 591
818474623 1772 597
818474623 1797 603
