1401804228.931 24 11
1273659618 49 19
1273397954 74 27
1255440790 99 34
1255440790 124 42
1255440790 149 51
1255440790 174 62
1232609908 199 74
1232609908 224 86
1232609908 249 99
1232609908 274 112
1232609908 299 125
1192316158 324 139
1192316158 349 154
1192316158 374 169
1192316158 399 183
1192316158 424 196
1192316158 449 210
1192316158 474 224
1192316158 499 238
1192316158 524 254
1192316158 549 270
1192316158 574 287
1192316158 599 303
1192316158 624 317
1192316158 649 332
1192316158 674 348
1192316158 699 363
1192316158 724 379
1192316158 749 395
1192316158 774 412
1192316158 799 428
1192316158 824 445
1192316158 849 462
1192316158 874 480
1192316158 899 496
1192316158 924 513
1192316158 949 529
1192316158 974 544
1192316158 999 560
1192316158 1024 577
1192316158 1049 593
1192316158 1074 610
