1345117065 19 8
1299875657.3001 44 16
1235534593.6773 69 24
1235534593.6773 94 30
1141964556.136 119 37
1141964556.136 144 43
1141964556.136 169 50
1106160850.8481 194 57
1106160850.8481 219 63
1106160850.8481 244 70
1106160850.8481 269 76
1106160850.8481 294 82
1106160850.8481 319 88
1106160850.8481 344 94
1106160850.8481 369 100
1082194985.6739 394 107
1082194985.6739 419 113
1082194985.6739 444 119
1082194985.6739 469 125
1082194985.6739 494 131
1082194985.6739 519 137
1082194985.6739 544 143
1082194985.6739 569 148
1082194985.6739 594 154
1082194985.6739 619 160
1082194985.6739 644 165
1082194985.6739 669 171
1082194985.6739 694 177
1082194985.6739 719 182
1082194985.6739 744 188
1082194985.6739 769 193
1082194985.6739 794 199
1082194985.6739 819 205
1082194985.6739 844 210
1082194985.6739 869 216
1082194985.6739 894 222
1082194985.6739 919 227
1082194985.6739 944 233
1082194985.6739 969 239
1082194985.6739 994 244
1082194985.6739 1019 250
1082194985.6739 1044 255
1082194985.6739 1069 261
1082194985.6739 1094 267
1082194985.6739 1119 272
1082194985.6739 1144 278
1082194985.6739 1169 284
1082194985.6739 1194 289
1082194985.6739 1219 295
1082194985.6739 1244 300
1082194985.6739 1269 306
1082194985.6739 1294 312
1082194985.6739 1319 317
1082194985.6739 1344 323
1082194985.6739 1369 329
1082194985.6739 1394 334
1082194985.6739 1419 340
1082194985.6739 1444 346
1082194985.6739 1469 351
1082194985.6739 1494 357
1082194985.6739 1519 363
1082194985.6739 1544 368
1082194985.6739 1569 374
1082194985.6739 1594 379
1082194985.6739 1619 385
1082194985.6739 1644 391
1082194985.6739 1669 396
1082194985.6739 1694 402
1082194985.6739 1719 408
1082194985.6739 1744 413
1082194985.6739 1769 419
1082194985.6739 1794 425
1082194985.6739 1819 430
1082194985.6739 1844 436
1082194985.6739 1869 441
1082194985.6739 1894 447
1082194985.6739 1919 453
1082194985.6739 1944 458
1082194985.6739 1969 464
1082194985.6739 1994 470
1082194985.6739 2019 475
1082194985.6739 2044 481
1082194985.6739 2069 487
1082194985.6739 2094 492
1082194985.6739 2119 498
1082194985.6739 2144 504
1082194985.6739 2169 509
1082194985.6739 2194 515
1082194985.6739 2219 521
1082194985.6739 2244 526
1082194985.6739 2269 532
1082194985.6739 2294 538
1082194985.6739 2319 543
1082194985.6739 2344 549
1082194985.6739 2369 555
1082194985.6739 2394 560
1082194985.6739 2419 566
1082194985.6739 2444 572
1082194985.6739 2469 577
1082194985.6739 2494 583
1082194985.6739 2519 589
1082194985.6739 2544 594
1082194985.6739 2569 600
1082194985.6739 2594 605
