1272086119 22 11
1272086119 47 21
1113659648 72 33
1113659648 97 43
1113659648 122 50
1113659648 147 58
1113659648 172 67
1113659648 197 77
1113659648 222 87
1113659648 247 100
1113659648 272 113
1113659648 297 125
1113659648 322 138
1113659648 347 153
1113659648 372 169
1113659648 397 189
1113659648 422 209
1113659648 447 226
1113659648 472 243
1113659648 497 259
1113659648 522 274
1113659648 547 284
1113659648 572 294
1113659648 597 301
1113659648 622 310
1113659648 647 317
1113659648 672 325
1113659648 697 331
1113659648 722 338
1113659648 747 345
1113659648 772 351
1113659648 797 357
1113659648 822 363
1113659648 847 369
1113659648 872 375
1113659648 897 381
1113659648 922 387
1113659648 947 393
1113659648 972 399
1113659648 997 405
1113659648 1022 411
1113659648 1047 417
1113659648 1072 423
1113659648 1097 429
1113659648 1122 435
1113659648 1147 441
1113659648 1172 447
1113659648 1197 453
1113659648 1222 459
1113659648 1247 465
1113659648 1272 471
1113659648 1297 477
1113659648 1322 483
1113659648 1347 489
1113659648 1372 495
1113659648 1397 501
1113659648 1422 507
1113659648 1447 513
1113659648 1472 519
1113659648 1497 525
1113659648 1522 531
1113659648 1547 537
1113659648 1572 543
1113659648 1597 549
1113659648 1622 555
1113659648 1647 561
1113659648 1672 567
1113659648 1697 573
1113659648 1722 579
1113659648 1747 585
1113659648 1772 591
1113659648 1797 597
1113659648 1822 603
