1108628885 22 9
1108628885 47 16
1108628885 72 23
1004400225 97 30
1004400225 122 36
1004400225 147 42
1004400225 172 48
1004400225 197 54
1004400225 222 59
1004400225 247 65
1004400225 272 71
1004400225 297 76
1004400225 322 82
1004400225 347 87
1004400225 372 93
1004400225 397 99
1004400225 422 104
1004400225 447 110
1004400225 472 116
1004400225 497 121
1004400225 522 127
1004400225 547 132
1004400225 572 138
1004400225 597 144
1004400225 622 149
1004400225 647 155
1004400225 672 160
1004400225 697 166
1004400225 722 171
1004400225 747 177
1004400225 772 182
1004400225 797 188
1004400225 822 194
1004400225 847 199
1004400225 872 205
1004400225 897 210
1004400225 922 216
1004400225 947 221
1004400225 972 227
1004400225 997 233
1004400225 1022 238
1004400225 1047 244
1004400225 1072 249
1004400225 1097 255
1004400225 1122 261
1004400225 1147 266
1004400225 1172 272
1004400225 1197 277
1004400225 1222 283
1004400225 1247 289
1004400225 1272 294
1004400225 1297 300
1004400225 1322 305
1004400225 1347 311
1004400225 1372 316
1004400225 1397 322
1004400225 1422 328
1004400225 1447 333
1004400225 1472 339
1004400225 1497 344
1004400225 1522 350
1004400225 1547 356
1004400225 1572 361
1004400225 1597 367
1004400225 1622 372
1004400225 1647 378
1004400225 1672 384
1004400225 1697 389
1004400225 1722 395
1004400225 1747 400
1004400225 1772 406
1004400225 1797 412
1004400225 1822 417
1004400225 1847 423
1004400225 1872 428
1004400225 1897 434
1004400225 1922 439
1004400225 1947 445
1004400225 1972 451
1004400225 1997 456
1004400225 2022 462
1004400225 2047 467
1004400225 2072 473
1004400225 2097 478
1004400225 2122 484
1004400225 2147 490
1004400225 2172 495
1004400225 2197 501
1004400225 2222 506
1004400225 2247 512
1004400225 2272 517
1004400225 2297 523
1004400225 2322 529
1004400225 2347 534
1004400225 2372 540
1004400225 2397 545
1004400225 2422 551
1004400225 2447 557
1004400225 2472 562
1004400225 2497 568
1004400225 2522 573
1004400225 2547 579
1004400225 2572 585
1004400225 2597 590
1004400225 2622 596
1004400225 2647 601
