1358933255 22 10
1358933255 47 20
1358933255 72 29
1358933255 97 38
1358933255 122 46
1358933255 147 54
1358933255 172 62
1291672453 197 71
1291672453 222 79
1291672453 247 88
1291672453 272 97
1289340864 297 106
1273678905 322 115
1213840321 347 123
1213840321 372 131
1089740127 397 139
1042668595 422 147
1042668595 447 155
1017408456 472 162
1017408456 497 169
1017408456 522 177
1017408456 547 184
1017408456 572 191
1017408456 597 198
1017408456 622 204
990896055 647 211
990896055 672 218
990896055 697 225
990896055 722 232
990896055 747 239
990896055 772 246
990896055 797 252
990896055 822 259
990896055 847 266
990896055 872 273
990896055 897 280
990896055 922 287
990896055 947 294
990896055 972 301
990896055 997 308
990896055 1022 315
990896055 1047 322
990896055 1072 329
990896055 1097 336
990896055 1122 343
990896055 1147 350
990896055 1172 357
990896055 1197 364
990896055 1222 371
990896055 1247 378
990896055 1272 385
990896055 1297 392
990896055 1322 399
990896055 1347 407
990896055 1372 414
990896055 1397 421
990896055 1422 428
990896055 1447 435
990896055 1472 442
990896055 1497 449
990896055 1522 456
990896055 1547 463
990896055 1572 470
990896055 1597 477
990896055 1622 484
990896055 1647 491
990896055 1672 498
990896055 1697 505
990896055 1722 512
990896055 1747 519
990896055 1772 526
990896055 1797 533
990896055 1822 541
990896055 1847 548
990896055 1872 555
990896055 1897 562
990896055 1922 569
990896055 1947 576
990896055 1972 583
990896055 1997 590
990896055 2022 597
990896055 2047 604
