1347917924.7489 20 9
1252660526.1536 45 18
1242548406.33 70 26
1104355878 95 34
1067920208.4245 120 41
1067920208.4245 145 47
1067920208.4245 170 54
1067920208.4245 195 60
1067920208.4245 220 66
1067920208.4245 245 72
1067920208.4245 270 78
1006427144 295 84
1006427144 320 90
1006427144 345 97
1006427144 370 103
1006427144 395 109
1006427144 420 115
1006427144 445 121
1006427144 470 128
1006427144 495 134
1006427144 520 140
1006427144 545 147
1006427144 570 153
1006427144 595 159
1006427144 620 166
1006427144 645 172
1006427144 670 178
1006427144 695 184
1006427144 720 190
1006427144 745 197
1006427144 770 203
1006427144 795 209
1006427144 820 215
1006427144 845 222
1006427144 870 228
1006427144 895 234
1006427144 920 240
1006427144 945 246
1006427144 970 252
1006427144 995 259
1006427144 1020 265
1006427144 1045 271
1006427144 1070 277
1006427144 1095 283
1006427144 1120 289
1006427144 1145 296
1006427144 1170 302
1006427144 1195 308
1006427144 1220 314
1006427144 1245 320
1006427144 1270 327
1006427144 1295 333
1006427144 1320 339
1006427144 1345 345
1006427144 1370 351
1006427144 1395 358
1006427144 1420 364
1006427144 1445 370
1006427144 1470 376
1006427144 1495 382
1006427144 1520 389
1006427144 1545 395
1006427144 1570 401
1006427144 1595 407
1006427144 1620 413
1006427144 1645 419
1006427144 1670 426
1006427144 1695 432
1006427144 1720 438
1006427144 1745 444
1006427144 1770 450
1006427144 1795 456
1006427144 1820 463
1006427144 1845 469
1006427144 1870 475
1006427144 1895 481
1006427144 1920 487
1006427144 1945 493
1006427144 1970 500
1006427144 1995 506
1006427144 2020 512
1006427144 2045 518
1006427144 2070 524
1006427144 2095 530
1006427144 2120 537
1006427144 2145 543
1006427144 2170 549
1006427144 2195 555
1006427144 2220 561
1006427144 2245 567
1006427144 2270 574
1006427144 2295 580
1006427144 2320 586
1006427144 2345 592
1006427144 2370 598
1006427144 2395 605
