1425018199 22 10
1107109610 47 18
1107109610 72 26
1107109610 97 35
1107109610 122 43
1107109610 147 51
1107109610 172 58
1107109610 197 66
1107109610 222 73
1107109610 247 79
1080209637 272 86
1080209637 297 91
1080209637 322 97
1080209637 347 103
1080209637 372 109
1080209637 397 114
1080209637 422 120
1080209637 447 125
1080209637 472 131
1080209637 497 136
1080209637 522 141
1080209637 547 147
1080209637 572 152
1080209637 597 158
1080209637 622 163
1080209637 647 168
1080209637 672 174
1080209637 697 179
1080209637 722 185
1080209637 747 190
1080209637 772 195
1080209637 797 201
1080209637 822 206
1080209637 847 212
1080209637 872 217
1080209637 897 222
1080209637 922 228
1080209637 947 233
1080209637 972 239
1080209637 997 244
1080209637 1022 249
1080209637 1047 255
1080209637 1072 260
1080209637 1097 266
1080209637 1122 271
1080209637 1147 276
1080209637 1172 282
1080209637 1197 287
1080209637 1222 293
1080209637 1247 298
1080209637 1272 303
1080209637 1297 309
1080209637 1322 314
1080209637 1347 320
1080209637 1372 325
1080209637 1397 331
1080209637 1422 336
1080209637 1447 341
1080209637 1472 347
1080209637 1497 352
1080209637 1522 358
1080209637 1547 363
1080209637 1572 368
1080209637 1597 374
1080209637 1622 379
1080209637 1647 384
1080209637 1672 390
1080209637 1697 395
1080209637 1722 401
1080209637 1747 406
1080209637 1772 412
1080209637 1797 417
1080209637 1822 422
1080209637 1847 428
1080209637 1872 433
1080209637 1897 439
1080209637 1922 444
1080209637 1947 449
1080209637 1972 455
1080209637 1997 460
1080209637 2022 466
1080209637 2047 471
1080209637 2072 477
1080209637 2097 482
1080209637 2122 487
1080209637 2147 493
1080209637 2172 498
1080209637 2197 504
1080209637 2222 509
1080209637 2247 514
1080209637 2272 520
1080209637 2297 525
1080209637 2322 531
1080209637 2347 536
1080209637 2372 542
1080209637 2397 547
1080209637 2422 552
1080209637 2447 558
1080209637 2472 563
1080209637 2497 569
1080209637 2522 574
1080209637 2547 580
1080209637 2572 585
1080209637 2597 590
1080209637 2622 596
1080209637 2647 601
