1246434317 22 12
1246434317 47 20
1246434317 72 28
1246434317 97 35
1246434317 122 42
1246434317 147 48
1246434317 172 54
1242497696 197 60
1242497696 222 66
1242497696 247 72
1189712642 272 78
1189712642 297 84
1189712642 322 90
1189712642 347 97
1189712642 372 103
1125955797 397 109
1125955797 422 115
1125955797 447 121
1125955797 472 127
1125955797 497 134
1125955797 522 140
1125955797 547 146
1125955797 572 152
1125955797 597 158
1125955797 622 164
1125955797 647 171
1125955797 672 177
1125955797 697 183
1125955797 722 189
1125955797 747 195
1125955797 772 201
1125955797 797 208
1125955797 822 214
1125955797 847 220
1125955797 872 226
1125955797 897 233
1125955797 922 239
1125955797 947 245
1125955797 972 251
1125955797 997 257
1125955797 1022 264
1125955797 1047 270
1125955797 1072 276
1125955797 1097 282
1125955797 1122 288
1125955797 1147 295
1125955797 1172 301
1125955797 1197 307
1125955797 1222 313
1125955797 1247 320
1125955797 1272 326
1125955797 1297 332
1125955797 1322 338
1125955797 1347 345
1125955797 1372 351
1125955797 1397 357
1125955797 1422 363
1125955797 1447 369
1125955797 1472 376
1125955797 1497 382
1125955797 1522 388
1125955797 1547 395
1125955797 1572 401
1125955797 1597 407
1125955797 1622 414
1125955797 1647 420
1125955797 1672 426
1125955797 1697 432
1125955797 1722 438
1125955797 1747 445
1125955797 1772 451
1125955797 1797 458
1125955797 1822 464
1125955797 1847 470
1125955797 1872 477
1125955797 1897 483
1125955797 1922 489
1125955797 1947 495
1125955797 1972 502
1125955797 1997 508
1125955797 2022 514
1125955797 2047 521
1125955797 2072 527
1125955797 2097 533
1125955797 2122 540
1125955797 2147 546
1125955797 2172 552
1125955797 2197 558
1125955797 2222 565
1125955797 2247 571
1125955797 2272 577
1125955797 2297 583
1125955797 2322 590
1125955797 2347 596
1125955797 2372 602
