1679428574 22 11
1355660767 47 19
1355660767 72 27
1281282416 97 33
1215132965 122 40
1189266137 147 46
1189266137 172 53
1189266137 197 59
1120778875 222 66
1120778875 247 72
1120778875 272 79
1103283238 297 85
1103283238 322 92
1103283238 347 99
1103283238 372 105
1103283238 397 112
1103283238 422 119
1103283238 447 126
1103283238 472 133
1103283238 497 139
1103283238 522 146
1103283238 547 153
1103283238 572 160
1103283238 597 167
1103283238 622 174
1103283238 647 180
1103283238 672 187
1103283238 697 194
1103283238 722 200
1103283238 747 207
1103283238 772 214
1103283238 797 221
1103283238 822 227
1103283238 847 234
1103283238 872 241
1103283238 897 248
1103283238 922 255
1103283238 947 261
1103283238 972 268
1103283238 997 275
1103283238 1022 282
1103283238 1047 289
1103283238 1072 296
1103283238 1097 302
1103283238 1122 309
1103283238 1147 316
1103283238 1172 323
1103283238 1197 330
1103283238 1222 337
1103283238 1247 344
1103283238 1272 350
1103283238 1297 357
1103283238 1322 364
1103283238 1347 371
1103283238 1372 378
1103283238 1397 385
1103283238 1422 392
1103283238 1447 398
1103283238 1472 405
1103283238 1497 412
1103283238 1522 419
1103283238 1547 426
1103283238 1572 433
1103283238 1597 440
1103283238 1622 447
1103283238 1647 453
1103283238 1672 460
1103283238 1697 467
1103283238 1722 474
1103283238 1747 481
1103283238 1772 488
1103283238 1797 495
1103283238 1822 502
1103283238 1847 508
1103283238 1872 515
1103283238 1897 522
1103283238 1922 529
1103283238 1947 536
1103283238 1972 543
1103283238 1997 550
1103283238 2022 557
1103283238 2047 563
1103283238 2072 570
1103283238 2097 577
1103283238 2122 584
1103283238 2147 591
1103283238 2172 598
1103283238 2197 605
