1415144683 24 12
1209002340 49 22
1209002340 74 33
1209002340 99 44
980589534 124 54
980589534 149 63
976055192 174 72
976055192 199 80
976055192 224 88
942994188 249 95
942560270 274 101
942560270 299 107
942560270 324 113
916723256 349 118
916723256 374 124
916723256 399 130
916723256 424 135
916723256 449 141
916723256 474 147
916723256 499 152
916723256 524 158
916723256 549 163
916723256 574 169
916723256 599 175
916723256 624 180
916723256 649 186
916723256 674 192
916723256 699 197
916723256 724 203
916723256 749 209
916723256 774 214
916723256 799 220
916723256 824 225
916723256 849 231
916723256 874 237
916723256 899 242
916723256 924 248
916723256 949 254
916723256 974 259
916723256 999 265
916723256 1024 271
916723256 1049 277
916723256 1074 282
916723256 1099 288
916723256 1124 294
916723256 1149 300
916723256 1174 305
916723256 1199 311
916723256 1224 317
916723256 1249 323
916723256 1274 329
916723256 1299 334
916723256 1324 340
916723256 1349 346
916723256 1374 352
916723256 1399 357
916723256 1424 363
916723256 1449 369
916723256 1474 375
916723256 1499 380
916723256 1524 386
916723256 1549 392
916723256 1574 398
916723256 1599 403
916723256 1624 409
916723256 1649 415
916723256 1674 421
916723256 1699 426
916723256 1724 432
916723256 1749 438
916723256 1774 444
916723256 1799 449
916723256 1824 455
916723256 1849 461
916723256 1874 467
916723256 1899 472
916723256 1924 478
916723256 1949 484
916723256 1974 490
916723256 1999 495
916723256 2024 501
916723256 2049 507
916723256 2074 513
916723256 2099 518
916723256 2124 524
916723256 2149 530
916723256 2174 536
916723256 2199 541
916723256 2224 547
916723256 2249 553
916723256 2274 559
916723256 2299 565
916723256 2324 570
916723256 2349 576
916723256 2374 582
916723256 2399 588
916723256 2424 593
916723256 2449 599
916723256 2474 605
