1367552399.0715 20 9
1237732841.7084 45 17
1237732841.7084 70 27
1127407351 95 34
1038880874 120 42
1038880874 145 48
968617831.84048 170 54
968617831.84048 195 61
968617831.84048 220 67
968617831.84048 245 73
968617831.84048 270 79
968617831.84048 295 86
898079783.8628 320 92
898079783.8628 345 98
869639276 370 104
869639276 395 110
869639276 420 116
869639276 445 122
869639276 470 128
869639276 495 134
869639276 520 140
869639276 545 146
869639276 570 152
869639276 595 159
869639276 620 165
869639276 645 170
869639276 670 176
869639276 695 182
869639276 720 188
869639276 745 194
869639276 770 200
869639276 795 206
869639276 820 212
869639276 845 218
869639276 870 224
869639276 895 230
869639276 920 236
869639276 945 242
869639276 970 248
869639276 995 254
869639276 1020 260
869639276 1045 266
869639276 1070 272
869639276 1095 278
869639276 1120 284
869639276 1145 290
869639276 1170 296
869639276 1195 302
869639276 1220 308
869639276 1245 314
869639276 1270 320
869639276 1295 325
869639276 1320 331
869639276 1345 337
869639276 1370 343
869639276 1395 349
869639276 1420 355
869639276 1445 361
869639276 1470 367
869639276 1495 373
869639276 1520 379
869639276 1545 385
869639276 1570 391
869639276 1595 397
869639276 1620 403
869639276 1645 409
869639276 1670 415
869639276 1695 421
869639276 1720 427
869639276 1745 433
869639276 1770 439
869639276 1795 445
869639276 1820 451
869639276 1845 457
869639276 1870 463
869639276 1895 469
869639276 1920 475
869639276 1945 481
869639276 1970 486
869639276 1995 492
869639276 2020 498
869639276 2045 504
869639276 2070 510
869639276 2095 516
869639276 2120 522
869639276 2145 528
869639276 2170 534
869639276 2195 540
869639276 2220 546
869639276 2245 552
869639276 2270 558
869639276 2295 564
869639276 2320 570
869639276 2345 576
869639276 2370 582
869639276 2395 588
869639276 2420 594
869639276 2445 600
869639276 2470 606
