1048711712 20 11
1048711712 45 23
1048711712 70 34
1048711712 95 47
1048711712 120 60
1036104562 145 72
1036104562 170 81
1036104562 195 89
1036104562 220 98
1029455143 245 108
916323612 270 117
892722486 295 126
892722486 320 135
892722486 345 144
871790074 370 151
871790074 395 157
871790074 420 165
871790074 445 172
871790074 470 179
871790074 495 186
871790074 520 194
871790074 545 201
871790074 570 207
871790074 595 215
871790074 620 222
871790074 645 229
871790074 670 235
871790074 695 240
871790074 720 246
871790074 745 252
871790074 770 258
871790074 795 264
871790074 820 270
871790074 845 276
871790074 870 282
871790074 895 288
871790074 920 294
871790074 945 300
871790074 970 306
871790074 995 312
871790074 1020 318
871790074 1045 324
871790074 1070 330
871790074 1095 336
871790074 1120 342
871790074 1145 348
871790074 1170 354
871790074 1195 359
871790074 1220 365
871790074 1245 371
871790074 1270 377
871790074 1295 383
871790074 1320 389
871790074 1345 395
871790074 1370 401
871790074 1395 407
871790074 1420 413
871790074 1445 419
871790074 1470 425
871790074 1495 431
871790074 1520 437
871790074 1545 443
871790074 1570 449
871790074 1595 455
871790074 1620 461
871790074 1645 467
871790074 1670 473
871790074 1695 479
871790074 1720 485
871790074 1745 491
871790074 1770 497
871790074 1795 503
871790074 1820 509
871790074 1845 514
871790074 1870 520
871790074 1895 526
871790074 1920 532
871790074 1945 538
871790074 1970 545
871790074 1995 550
871790074 2020 556
871790074 2045 562
871790074 2070 568
871790074 2095 574
871790074 2120 580
871790074 2145 586
871790074 2170 592
871790074 2195 598
871790074 2220 604
