1474687145 24 9
1474687145 49 16
1378838873 74 23
1135518231 99 29
1135518231 124 35
984365889 149 42
984365889 174 48
934533253 199 54
924474439 224 61
924474439 249 67
924474439 274 73
924474439 299 79
924474439 324 85
924474439 349 91
924474439 374 97
924474439 399 102
924474439 424 108
924474439 449 114
924474439 474 120
924474439 499 126
924474439 524 132
924474439 549 137
924474439 574 143
924474439 599 149
924474439 624 154
924474439 649 160
924474439 674 165
924474439 699 171
924474439 724 176
924474439 749 182
924474439 774 187
924474439 799 193
924474439 824 198
924474439 849 204
924474439 874 210
924474439 899 215
924474439 924 220
924474439 949 226
924474439 974 232
924474439 999 237
924474439 1024 243
924474439 1049 248
924474439 1074 254
924474439 1099 259
924474439 1124 265
924474439 1149 270
924474439 1174 276
924474439 1199 281
924474439 1224 287
924474439 1249 292
924474439 1274 298
924474439 1299 303
924474439 1324 309
924474439 1349 314
924474439 1374 320
924474439 1399 325
924474439 1424 331
924474439 1449 336
924474439 1474 342
924474439 1499 348
924474439 1524 353
924474439 1549 359
924474439 1574 364
924474439 1599 370
924474439 1624 375
924474439 1649 380
924474439 1674 386
924474439 1699 392
924474439 1724 397
924474439 1749 403
924474439 1774 408
924474439 1799 414
924474439 1824 419
924474439 1849 425
924474439 1874 430
924474439 1899 436
924474439 1924 441
924474439 1949 447
924474439 1974 452
924474439 1999 458
924474439 2024 464
924474439 2049 469
924474439 2074 475
924474439 2099 480
924474439 2124 485
924474439 2149 491
924474439 2174 497
924474439 2199 502
924474439 2224 508
924474439 2249 513
924474439 2274 519
924474439 2299 524
924474439 2324 530
924474439 2349 535
924474439 2374 541
924474439 2399 546
924474439 2424 552
924474439 2449 557
924474439 2474 563
924474439 2499 568
924474439 2524 574
924474439 2549 579
924474439 2574 585
924474439 2599 590
924474439 2624 596
924474439 2649 601
