1540415706.7127 19 12
1122360908.8991 44 22
1122360908.8991 69 29
1059593550 94 37
1059593550 119 44
1059593550 144 51
1059593550 169 58
1025970439 194 65
1025970439 219 72
1025970439 244 79
1025970439 269 85
1025970439 294 92
1025970439 319 99
1025970439 344 106
1025970439 369 113
1018701247 394 120
1018701247 419 127
1018701247 444 134
1018701247 469 141
1018701247 494 148
1018701247 519 155
1018701247 544 162
1018701247 569 169
1018701247 594 175
1018701247 619 182
1018701247 644 189
1018701247 669 196
1018701247 694 203
1018701247 719 210
1018701247 744 216
1018701247 769 223
1018701247 794 230
1018701247 819 237
1018701247 844 243
1018701247 869 250
1018701247 894 257
1018701247 919 264
1018701247 944 271
1018701247 969 278
1018701247 994 284
1018701247 1019 291
1018701247 1044 298
1018701247 1069 305
1018701247 1094 311
1018701247 1119 318
1018701247 1144 325
1018701247 1169 332
1018701247 1194 339
1018701247 1219 345
1018701247 1244 352
1018701247 1269 359
1018701247 1294 366
1018701247 1319 372
1018701247 1344 379
1018701247 1369 386
1018701247 1394 393
1018701247 1419 400
1018701247 1444 406
1018701247 1469 413
1018701247 1494 420
1018701247 1519 427
1018701247 1544 434
1018701247 1569 440
1018701247 1594 447
1018701247 1619 454
1018701247 1644 461
1018701247 1669 467
1018701247 1694 474
1018701247 1719 481
1018701247 1744 488
1018701247 1769 495
1018701247 1794 502
1018701247 1819 508
1018701247 1844 515
1018701247 1869 522
1018701247 1894 529
1018701247 1919 535
1018701247 1944 542
1018701247 1969 549
1018701247 1994 555
1018701247 2019 562
1018701247 2044 569
1018701247 2069 576
1018701247 2094 583
1018701247 2119 590
1018701247 2144 597
1018701247 2169 603
