1572707997 19 11
1572707997 44 19
1453022835 69 27
1453022835 94 34
1341569855 119 42
1341569855 144 49
1044728468 169 56
993359278 194 62
993359278 219 68
993359278 244 74
993359278 269 79
993359278 294 85
993359278 319 91
993359278 344 97
993359278 369 103
993359278 394 109
993359278 419 114
993359278 444 120
993359278 469 126
993359278 494 131
993359278 519 137
993359278 544 143
993359278 569 149
993359278 594 155
993359278 619 160
993359278 644 166
993359278 669 172
993359278 694 178
993359278 719 184
993359278 744 189
993359278 769 195
993359278 794 201
993359278 819 207
993359278 844 213
993359278 869 219
993359278 894 224
993359278 919 230
993359278 944 236
993359278 969 242
993359278 994 248
993359278 1019 254
993359278 1044 260
993359278 1069 265
993359278 1094 271
993359278 1119 277
993359278 1144 283
993359278 1169 289
993359278 1194 295
993359278 1219 300
993359278 1244 306
993359278 1269 312
993359278 1294 318
993359278 1319 324
993359278 1344 330
993359278 1369 336
993359278 1394 341
993359278 1419 347
993359278 1444 353
993359278 1469 359
993359278 1494 365
993359278 1519 370
993359278 1544 376
993359278 1569 382
993359278 1594 388
993359278 1619 394
993359278 1644 400
993359278 1669 406
993359278 1694 412
993359278 1719 417
993359278 1744 423
993359278 1769 429
993359278 1794 435
993359278 1819 441
993359278 1844 447
993359278 1869 453
993359278 1894 458
993359278 1919 464
993359278 1944 470
993359278 1969 476
993359278 1994 482
993359278 2019 488
993359278 2044 494
993359278 2069 500
993359278 2094 505
993359278 2119 511
993359278 2144 517
993359278 2169 523
993359278 2194 529
993359278 2219 535
993359278 2244 541
993359278 2269 546
993359278 2294 552
993359278 2319 558
993359278 2344 564
993359278 2369 570
993359278 2394 576
993359278 2419 582
993359278 2444 587
993359278 2469 593
993359278 2494 599
993359278 2519 605
