1371888119 21 12
1371888119 46 21
1157426045 71 28
1077000240 96 35
1077000240 121 41
1077000240 146 47
1077000240 171 53
1077000240 196 58
983422241 221 64
983422241 246 70
983422241 271 75
983422241 296 81
979571813 321 86
979571813 346 92
979571813 371 97
979571813 396 103
979571813 421 108
979571813 446 114
979571813 471 119
979571813 496 125
979571813 521 130
979571813 546 136
979571813 571 141
979571813 596 147
979571813 621 152
979571813 646 158
979571813 671 163
979571813 696 168
979571813 721 174
979571813 746 179
979571813 771 184
979571813 796 190
979571813 821 195
979571813 846 201
979571813 871 206
979571813 896 212
979571813 921 217
979571813 946 223
979571813 971 228
979571813 996 234
979571813 1021 239
979571813 1046 245
979571813 1071 251
979571813 1096 256
979571813 1121 262
979571813 1146 268
979571813 1171 274
979571813 1196 279
979571813 1221 285
979571813 1246 291
979571813 1271 297
979571813 1296 302
979571813 1321 308
979571813 1346 314
979571813 1371 320
979571813 1396 325
979571813 1421 331
979571813 1446 337
979571813 1471 342
979571813 1496 348
979571813 1521 354
979571813 1546 360
979571813 1571 365
979571813 1596 371
979571813 1621 377
979571813 1646 383
979571813 1671 388
979571813 1696 394
979571813 1721 400
979571813 1746 406
979571813 1771 411
979571813 1796 417
979571813 1821 423
979571813 1846 429
979571813 1871 435
979571813 1896 440
979571813 1921 446
979571813 1946 452
979571813 1971 458
979571813 1996 463
979571813 2021 469
979571813 2046 475
979571813 2071 481
979571813 2096 486
979571813 2121 492
979571813 2146 498
979571813 2171 504
979571813 2196 509
979571813 2221 515
979571813 2246 521
979571813 2271 527
979571813 2296 532
979571813 2321 538
979571813 2346 544
979571813 2371 550
979571813 2396 555
979571813 2421 561
979571813 2446 567
979571813 2471 573
979571813 2496 579
979571813 2521 584
979571813 2546 590
979571813 2571 596
979571813 2596 602
