1061352621 22 10
1061352621 47 19
1061352621 72 27
1061352621 97 35
1061352621 122 43
1061352621 147 50
1061352621 172 58
1061352621 197 65
1003562336 222 71
1003562336 247 78
1003562336 272 85
1003562336 297 92
1003562336 322 99
1003562336 347 106
1003562336 372 113
1003562336 397 120
1003562336 422 127
1003562336 447 134
1003562336 472 141
1003562336 497 148
1003562336 522 155
1003562336 547 162
1003562336 572 169
1003562336 597 176
1003562336 622 183
1003562336 647 191
1003562336 672 198
1003562336 697 205
1003562336 722 213
1003562336 747 220
1003562336 772 227
1003562336 797 235
1003562336 822 242
1003562336 847 249
1003562336 872 256
1003562336 897 264
1003562336 922 271
1003562336 947 278
1003562336 972 286
1003562336 997 293
1003562336 1022 300
1003562336 1047 307
1003562336 1072 315
1003562336 1097 322
1003562336 1122 329
1003562336 1147 336
1003562336 1172 344
1003562336 1197 351
1003562336 1222 358
1003562336 1247 365
1003562336 1272 373
1003562336 1297 380
1003562336 1322 387
1003562336 1347 394
1003562336 1372 402
1003562336 1397 409
1003562336 1422 416
1003562336 1447 423
1003562336 1472 431
1003562336 1497 438
1003562336 1522 445
1003562336 1547 453
1003562336 1572 460
1003562336 1597 467
1003562336 1622 474
1003562336 1647 482
1003562336 1672 489
1003562336 1697 496
1003562336 1722 504
1003562336 1747 511
1003562336 1772 518
1003562336 1797 525
1003562336 1822 533
1003562336 1847 540
1003562336 1872 547
1003562336 1897 554
1003562336 1922 562
1003562336 1947 569
1003562336 1972 576
1003562336 1997 583
1003562336 2022 591
1003562336 2047 598
1003562336 2072 605
