1177198733 21 9
1032525245 46 17
1032525245 71 24
1032525245 96 32
1032525245 121 40
983277572 146 48
974588193 171 55
943230131 196 62
943230131 221 70
943230131 246 77
943230131 271 85
943230131 296 93
943230131 321 100
943230131 346 107
943230131 371 114
943230131 396 122
943230131 421 129
943230131 446 136
943230131 471 143
943230131 496 150
943230131 521 157
943230131 546 164
943230131 571 171
943230131 596 178
943230131 621 185
943230131 646 192
943230131 671 199
943230131 696 206
943230131 721 214
943230131 746 220
943230131 771 228
943230131 796 235
943230131 821 242
943230131 846 249
943230131 871 256
943230131 896 263
943230131 921 270
943230131 946 277
943230131 971 284
943230131 996 291
943230131 1021 298
943230131 1046 305
943230131 1071 312
943230131 1096 319
943230131 1121 326
943230131 1146 333
943230131 1171 340
943230131 1196 347
943230131 1221 354
943230131 1246 361
943230131 1271 368
943230131 1296 375
943230131 1321 383
943230131 1346 390
943230131 1371 397
943230131 1396 404
943230131 1421 411
943230131 1446 418
943230131 1471 425
943230131 1496 432
943230131 1521 439
943230131 1546 446
943230131 1571 453
943230131 1596 460
943230131 1621 467
943230131 1646 474
943230131 1671 481
943230131 1696 488
943230131 1721 495
943230131 1746 502
943230131 1771 510
943230131 1796 517
943230131 1821 524
943230131 1846 531
943230131 1871 538
943230131 1896 545
943230131 1921 552
943230131 1946 559
943230131 1971 566
943230131 1996 573
943230131 2021 580
943230131 2046 588
943230131 2071 595
943230131 2096 602
