1123895673 17 10
1086079765 42 20
1086079765 67 30
1056933839 92 37
1056933839 117 43
1056933839 142 49
1056933839 167 55
1056933839 192 61
1056933839 217 66
1056933839 242 72
1056933839 267 77
1056933839 292 83
1056933839 317 88
1056933839 342 94
1056933839 367 99
1056933839 392 104
1056933839 417 110
1056933839 442 115
1056933839 467 121
1056933839 492 126
1056933839 517 131
1056933839 542 137
1056933839 567 142
1056933839 592 147
1056933839 617 153
1056933839 642 158
1056933839 667 163
1056933839 692 169
1056933839 717 174
1056933839 742 179
1056933839 767 185
1056933839 792 190
1056933839 817 195
1056933839 842 201
1056933839 867 206
1056933839 892 211
1056933839 917 217
1056933839 942 222
1056933839 967 228
1056933839 992 233
1056933839 1017 239
1056933839 1042 244
1056933839 1067 249
1056933839 1092 255
1056933839 1117 260
1056933839 1142 265
1056933839 1167 271
1056933839 1192 276
1056933839 1217 282
1056933839 1242 287
1056933839 1267 292
1056933839 1292 298
1056933839 1317 303
1056933839 1342 309
1056933839 1367 314
1056933839 1392 319
1056933839 1417 325
1056933839 1442 330
1056933839 1467 335
1056933839 1492 341
1056933839 1517 346
1056933839 1542 352
1056933839 1567 357
1056933839 1592 362
1056933839 1617 368
1056933839 1642 373
1056933839 1667 378
1056933839 1692 384
1056933839 1717 389
1056933839 1742 395
1056933839 1767 400
1056933839 1792 406
1056933839 1817 411
1056933839 1842 416
1056933839 1867 422
1056933839 1892 427
1056933839 1917 433
1056933839 1942 438
1056933839 1967 443
1056933839 1992 449
1056933839 2017 454
1056933839 2042 460
1056933839 2067 465
1056933839 2092 470
1056933839 2117 476
1056933839 2142 481
1056933839 2167 487
1056933839 2192 492
1056933839 2217 497
1056933839 2242 503
1056933839 2267 508
1056933839 2292 514
1056933839 2317 519
1056933839 2342 524
1056933839 2367 530
1056933839 2392 535
1056933839 2417 540
1056933839 2442 546
1056933839 2467 551
1056933839 2492 557
1056933839 2517 562
1056933839 2542 567
1056933839 2567 573
1056933839 2592 578
1056933839 2617 584
1056933839 2642 589
1056933839 2667 594
1056933839 2692 600
1056933839 2717 605
