1619891965 21 11
1318284412 46 20
1318284412 71 29
1282004461 96 36
1202763018 121 43
1119063479 146 49
1119063479 171 56
1039507229.0966 196 62
1039507229.0966 221 68
985090429 246 75
977672603 271 81
923282815 296 87
923282815 321 93
923282815 346 99
923282815 371 105
904832489 396 111
904832489 421 117
904832489 446 123
904832489 471 129
904832489 496 135
904832489 521 141
904832489 546 147
904832489 571 153
904832489 596 159
904832489 621 165
904832489 646 171
904832489 671 177
904832489 696 183
904832489 721 189
904832489 746 195
904832489 771 201
904832489 796 207
904832489 821 213
904832489 846 219
904832489 871 225
904832489 896 231
904832489 921 237
904832489 946 243
904832489 971 250
904832489 996 256
904832489 1021 261
904832489 1046 267
904832489 1071 273
904832489 1096 280
904832489 1121 286
904832489 1146 292
904832489 1171 298
904832489 1196 304
904832489 1221 310
904832489 1246 316
904832489 1271 322
904832489 1296 329
904832489 1321 335
904832489 1346 341
904832489 1371 347
904832489 1396 353
904832489 1421 359
904832489 1446 366
904832489 1471 372
904832489 1496 378
904832489 1521 384
904832489 1546 390
904832489 1571 397
904832489 1596 403
904832489 1621 409
904832489 1646 415
904832489 1671 421
904832489 1696 428
904832489 1721 434
904832489 1746 440
904832489 1771 446
904832489 1796 453
904832489 1821 459
904832489 1846 465
904832489 1871 471
904832489 1896 478
904832489 1921 484
904832489 1946 490
904832489 1971 497
904832489 1996 503
904832489 2021 509
904832489 2046 515
904832489 2071 522
904832489 2096 528
904832489 2121 534
904832489 2146 540
904832489 2171 547
904832489 2196 553
904832489 2221 559
904832489 2246 566
904832489 2271 572
904832489 2296 578
904832489 2321 585
904832489 2346 591
904832489 2371 597
904832489 2396 603
