3365438964 1 3
3365438964 2 3
3365438964 3 4
3365438964 4 4
3365438964 5 4
3365438964 6 5
3019570637 7 5
3019570637 8 5
1999567493 9 5
1999567493 10 6
1772874822.5447 11 7
1772874822.5447 12 7
1380903510.3777 13 7
1380903510.3777 14 7
1380903510.3777 14 7
1380903510.3777 15 8
1380903510.3777 15 8
1380903510.3777 16 9
1380903510.3777 17 9
1380903510.3777 18 9
1380903510.3777 19 10
1380903510.3777 20 10
1380903510.3777 20 10
1380903510.3777 21 11
1380903510.3777 22 11
1380903510.3777 23 11
1380903510.3777 24 12
1380903510.3777 25 12
1380903510.3777 26 12
1380903510.3777 27 13
1380903510.3777 27 13
1380903510.3777 28 13
1380903510.3777 29 13
1380903510.3777 30 13
1380903510.3777 31 14
1380903510.3777 32 14
1380903510.3777 33 14
1380903510.3777 34 14
1380903510.3777 34 14
1380903510.3777 35 15
1380903510.3777 36 15
1380903510.3777 37 15
1380903510.3777 38 16
1380903510.3777 39 16
1380903510.3777 39 16
1380903510.3777 40 16
1380903510.3777 41 17
1380903510.3777 42 17
1380903510.3777 43 17
1380903510.3777 44 17
1380903510.3777 45 17
1380903510.3777 46 18
1380903510.3777 47 18
1380903510.3777 48 18
1380903510.3777 49 19
1380903510.3777 50 19
1380903510.3777 51 19
1380903510.3777 52 20
1380903510.3777 53 20
1380903510.3777 54 20
1380903510.3777 55 21
1380903510.3777 56 21
1380903510.3777 57 21
1380903510.3777 58 21
1380903510.3777 59 22
1380903510.3777 60 22
1380903510.3777 61 22
1380903510.3777 62 23
1380903510.3777 63 23
1380903510.3777 64 23
1380903510.3777 65 23
1338570662.8243 66 24
1338570662.8243 67 24
1338570662.8243 68 24
1338570662.8243 69 24
1338570662.8243 70 25
1338570662.8243 70 25
1338570662.8243 71 25
1338570662.8243 72 26
1338570662.8243 73 26
1338570662.8243 74 26
1338570662.8243 74 26
1338570662.8243 75 26
1338570662.8243 76 27
1338570662.8243 76 27
1338570662.8243 77 28
1338570662.8243 78 28
1338570662.8243 79 28
1338570662.8243 80 29
1338570662.8243 81 29
1338570662.8243 82 29
1338570662.8243 83 30
1338570662.8243 84 30
1338570662.8243 85 30
1338570662.8243 86 31
1338570662.8243 87 31
1338570662.8243 88 31
1338570662.8243 89 32
1338570662.8243 90 32
1338570662.8243 91 32
1338570662.8243 92 32
1338570662.8243 93 33
1338570662.8243 94 33
1338570662.8243 95 33
1338570662.8243 96 34
1338570662.8243 97 34
1338570662.8243 97 34
1338570662.8243 98 35
1338570662.8243 99 36
1338570662.8243 100 36
1338570662.8243 101 36
1338570662.8243 102 36
1338570662.8243 103 37
1338570662.8243 104 37
1338570662.8243 105 38
1338570662.8243 106 38
1338570662.8243 107 38
1338570662.8243 108 38
1338570662.8243 109 39
1338570662.8243 110 39
1338570662.8243 111 39
1338570662.8243 112 40
1338570662.8243 113 40
1338570662.8243 114 40
1338570662.8243 115 40
1338570662.8243 116 41
1338570662.8243 117 41
1338570662.8243 118 41
1338570662.8243 119 42
1338570662.8243 120 42
1338570662.8243 121 42
1338570662.8243 122 42
1338570662.8243 123 43
1338570662.8243 124 43
1338570662.8243 125 43
1338570662.8243 126 43
1338570662.8243 126 43
1338570662.8243 126 43
1338570662.8243 127 44
1338570662.8243 128 44
1338570662.8243 129 45
1338570662.8243 129 45
1338570662.8243 129 45
1338570662.8243 130 45
1338570662.8243 131 45
1338570662.8243 131 45
1338570662.8243 132 46
1338570662.8243 133 46
1338570662.8243 134 47
1338570662.8243 135 47
1338570662.8243 136 48
1338570662.8243 137 48
1338570662.8243 138 48
1338570662.8243 139 49
1338570662.8243 139 49
1338570662.8243 140 49
1338570662.8243 141 50
1338570662.8243 142 50
1338570662.8243 143 51
1338570662.8243 144 51
1338570662.8243 145 51
1338570662.8243 146 52
1338570662.8243 147 52
1338570662.8243 148 53
1338570662.8243 149 53
1338570662.8243 150 53
1338570662.8243 151 54
1338570662.8243 152 55
1338570662.8243 153 55
1338570662.8243 154 56
1338570662.8243 155 56
1338570662.8243 156 57
1285294302.8801 157 57
1285294302.8801 157 57
1285294302.8801 158 58
1285294302.8801 159 58
1285294302.8801 160 58
1285294302.8801 161 59
1285294302.8801 162 59
1285294302.8801 163 59
1285294302.8801 164 59
1285294302.8801 165 60
1285294302.8801 166 60
1285294302.8801 167 61
1285294302.8801 167 61
1285294302.8801 168 61
1285294302.8801 169 61
1285294302.8801 170 61
1285294302.8801 171 62
1285294302.8801 172 62
1285294302.8801 173 62
1285294302.8801 174 63
1285294302.8801 174 63
1285294302.8801 175 63
1285294302.8801 176 63
1285294302.8801 177 64
1285294302.8801 178 64
1285294302.8801 179 64
1285294302.8801 180 65
1285294302.8801 181 66
1285294302.8801 182 66
1285294302.8801 183 66
1285294302.8801 184 67
1285294302.8801 185 67
1285294302.8801 186 67
1285294302.8801 187 68
1285294302.8801 187 68
1285294302.8801 188 68
1285294302.8801 189 69
1285294302.8801 190 69
1285294302.8801 191 69
1285294302.8801 191 69
1285294302.8801 192 69
1285294302.8801 193 70
1285294302.8801 194 70
1285294302.8801 195 70
1285294302.8801 195 70
1285294302.8801 196 71
1285294302.8801 197 71
1285294302.8801 197 71
1285294302.8801 198 72
1285294302.8801 198 72
1285294302.8801 199 72
1285294302.8801 200 73
1285294302.8801 201 73
1285294302.8801 202 73
1285294302.8801 203 74
1285294302.8801 204 74
1285294302.8801 205 74
1285294302.8801 206 74
1285294302.8801 207 75
1285294302.8801 208 75
1285294302.8801 209 75
1285294302.8801 210 75
1285294302.8801 211 76
1285294302.8801 212 76
1285294302.8801 213 76
1285294302.8801 214 77
1285294302.8801 215 77
1285294302.8801 216 77
1285294302.8801 217 78
1285294302.8801 218 78
1285294302.8801 219 79
1285294302.8801 220 79
1285294302.8801 221 79
1285294302.8801 222 80
1285294302.8801 223 80
1285294302.8801 224 80
1285294302.8801 225 81
1285294302.8801 226 81
1285294302.8801 227 81
1285294302.8801 228 82
1285294302.8801 228 82
1285294302.8801 229 82
1285294302.8801 230 82
1285294302.8801 231 83
1285294302.8801 232 83
1285294302.8801 233 84
1285294302.8801 234 84
1285294302.8801 235 84
1285294302.8801 236 85
1285294302.8801 237 85
1285294302.8801 238 86
1285294302.8801 239 86
1285294302.8801 240 87
1285294302.8801 241 87
1285294302.8801 242 87
1285294302.8801 243 87
1285294302.8801 244 88
1285294302.8801 245 88
1285294302.8801 246 88
1285294302.8801 247 89
1285294302.8801 248 89
1285294302.8801 249 90
1285294302.8801 250 90
1285294302.8801 250 90
1285294302.8801 251 91
1285294302.8801 252 91
1285294302.8801 253 92
1285294302.8801 254 92
1285294302.8801 255 92
1285294302.8801 256 92
1285294302.8801 257 93
1285294302.8801 258 93
1285294302.8801 259 94
1285294302.8801 260 94
1285294302.8801 261 95
1285294302.8801 262 95
1285294302.8801 262 95
1285294302.8801 263 96
1285294302.8801 264 97
1285294302.8801 265 97
1285294302.8801 266 97
1285294302.8801 267 98
1285294302.8801 268 98
1285294302.8801 268 98
1285294302.8801 269 98
1285294302.8801 270 99
1285294302.8801 271 99
1285294302.8801 272 100
1285294302.8801 273 100
1285294302.8801 274 100
1285294302.8801 275 100
1285294302.8801 276 101
1285294302.8801 276 101
1285294302.8801 276 101
1285294302.8801 276 101
1285294302.8801 277 101
1285294302.8801 278 101
1285294302.8801 279 102
1285294302.8801 280 102
1285294302.8801 280 102
1285294302.8801 281 102
1285294302.8801 282 103
1285294302.8801 283 103
1285294302.8801 284 103
1285294302.8801 285 104
1285294302.8801 286 105
1285294302.8801 287 105
1285294302.8801 288 105
1285294302.8801 289 106
1285294302.8801 290 106
1285294302.8801 290 106
1285294302.8801 291 106
1285294302.8801 292 107
1285294302.8801 293 107
1285294302.8801 294 107
1285294302.8801 295 108
1285294302.8801 296 108
1285294302.8801 297 108
1285294302.8801 298 109
1285294302.8801 298 109
1285294302.8801 299 109
1285294302.8801 300 109
1285294302.8801 301 110
1285294302.8801 302 110
1285294302.8801 303 110
1285294302.8801 304 110
1285294302.8801 305 111
1285294302.8801 306 111
1285294302.8801 307 111
1285294302.8801 308 112
1285294302.8801 308 112
1285294302.8801 309 112
1285294302.8801 310 112
1285294302.8801 311 113
1285294302.8801 312 113
1285294302.8801 312 113
1285294302.8801 313 114
1285294302.8801 314 114
1285294302.8801 315 114
1285294302.8801 316 114
1285294302.8801 316 115
1285294302.8801 316 115
1285294302.8801 317 115
1285294302.8801 318 115
1285294302.8801 319 115
1285294302.8801 320 116
1285294302.8801 321 116
1285294302.8801 322 116
1285294302.8801 323 116
1285294302.8801 324 117
1285294302.8801 325 117
1285294302.8801 326 117
1285294302.8801 326 117
1285294302.8801 327 118
1285294302.8801 328 118
1285294302.8801 329 118
1224248194 330 118
1224248194 331 119
1224248194 332 119
1224248194 333 120
1224248194 334 120
1224248194 335 120
1224248194 336 121
1224248194 337 121
1224248194 338 121
1224248194 339 121
1224248194 340 122
1224248194 341 122
1224248194 342 122
1224248194 343 123
1224248194 344 123
1224248194 345 123
1224248194 346 124
1224248194 347 124
1224248194 348 124
1224248194 349 124
1224248194 350 126
1224248194 351 126
1224248194 352 126
1224248194 353 126
1224248194 354 127
1224248194 355 127
1224248194 355 127
1224248194 356 127
1224248194 357 128
1224248194 358 128
1224248194 359 128
1224248194 360 128
1224248194 361 129
1224248194 362 130
1224248194 362 130
1224248194 363 131
1224248194 364 131
1224248194 365 131
1224248194 366 132
1224248194 367 132
1224248194 368 133
1224248194 369 133
1224248194 370 134
1224248194 371 134
1224248194 372 134
1224248194 373 135
1224248194 374 135
1224248194 374 135
1224248194 375 135
1224248194 376 136
1224248194 376 136
1224248194 376 136
1224248194 377 136
1224248194 378 136
1206472434 379 136
1206472434 379 136
1206472434 380 137
1206472434 381 137
1206472434 381 137
1206472434 382 138
1206472434 382 138
1206472434 382 138
1206472434 383 138
1206472434 384 139
1206472434 385 139
1206472434 386 139
1206472434 387 139
1206472434 387 139
1206472434 388 140
1206472434 389 140
1206472434 390 140
1206472434 391 141
1206472434 392 141
1206472434 393 141
1206472434 393 141
1206472434 394 141
1206472434 395 142
1012495820 396 142
1012495820 397 142
1012495820 398 143
1012495820 399 143
1012495820 400 143
1012495820 401 145
1012495820 402 145
1012495820 403 146
1012495820 404 146
1012495820 405 147
1012495820 406 147
1012495820 407 148
1012495820 408 148
1012495820 409 148
1012495820 410 149
1012495820 411 149
1012495820 412 149
1012495820 413 150
1012495820 414 150
1012495820 415 150
1012495820 416 150
1012495820 417 151
1012495820 417 151
1012495820 417 151
1012495820 418 152
1012495820 419 152
1012495820 419 152
1012495820 420 152
1012495820 420 152
1012495820 421 153
1012495820 422 153
1012495820 423 153
1012495820 423 153
1012495820 424 154
1012495820 425 154
1012495820 426 154
1012495820 427 155
1012495820 428 155
1012495820 429 155
1012495820 430 156
1012495820 431 156
1012495820 432 156
1012495820 433 156
1012495820 434 157
1012495820 435 157
1012495820 436 157
1012495820 437 158
1012495820 437 158
1012495820 438 158
1012495820 438 158
1012495820 439 158
1012495820 440 159
1012495820 441 159
1012495820 442 159
1012495820 442 159
1012495820 443 159
1012495820 443 159
1012495820 444 160
1012495820 444 160
1012495820 445 161
1012495820 446 161
1012495820 446 161
1012495820 447 161
1012495820 447 161
1012495820 448 163
1012495820 449 163
1012495820 450 163
1012495820 451 164
1012495820 451 164
1012495820 452 164
1012495820 453 165
1012495820 453 165
1012495820 454 165
1012495820 455 165
1012495820 456 166
1012495820 457 166
1012495820 458 166
1012495820 459 167
1012495820 460 167
1012495820 461 167
1012495820 462 168
1012495820 463 168
1012495820 464 168
1012495820 465 169
1012495820 465 169
1012495820 466 169
1012495820 466 169
1012495820 466 169
1012495820 467 170
1012495820 468 170
1012495820 469 170
1012495820 470 170
1012495820 471 171
1012495820 472 171
1012495820 473 172
1012495820 474 172
1012495820 475 173
1012495820 476 174
1012495820 477 174
1012495820 478 174
1012495820 479 174
1012495820 480 175
1012495820 481 175
1012495820 482 175
1012495820 483 176
1012495820 484 176
1012495820 485 176
1012495820 486 177
1012495820 487 177
1012495820 488 178
1012495820 489 178
1012495820 490 178
1012495820 490 178
1012495820 491 179
1012495820 492 179
1012495820 492 179
1012495820 493 179
1012495820 494 180
1012495820 495 180
1012495820 496 180
1012495820 496 180
1012495820 496 180
1012495820 497 180
1012495820 498 181
1012495820 499 181
1012495820 499 181
1012495820 499 181
1012495820 500 181
1012495820 501 182
1012495820 502 182
1012495820 503 183
1012495820 504 184
1012495820 505 184
1012495820 506 184
1012495820 507 185
1012495820 508 186
1012495820 509 186
1012495820 510 187
1012495820 511 187
1012495820 512 188
1012495820 513 189
1012495820 514 189
1012495820 514 189
1012495820 515 189
1012495820 516 190
1012495820 517 190
1012495820 518 190
1012495820 519 190
1012495820 520 191
1012495820 521 191
1012495820 522 191
1012495820 523 191
1012495820 524 192
1012495820 525 192
1012495820 526 192
1012495820 527 192
1012495820 528 193
1012495820 529 193
1012495820 529 193
1012495820 529 193
1012495820 530 193
1012495820 531 194
1012495820 532 194
1012495820 533 194
1012495820 533 194
1012495820 534 195
1012495820 535 195
1012495820 536 195
1012495820 536 195
1012495820 536 195
1012495820 537 196
1012495820 538 196
1012495820 539 196
1012495820 540 197
1012495820 541 197
1012495820 542 197
1012495820 542 197
1012495820 543 197
1012495820 544 198
1012495820 545 198
1012495820 546 198
1012495820 547 199
1012495820 548 199
1012495820 549 199
1012495820 550 200
1012495820 551 200
1012495820 551 200
1012495820 552 201
1012495820 553 201
1012495820 554 201
1012495820 554 201
1012495820 554 201
1012495820 554 201
1012495820 555 202
1012495820 556 202
1012495820 557 202
1012495820 557 202
1012495820 558 202
1012495820 559 203
1012495820 560 203
1012495820 561 203
1012495820 561 203
1012495820 562 203
1012495820 563 204
1012495820 564 204
1012495820 565 204
1012495820 566 204
1012495820 567 205
1012495820 568 205
1012495820 569 205
1012495820 570 205
1012495820 571 206
1012495820 572 206
1012495820 573 206
1012495820 574 207
1012495820 575 207
1012495820 576 208
1012495820 577 208
1012495820 578 208
1012495820 579 209
1012495820 580 209
1012495820 581 209
1012495820 581 210
1012495820 582 210
1012495820 583 210
1012495820 584 210
1012495820 584 211
1012495820 585 212
1012495820 586 212
1012495820 587 212
1012495820 588 212
1012495820 589 213
1012495820 590 213
1012495820 590 213
1012495820 591 214
1012495820 591 214
1012495820 592 214
1012495820 593 214
1012495820 593 214
1012495820 594 215
1012495820 595 215
1012495820 596 215
1012495820 597 215
1012495820 598 216
1012495820 599 216
1012495820 599 216
1012495820 600 216
1012495820 601 217
1012495820 602 218
1012495820 603 218
1012495820 604 219
1012495820 605 219
1012495820 606 219
1012495820 606 219
1012495820 607 220
1012495820 608 221
1012495820 609 221
1012495820 610 221
1012495820 611 222
1012495820 612 222
1012495820 612 222
1012495820 613 223
1012495820 614 223
1012495820 615 224
1012495820 616 224
1012495820 617 224
1012495820 618 224
1012495820 619 225
1012495820 620 225
1012495820 621 225
1012495820 622 226
1012495820 623 226
1012495820 624 226
1012495820 624 226
1012495820 625 227
1012495820 626 227
1012495820 627 228
1012495820 628 228
1012495820 629 229
1012495820 630 229
1012495820 631 229
1012495820 632 229
1012495820 633 230
1012495820 633 230
1012495820 634 230
1012495820 634 230
1012495820 635 230
1012495820 636 231
1012495820 637 231
1012495820 638 231
1012495820 638 231
1012495820 639 232
1012495820 639 232
1012495820 640 232
1012495820 641 232
1012495820 642 232
1012495820 643 233
1012495820 644 233
1012495820 645 233
1012495820 646 234
1012495820 647 234
1012495820 648 234
1012495820 649 234
1012495820 650 235
1012495820 651 235
1012495820 652 236
1012495820 653 236
1012495820 654 236
1012495820 655 236
1012495820 656 237
1012495820 657 237
1012495820 658 238
1012495820 659 238
1012495820 660 238
1012495820 661 239
1012495820 662 239
1012495820 663 239
1012495820 664 239
1012495820 665 240
1012495820 666 240
1012495820 667 240
1012495820 668 241
1012495820 669 241
1012495820 670 241
1012495820 671 241
1012495820 672 242
1012495820 673 242
1012495820 673 242
1012495820 673 242
1012495820 674 242
1012495820 674 242
1012495820 675 243
1012495820 675 243
1012495820 676 244
1012495820 677 244
1012495820 678 245
1012495820 678 245
1012495820 679 245
1012495820 680 245
1012495820 681 245
1012495820 682 246
1012495820 683 246
1012495820 684 246
1012495820 685 247
1012495820 686 247
1012495820 687 247
1012495820 688 247
1012495820 689 248
1012495820 689 248
1012495820 690 248
1012495820 690 248
1012495820 691 248
1012495820 692 249
1012495820 693 249
1012495820 694 249
1012495820 694 249
1012495820 695 249
1012495820 696 250
1012495820 697 250
1012495820 698 250
1012495820 699 251
1012495820 700 251
1012495820 701 251
1012495820 702 252
1012495820 703 252
1012495820 704 253
1012495820 705 254
1012495820 706 254
1012495820 707 254
1012495820 708 255
1012495820 709 255
1012495820 710 255
1012495820 711 255
1012495820 712 256
1012495820 713 256
1012495820 714 256
1012495820 715 257
1012495820 716 257
1012495820 717 258
1012495820 718 258
1012495820 719 258
1012495820 720 259
1012495820 721 259
1012495820 722 259
1012495820 723 260
1012495820 724 260
1012495820 724 260
1012495820 725 260
1012495820 725 260
1012495820 725 260
1012495820 726 261
1012495820 727 261
1012495820 728 261
1012495820 729 261
1012495820 730 262
1012495820 731 262
1012495820 732 263
1012495820 733 263
1012495820 734 263
1012495820 735 263
1012495820 736 264
1012495820 737 264
1012495820 738 264
1012495820 739 264
1012495820 740 265
1012495820 740 265
1012495820 741 266
1012495820 742 266
1012495820 742 266
1012495820 743 267
1012495820 743 267
1012495820 744 267
1012495820 745 267
1012495820 746 268
1012495820 746 268
1012495820 747 268
1012495820 747 268
1012495820 748 269
1012495820 749 269
1012495820 750 269
1012495820 751 270
1012495820 752 270
1012495820 753 270
1012495820 754 270
1012495820 755 271
1012495820 756 271
1012495820 757 271
1012495820 758 272
1012495820 759 272
1012495820 760 273
1012495820 760 273
1012495820 761 273
1012495820 762 273
1012495820 763 273
1012495820 764 274
1012495820 765 274
1012495820 766 274
1012495820 767 274
1012495820 768 275
1012495820 769 275
1012495820 770 275
1012495820 771 276
1012495820 771 276
1012495820 771 276
1012495820 772 276
1012495820 773 276
1012495820 774 276
1012495820 775 277
1012495820 776 277
1012495820 777 278
1012495820 778 278
1012495820 779 278
1012495820 780 278
1012495820 781 278
1012495820 782 279
1012495820 783 279
1012495820 784 280
1012495820 785 280
1012495820 786 280
1012495820 787 281
1012495820 788 281
1012495820 789 281
1012495820 789 281
1012495820 790 282
1012495820 791 282
1012495820 792 282
1012495820 793 283
1012495820 794 283
1012495820 795 283
1012495820 795 283
1012495820 796 284
1012495820 797 285
1012495820 798 285
1012495820 799 285
1012495820 800 286
1012495820 801 286
1012495820 802 286
1012495820 803 286
1012495820 804 287
1012495820 805 287
1012495820 806 288
1012495820 807 288
1012495820 808 288
1012495820 809 289
1012495820 810 289
1012495820 810 290
1012495820 811 290
1012495820 811 290
1012495820 812 290
1012495820 813 290
1012495820 814 291
1012495820 815 291
1012495820 816 291
1012495820 817 292
1012495820 818 292
1012495820 819 292
1012495820 820 293
1012495820 821 293
1012495820 822 293
1012495820 823 294
1012495820 824 295
1012495820 825 295
1012495820 826 296
1012495820 827 296
1012495820 828 296
1012495820 829 296
1012495820 830 297
1012495820 831 297
1012495820 832 297
1012495820 833 297
1012495820 834 298
1012495820 835 298
1012495820 836 298
1012495820 837 299
1012495820 838 299
1012495820 839 299
1012495820 840 299
1012495820 841 300
1012495820 842 300
1012495820 843 300
1012495820 844 301
1012495820 844 301
1012495820 845 301
1012495820 845 301
1012495820 846 301
1012495820 847 302
1012495820 848 302
1012495820 849 302
1012495820 850 303
1012495820 851 303
1012495820 852 303
1012495820 853 304
1012495820 854 304
1012495820 854 304
1012495820 855 304
1012495820 856 305
1012495820 857 305
1012495820 858 305
1012495820 859 306
1012495820 860 307
1012495820 861 307
1012495820 862 307
1012495820 863 307
1012495820 864 308
1012495820 865 308
1012495820 865 308
1012495820 866 308
1012495820 867 309
1012495820 868 309
1012495820 869 309
1012495820 870 309
1012495820 871 310
1012495820 872 310
1012495820 873 311
1012495820 874 311
1012495820 875 312
1012495820 876 312
1012495820 877 312
1012495820 878 312
1012495820 879 313
1012495820 880 313
1012495820 881 313
1012495820 882 313
1012495820 883 314
1012495820 883 314
1012495820 884 314
1012495820 885 315
1012495820 886 315
1012495820 887 315
1012495820 888 316
1012495820 889 316
1012495820 890 316
1012495820 891 316
1012495820 892 318
1012495820 893 318
1012495820 894 318
1012495820 895 319
1012495820 896 319
1012495820 897 319
1012495820 898 320
1012495820 899 320
1012495820 899 320
1012495820 900 320
1012495820 900 320
1012495820 901 320
1012495820 902 321
1012495820 903 321
1012495820 904 321
1012495820 905 322
1012495820 906 322
1012495820 907 323
1012495820 908 323
1012495820 909 323
1012495820 910 323
1012495820 911 324
1012495820 912 324
1012495820 913 324
1012495820 914 324
1012495820 915 325
1012495820 916 325
1012495820 917 326
1012495820 918 326
1012495820 919 326
1012495820 920 327
1012495820 920 327
1012495820 921 327
1012495820 922 327
1012495820 923 327
1012495820 924 328
1012495820 924 328
1012495820 925 328
1012495820 926 328
1012495820 927 329
1012495820 928 329
1012495820 929 330
1012495820 929 330
1012495820 930 330
1012495820 931 330
1012495820 932 331
1012495820 932 331
1012495820 933 331
1012495820 934 331
1012495820 935 331
1012495820 936 332
1012495820 937 332
1012495820 938 332
1012495820 939 332
1012495820 940 333
1012495820 941 333
1012495820 942 334
1012495820 943 334
1012495820 944 334
1012495820 944 334
1012495820 945 335
1012495820 946 335
1012495820 947 335
1012495820 948 336
1012495820 949 336
1012495820 950 337
1012495820 951 337
1012495820 952 337
1012495820 953 337
1012495820 954 338
1012495820 955 338
1012495820 956 339
1012495820 957 339
1012495820 958 339
1012495820 959 339
1012495820 960 340
1012495820 960 340
1012495820 960 340
1012495820 961 340
1012495820 962 340
1012495820 963 341
1012495820 964 341
1012495820 965 341
1012495820 966 341
1012495820 967 342
1012495820 968 342
1012495820 969 342
1012495820 970 343
1012495820 971 343
1012495820 971 343
1012495820 972 343
1012495820 973 343
1012495820 974 344
1012495820 975 344
1012495820 976 344
1012495820 977 344
1012495820 977 344
1012495820 978 345
1012495820 979 345
1012495820 980 345
1012495820 981 346
1012495820 982 346
1012495820 983 346
1012495820 984 347
1012495820 985 347
1012495820 985 347
1012495820 986 347
1012495820 987 348
1012495820 988 348
1012495820 989 349
1012495820 990 349
1012495820 990 349
1012495820 991 350
1012495820 992 350
1012495820 993 350
1012495820 994 351
1012495820 995 351
1012495820 996 351
1012495820 997 352
1012495820 998 352
1012495820 999 352
1012495820 999 352
1012495820 1000 352
1012495820 1001 353
1012495820 1001 353
1012495820 1002 353
1012495820 1003 353
1012495820 1004 354
1012495820 1005 354
1012495820 1005 354
1012495820 1006 354
1012495820 1006 354
1012495820 1007 354
1012495820 1008 355
1012495820 1009 355
1012495820 1010 355
1012495820 1011 356
1012495820 1011 356
1012495820 1012 356
1012495820 1013 356
1012495820 1014 356
1012495820 1015 357
1012495820 1016 357
1012495820 1017 357
1012495820 1018 358
1012495820 1018 358
1012495820 1019 358
1012495820 1020 358
1012495820 1021 358
1012495820 1022 359
1012495820 1023 359
1012495820 1024 359
1012495820 1025 360
1012495820 1026 360
1012495820 1027 361
1012495820 1028 361
1012495820 1029 362
1012495820 1030 362
1012495820 1031 363
1012495820 1032 363
1012495820 1033 363
1012495820 1033 363
1012495820 1034 363
1012495820 1035 364
1012495820 1036 364
1012495820 1037 364
1012495820 1038 365
1012495820 1039 365
1012495820 1040 365
1012495820 1041 365
1012495820 1042 366
1012495820 1043 366
1012495820 1044 366
1012495820 1045 367
1012495820 1045 367
1012495820 1046 367
1012495820 1047 367
1012495820 1048 368
1012495820 1049 368
1012495820 1050 368
1012495820 1051 369
1012495820 1052 369
1012495820 1053 369
1012495820 1054 369
1012495820 1055 371
1012495820 1056 371
1012495820 1056 371
1012495820 1057 372
1012495820 1058 372
1012495820 1059 372
1012495820 1060 372
1012495820 1061 373
1012495820 1062 373
1012495820 1062 373
1012495820 1062 373
1012495820 1063 373
1012495820 1064 373
1012495820 1065 374
1012495820 1066 374
1012495820 1067 374
1012495820 1067 374
1012495820 1068 374
1012495820 1069 375
1012495820 1069 375
1012495820 1070 375
1012495820 1071 375
1012495820 1072 376
1012495820 1073 376
1012495820 1074 376
1012495820 1075 376
1012495820 1076 377
1012495820 1077 377
1012495820 1078 377
1012495820 1079 378
1012495820 1080 378
1012495820 1081 378
1012495820 1082 379
1012495820 1083 379
1012495820 1084 379
1012495820 1085 380
1012495820 1086 380
1012495820 1087 381
1012495820 1088 381
1012495820 1089 381
1012495820 1090 382
1012495820 1091 382
1012495820 1092 382
1012495820 1093 383
1012495820 1094 383
1012495820 1095 383
1012495820 1096 383
1012495820 1097 384
1012495820 1098 384
1012495820 1099 384
1012495820 1100 385
1012495820 1100 385
1012495820 1101 385
1012495820 1101 385
1012495820 1102 385
1012495820 1103 386
1012495820 1104 386
1012495820 1105 386
1012495820 1106 386
1012495820 1107 387
1012495820 1107 387
1012495820 1108 387
1012495820 1109 387
1012495820 1110 388
1012495820 1111 388
1012495820 1112 388
1012495820 1113 389
1012495820 1114 389
1012495820 1115 389
1012495820 1116 390
1012495820 1117 390
1012495820 1118 390
1012495820 1119 390
1012495820 1120 391
1012495820 1121 391
1012495820 1122 391
1012495820 1123 392
1012495820 1123 392
1012495820 1124 392
1012495820 1124 392
1012495820 1125 392
1012495820 1126 393
1012495820 1127 393
1012495820 1128 393
1012495820 1128 393
1012495820 1129 394
1012495820 1130 394
1012495820 1131 395
1012495820 1131 395
1012495820 1132 395
1012495820 1133 395
1012495820 1134 396
1012495820 1135 396
1012495820 1136 396
1012495820 1137 397
1012495820 1138 397
1012495820 1139 398
1012495820 1140 398
1012495820 1141 398
1012495820 1142 399
1012495820 1142 399
1012495820 1143 399
1012495820 1144 399
1012495820 1144 399
1012495820 1145 400
1012495820 1146 400
1012495820 1147 401
1012495820 1148 401
1012495820 1148 401
1012495820 1149 401
1012495820 1150 402
1012495820 1150 402
1012495820 1151 402
1012495820 1152 402
1012495820 1153 403
1012495820 1154 403
1012495820 1155 403
1012495820 1155 403
1012495820 1156 403
1012495820 1156 403
1012495820 1157 404
1012495820 1157 404
1012495820 1158 404
1012495820 1159 404
1012495820 1160 405
1012495820 1161 405
1012495820 1162 405
1012495820 1163 405
1012495820 1163 405
1012495820 1163 405
1012495820 1164 406
1012495820 1165 406
1012495820 1166 406
1012495820 1167 407
1012495820 1167 407
1012495820 1168 408
1012495820 1169 408
1012495820 1170 409
1012495820 1171 409
1012495820 1172 409
1012495820 1173 409
1012495820 1173 409
1012495820 1174 410
1012495820 1174 410
1012495820 1175 410
1012495820 1176 410
1012495820 1177 411
1012495820 1178 411
1012495820 1179 411
1012495820 1179 411
1012495820 1179 411
1012495820 1179 411
1012495820 1180 412
1012495820 1181 412
1012495820 1182 412
1012495820 1183 412
1012495820 1184 413
1012495820 1185 413
1012495820 1186 413
1012495820 1187 414
1012495820 1188 414
1012495820 1188 414
1012495820 1189 414
1012495820 1190 415
1012495820 1191 415
1012495820 1192 415
1012495820 1193 415
1012495820 1194 416
1012495820 1195 416
1012495820 1196 416
1012495820 1197 416
1012495820 1198 417
1012495820 1198 417
1012495820 1198 417
1012495820 1199 418
1012495820 1200 419
1012495820 1201 419
1012495820 1202 419
1012495820 1203 420
1012495820 1204 420
1012495820 1205 421
1012495820 1206 421
1012495820 1207 421
1012495820 1208 421
1012495820 1209 422
1012495820 1210 422
1012495820 1211 422
1012495820 1212 422
1012495820 1213 423
1012495820 1214 423
1012495820 1215 423
1012495820 1216 423
1012495820 1217 424
1012495820 1218 424
1012495820 1219 424
1012495820 1220 425
1012495820 1221 425
1012495820 1222 425
1012495820 1223 426
1012495820 1224 426
1012495820 1225 426
1012495820 1226 427
1012495820 1227 427
1012495820 1228 427
1012495820 1229 427
1012495820 1230 428
1012495820 1231 428
1012495820 1232 428
1012495820 1233 429
1012495820 1234 429
1012495820 1235 429
1012495820 1236 430
1012495820 1237 430
1012495820 1237 430
1012495820 1238 430
1012495820 1239 431
1012495820 1240 431
1012495820 1241 431
1012495820 1242 431
1012495820 1242 431
1012495820 1243 432
1012495820 1244 432
1012495820 1245 432
1012495820 1246 432
1012495820 1246 432
1012495820 1247 433
1012495820 1248 433
1012495820 1249 433
1012495820 1250 434
1012495820 1251 434
1012495820 1251 434
1012495820 1252 434
1012495820 1252 434
1012495820 1253 435
1012495820 1254 435
1012495820 1255 435
1012495820 1256 435
1012495820 1257 436
1012495820 1258 436
1012495820 1259 437
1012495820 1260 437
1012495820 1261 437
1012495820 1262 437
1012495820 1263 438
1012495820 1264 438
1012495820 1265 438
1012495820 1266 438
1012495820 1267 439
1012495820 1267 439
1012495820 1268 439
1012495820 1269 439
1012495820 1270 439
1012495820 1271 440
1012495820 1272 441
1012495820 1272 441
1012495820 1273 441
1012495820 1274 442
1012495820 1275 442
1012495820 1275 442
1012495820 1276 442
1012495820 1276 442
1012495820 1277 443
1012495820 1278 443
1012495820 1279 443
1012495820 1280 443
1012495820 1281 444
1012495820 1281 444
1012495820 1282 444
1012495820 1283 444
1012495820 1284 444
1012495820 1284 444
1012495820 1285 445
1012495820 1285 445
1012495820 1286 445
1012495820 1287 446
1012495820 1288 446
1012495820 1289 446
1012495820 1290 447
1012495820 1291 447
1012495820 1292 447
1012495820 1293 448
1012495820 1294 448
1012495820 1295 448
1012495820 1295 448
1012495820 1296 449
1012495820 1296 449
1012495820 1297 450
1012495820 1298 450
1012495820 1299 450
1012495820 1300 450
1012495820 1301 451
1012495820 1302 451
1012495820 1303 451
1012495820 1304 451
1012495820 1305 452
1012495820 1306 452
1012495820 1307 452
1012495820 1308 453
1012495820 1309 454
1012495820 1310 454
1012495820 1311 454
1012495820 1312 454
1012495820 1313 455
1012495820 1313 455
1012495820 1314 455
1012495820 1315 456
1012495820 1316 456
1012495820 1317 456
1012495820 1318 457
1012495820 1319 457
1012495820 1320 457
1012495820 1321 458
1012495820 1322 458
1012495820 1323 458
1012495820 1324 458
1012495820 1325 459
1012495820 1326 459
1012495820 1327 459
1012495820 1328 460
1012495820 1329 460
1012495820 1330 460
1012495820 1330 460
1012495820 1331 461
1012495820 1331 461
1012495820 1332 461
1012495820 1333 461
1012495820 1334 462
1012495820 1335 462
1012495820 1336 462
1012495820 1337 463
1012495820 1338 463
1012495820 1338 463
1012495820 1339 463
1012495820 1340 464
1012495820 1341 464
1012495820 1342 464
1012495820 1343 464
1012495820 1344 465
1012495820 1345 465
1012495820 1346 465
1012495820 1347 465
1012495820 1347 465
1012495820 1348 467
1012495820 1349 467
1012495820 1350 467
1012495820 1351 467
1012495820 1352 468
1012495820 1353 468
1012495820 1354 468
1012495820 1355 469
1012495820 1356 469
1012495820 1357 469
1012495820 1358 469
1012495820 1359 470
1012495820 1360 470
1012495820 1361 470
1012495820 1361 470
1012495820 1362 470
1012495820 1363 471
1012495820 1364 471
1012495820 1365 472
1012495820 1366 472
1012495820 1366 472
1012495820 1366 472
1012495820 1367 473
1012495820 1368 474
1012495820 1369 474
1012495820 1370 474
1012495820 1371 474
1012495820 1372 475
1012495820 1373 475
1012495820 1374 475
1012495820 1375 476
1012495820 1375 476
1012495820 1376 476
1012495820 1377 477
1012495820 1377 477
1012495820 1378 477
1012495820 1379 478
1012495820 1380 478
1012495820 1381 479
1012495820 1382 479
1012495820 1383 480
1012495820 1384 480
1012495820 1385 480
1012495820 1386 481
1012495820 1387 481
1012495820 1388 481
1012495820 1389 482
1012495820 1390 482
1012495820 1391 482
1012495820 1392 483
1012495820 1393 483
1012495820 1394 483
1012495820 1395 483
1012495820 1396 484
1012495820 1397 484
1012495820 1398 484
1012495820 1399 485
1012495820 1400 485
1012495820 1401 485
1012495820 1402 485
1012495820 1403 486
1012495820 1404 486
1012495820 1404 486
1012495820 1405 487
1012495820 1406 487
1012495820 1407 488
1012495820 1408 488
1012495820 1409 489
1012495820 1410 489
1012495820 1410 489
1012495820 1411 489
1012495820 1412 489
1012495820 1413 490
1012495820 1414 490
1012495820 1415 490
1012495820 1416 490
1012495820 1417 491
1012495820 1418 491
1012495820 1419 491
1012495820 1420 491
1012495820 1421 492
1012495820 1422 492
1012495820 1423 492
1012495820 1424 493
1012495820 1425 493
1012495820 1426 493
1012495820 1427 494
1012495820 1428 494
1012495820 1429 494
1012495820 1430 495
1012495820 1431 495
1012495820 1432 495
1012495820 1433 495
1012495820 1434 496
1012495820 1435 496
1012495820 1436 497
1012495820 1437 497
1012495820 1438 498
1012495820 1439 498
1012495820 1440 498
1012495820 1441 499
1012495820 1442 499
1012495820 1443 500
1012495820 1444 500
1012495820 1445 500
1012495820 1446 501
1012495820 1447 501
1012495820 1448 502
1012495820 1449 503
1012495820 1450 503
1012495820 1451 503
1012495820 1452 504
1012495820 1453 505
1012495820 1454 505
1012495820 1455 505
1012495820 1456 505
1012495820 1457 506
1012495820 1457 506
1012495820 1458 506
1012495820 1459 507
1012495820 1460 508
1012495820 1461 508
1012495820 1462 508
1012495820 1462 509
1012495820 1462 509
1012495820 1463 509
1012495820 1464 509
1012495820 1465 510
1012495820 1466 511
1012495820 1467 511
1012495820 1468 512
1012495820 1469 513
1012495820 1470 513
1012495820 1470 513
1012495820 1471 513
1012495820 1472 514
1012495820 1473 514
1012495820 1474 514
1012495820 1475 515
1012495820 1476 515
1012495820 1476 515
1012495820 1476 515
1012495820 1477 515
1012495820 1478 516
1012495820 1479 516
1012495820 1480 517
1012495820 1481 517
1012495820 1482 518
1012495820 1483 518
1012495820 1484 518
1012495820 1485 519
1012495820 1486 519
1012495820 1486 519
1012495820 1486 519
1012495820 1487 520
1012495820 1487 520
1012495820 1488 520
1012495820 1489 521
1012495820 1490 521
1012495820 1491 521
1012495820 1492 521
1012495820 1492 521
1012495820 1493 522
1012495820 1494 522
1012495820 1495 522
1012495820 1495 522
1012495820 1496 522
1012495820 1497 523
1012495820 1497 523
1012495820 1498 523
1012495820 1499 523
1012495820 1500 524
1012495820 1501 524
1012495820 1502 524
1012495820 1503 525
1012495820 1504 525
1012495820 1505 525
1012495820 1505 525
1012495820 1506 526
1012495820 1507 526
1012495820 1508 526
1012495820 1508 526
1012495820 1508 526
1012495820 1509 527
1012495820 1510 527
1012495820 1511 528
1012495820 1512 528
1012495820 1513 528
1012495820 1514 528
1012495820 1515 529
1012495820 1516 529
1012495820 1516 529
1012495820 1517 529
1012495820 1518 530
1012495820 1518 530
1012495820 1519 530
1012495820 1520 530
1012495820 1521 530
1012495820 1522 531
1012495820 1523 531
1012495820 1523 531
1012495820 1524 531
1012495820 1525 532
1012495820 1525 532
1012495820 1526 532
1012495820 1527 533
1012495820 1528 533
1012495820 1529 533
1012495820 1530 533
1012495820 1531 534
1012495820 1532 534
1012495820 1533 534
1012495820 1534 534
1012495820 1535 535
1012495820 1536 535
1012495820 1537 535
1012495820 1538 536
1012495820 1538 536
1012495820 1539 536
1012495820 1540 536
1012495820 1541 537
1012495820 1541 537
1012495820 1542 537
1012495820 1542 537
1012495820 1542 537
1012495820 1543 537
1012495820 1544 538
1012495820 1545 538
1012495820 1546 539
1012495820 1547 539
1012495820 1548 539
1012495820 1549 540
1012495820 1550 540
1012495820 1551 540
1012495820 1552 540
1012495820 1553 541
1012495820 1553 541
1012495820 1554 541
1012495820 1555 541
1012495820 1555 541
1012495820 1556 542
1012495820 1557 542
1012495820 1558 542
1012495820 1559 542
1012495820 1560 543
1012495820 1561 543
1012495820 1561 543
1012495820 1562 543
1012495820 1563 544
1012495820 1564 544
1012495820 1565 544
1012495820 1565 544
1012495820 1566 545
1012495820 1567 545
1012495820 1568 545
1012495820 1569 546
1012495820 1570 546
1012495820 1571 547
1012495820 1572 547
1012495820 1573 548
1012495820 1574 548
1012495820 1575 548
1012495820 1575 548
1012495820 1576 549
1012495820 1577 549
1012495820 1578 549
1012495820 1579 549
1012495820 1580 550
1012495820 1580 550
1012495820 1581 550
1012495820 1582 550
1012495820 1583 550
1012495820 1584 551
1012495820 1585 551
1012495820 1586 552
1012495820 1587 552
1012495820 1588 552
1012495820 1589 553
1012495820 1590 553
1012495820 1591 553
1012495820 1591 553
1012495820 1592 554
1012495820 1593 554
1012495820 1594 554
1012495820 1595 554
1012495820 1596 555
1012495820 1597 555
1012495820 1598 555
1012495820 1599 555
1012495820 1600 556
1012495820 1601 556
1012495820 1602 556
1012495820 1603 557
1012495820 1604 557
1012495820 1605 557
1012495820 1606 558
1012495820 1607 558
1012495820 1608 558
1012495820 1609 558
1012495820 1610 559
1012495820 1611 559
1012495820 1612 560
1012495820 1613 560
1012495820 1613 560
1012495820 1614 561
1012495820 1615 561
1012495820 1616 562
1012495820 1617 562
1012495820 1617 562
1012495820 1618 562
1012495820 1619 563
1012495820 1620 563
1012495820 1621 563
1012495820 1622 564
1012495820 1623 565
1012495820 1624 565
1012495820 1625 565
1012495820 1626 566
1012495820 1627 566
1012495820 1627 566
1012495820 1628 566
1012495820 1629 567
1012495820 1629 567
1012495820 1630 567
1012495820 1631 568
1012495820 1632 569
1012495820 1633 569
1012495820 1634 570
1012495820 1635 570
1012495820 1635 570
1012495820 1636 571
1012495820 1637 572
1012495820 1638 572
1012495820 1639 573
1012495820 1640 573
1012495820 1641 573
1012495820 1642 574
1012495820 1643 574
1012495820 1644 574
1012495820 1645 575
1012495820 1646 576
1012495820 1647 576
1012495820 1647 576
1012495820 1647 576
1012495820 1647 576
1012495820 1648 576
1012495820 1648 576
1012495820 1649 577
1012495820 1650 577
1012495820 1651 577
1012495820 1651 577
1012495820 1652 578
1012495820 1653 578
1012495820 1654 578
1012495820 1655 578
1012495820 1656 579
1012495820 1656 579
1012495820 1657 579
1012495820 1658 579
1012495820 1659 580
1012495820 1660 580
1012495820 1661 580
1012495820 1662 581
1012495820 1662 581
1012495820 1663 581
1012495820 1664 581
1012495820 1664 581
1012495820 1665 582
1012495820 1666 582
1012495820 1667 582
1012495820 1668 582
1012495820 1668 582
1012495820 1669 583
1012495820 1670 583
1012495820 1671 583
1012495820 1672 583
1012495820 1673 584
1012495820 1674 584
1012495820 1675 585
1012495820 1676 585
1012495820 1677 585
1012495820 1678 585
1012495820 1679 586
1012495820 1679 586
1012495820 1679 586
1012495820 1680 586
1012495820 1681 586
1012495820 1682 587
1012495820 1683 587
1012495820 1684 587
1012495820 1685 588
1012495820 1686 588
1012495820 1687 588
1012495820 1688 589
1012495820 1689 589
1012495820 1689 589
1012495820 1690 589
1012495820 1691 590
1012495820 1691 590
1012495820 1692 590
1012495820 1693 590
1012495820 1694 590
1012495820 1695 591
1012495820 1696 592
1012495820 1697 592
1012495820 1698 592
1012495820 1699 593
1012495820 1700 593
1012495820 1701 593
1012495820 1702 593
1012495820 1703 594
1012495820 1704 594
1012495820 1705 595
1012495820 1706 596
1012495820 1707 596
1012495820 1708 597
1012495820 1708 597
1012495820 1709 597
1012495820 1710 598
1012495820 1711 598
1012495820 1712 598
1012495820 1713 599
1012495820 1714 599
1012495820 1715 599
1012495820 1716 600
1012495820 1716 600
1012495820 1717 601
