2615303083 1 3
2544191325 2 3
2245853356 3 3
2245853356 4 3
2245853356 5 4
2245853356 6 4
2245853356 7 4
2245853356 7 5
2245853356 8 6
2245853356 9 6
2245853356 10 6
2218634785 11 6
2218634785 12 7
1704126064 13 7
1704126064 14 7
1704126064 15 8
1704126064 15 8
1704126064 16 9
1704126064 17 9
1704126064 18 9
1704126064 19 10
1704126064 20 10
1704126064 20 10
1704126064 20 10
1704126064 20 10
1462620894.6762 21 10
1462620894.6762 22 11
1462620894.6762 23 11
1462620894.6762 24 11
1462620894.6762 25 12
1462620894.6762 26 12
1462620894.6762 26 12
1462620894.6762 27 12
1462620894.6762 27 12
1462620894.6762 28 13
1462620894.6762 29 14
1462620894.6762 30 14
1462620894.6762 31 14
1462620894.6762 32 15
1462620894.6762 33 15
1462620894.6762 33 15
1462620894.6762 34 15
1462620894.6762 35 16
1462620894.6762 35 16
1462620894.6762 36 16
1462620894.6762 36 16
1462620894.6762 36 16
1462620894.6762 37 16
1462620894.6762 38 16
1462620894.6762 39 17
1462620894.6762 40 17
1462620894.6762 41 18
1462620894.6762 42 19
1402620697.7594 43 19
1402620697.7594 43 19
1402620697.7594 44 19
1402620697.7594 45 20
1402620697.7594 46 20
1402620697.7594 47 20
1402620697.7594 48 20
1402620697.7594 49 21
1402620697.7594 50 21
1402620697.7594 51 22
1402620697.7594 52 22
1402620697.7594 52 22
1402620697.7594 53 23
1402620697.7594 54 23
1402620697.7594 55 24
1402620697.7594 56 24
1402620697.7594 57 24
1402620697.7594 58 24
1402620697.7594 59 25
1402620697.7594 60 25
1402620697.7594 61 25
1402620697.7594 62 26
1402620697.7594 63 27
1402620697.7594 64 27
1402620697.7594 65 27
1402620697.7594 66 28
1402620697.7594 67 28
1402620697.7594 67 28
1402620697.7594 68 28
1402620697.7594 69 29
1402620697.7594 70 29
1402620697.7594 71 29
1402620697.7594 72 30
1402620697.7594 73 30
1402620697.7594 74 30
1402620697.7594 75 31
1402620697.7594 75 31
1402620697.7594 76 31
1402620697.7594 77 31
1402620697.7594 78 31
1402620697.7594 79 32
1402620697.7594 80 33
1402620697.7594 81 33
1402620697.7594 82 33
1402620697.7594 83 34
1402620697.7594 84 34
1402620697.7594 84 34
1402620697.7594 85 35
1402620697.7594 85 35
1402620697.7594 86 35
1402620697.7594 87 35
1402620697.7594 88 35
1402620697.7594 88 35
1402620697.7594 89 36
1402620697.7594 90 36
1402620697.7594 90 36
1402620697.7594 91 36
1402620697.7594 92 36
1402620697.7594 93 37
1402620697.7594 94 37
1402620697.7594 94 37
1402620697.7594 95 37
1402620697.7594 96 38
1402620697.7594 97 38
1402620697.7594 98 38
1402620697.7594 99 39
1402620697.7594 100 39
1402620697.7594 101 39
1245971640.0121 102 39
1245971640.0121 103 40
1245971640.0121 104 40
1245971640.0121 105 40
1245971640.0121 106 41
1245971640.0121 107 41
1245971640.0121 108 42
1245971640.0121 109 42
1245971640.0121 109 42
1245971640.0121 110 42
1245971640.0121 111 43
1245971640.0121 112 43
1245971640.0121 113 43
1245971640.0121 114 43
1245971640.0121 115 44
1245971640.0121 115 44
1245971640.0121 116 44
1245971640.0121 116 44
1245971640.0121 117 45
1245971640.0121 118 45
1245971640.0121 119 45
1245971640.0121 120 45
1245971640.0121 120 45
1245971640.0121 121 46
1245971640.0121 122 46
1069301455 123 46
1069301455 124 46
1069301455 124 46
1069301455 124 47
1069301455 125 47
1069301455 126 47
1069301455 127 48
1069301455 128 48
1069301455 129 49
1069301455 130 49
1069301455 131 49
1069301455 131 49
1069301455 132 50
1069301455 133 50
1069301455 134 50
1069301455 135 50
1069301455 135 51
1069301455 136 51
1069301455 137 51
1069301455 138 52
1069301455 139 52
1069301455 140 52
1069301455 141 53
1069301455 142 53
1069301455 143 53
1069301455 144 53
1069301455 145 54
1069301455 146 54
1069301455 147 54
1069301455 148 55
1069301455 149 55
1069301455 150 55
1069301455 151 56
1069301455 152 56
1069301455 153 57
1069301455 153 57
1069301455 154 57
1069301455 154 57
1069301455 155 57
1069301455 156 57
1069301455 157 58
1069301455 158 58
1069301455 158 58
1069301455 159 58
1069301455 160 58
1069301455 161 59
1069301455 162 59
1069301455 162 59
1069301455 162 59
1069301455 162 59
1069301455 163 60
1069301455 164 60
1069301455 165 61
1069301455 166 61
1069301455 167 61
1069301455 168 61
1069301455 168 61
1069301455 169 62
1069301455 169 62
1069301455 170 62
1069301455 170 62
1069301455 171 62
1069301455 172 63
1069301455 173 64
1069301455 174 65
1069301455 175 65
1069301455 176 65
1069301455 177 66
1069301455 178 66
1069301455 179 66
1069301455 180 66
1069301455 181 67
1069301455 182 67
1069301455 183 67
1069301455 184 68
1069301455 185 68
1069301455 186 68
1069301455 187 68
1069301455 188 69
1069301455 188 69
1069301455 189 69
1069301455 190 69
1069301455 191 70
1069301455 192 70
1069301455 193 70
1069301455 194 71
1069301455 195 71
1069301455 196 71
1069301455 197 71
1069301455 198 72
1069301455 198 72
1069301455 199 72
1069301455 199 72
1069301455 199 72
1069301455 200 73
1069301455 201 73
1069301455 202 73
1069301455 203 74
1069301455 204 74
1069301455 205 74
1069301455 206 74
1069301455 206 74
1069301455 207 75
1069301455 208 75
1069301455 209 75
1069301455 210 75
1069301455 211 76
1069301455 212 77
1069301455 212 77
1069301455 213 78
1069301455 214 78
1069301455 215 78
1069301455 216 79
1069301455 217 79
1069301455 218 79
1069301455 219 79
1069301455 220 81
1069301455 221 81
1069301455 222 81
1069301455 223 81
1069301455 224 82
1069301455 225 82
1069301455 226 82
1069301455 227 83
1069301455 228 83
1069301455 229 83
1069301455 230 83
1069301455 231 84
1069301455 231 84
1069301455 232 84
1069301455 233 84
1069301455 234 85
1069301455 235 85
1069301455 236 85
1069301455 237 86
1069301455 238 86
1069301455 239 86
1069301455 240 86
1069301455 241 87
1069301455 241 87
1069301455 242 87
1069301455 243 87
1069301455 244 88
1069301455 244 88
1069301455 245 89
1069301455 246 89
1069301455 247 89
1069301455 248 90
1069301455 248 90
1069301455 249 91
1069301455 250 91
1069301455 251 92
1069301455 252 92
1069301455 253 92
1069301455 254 92
1069301455 255 93
1069301455 256 93
1069301455 257 93
1069301455 258 93
1069301455 259 94
1069301455 260 95
1069301455 261 95
1069301455 262 96
1069301455 263 96
1069301455 264 96
1069301455 265 97
1069301455 266 98
1069301455 267 98
1069301455 268 98
1069301455 269 99
1069301455 269 99
1069301455 270 99
1069301455 271 99
1069301455 272 99
1069301455 273 100
1069301455 274 100
1069301455 275 100
1069301455 276 101
1069301455 277 101
1069301455 278 101
1069301455 279 101
1069301455 279 101
1069301455 280 102
1069301455 281 102
1069301455 282 102
1069301455 283 103
1069301455 284 103
1069301455 285 103
1069301455 286 103
1069301455 287 104
1069301455 288 105
1069301455 289 105
1069301455 290 105
1069301455 290 105
1069301455 291 106
1069301455 292 106
1069301455 293 106
1069301455 294 106
1069301455 295 107
1069301455 296 107
1069301455 297 107
1069301455 298 108
1069301455 299 108
1069301455 300 108
1069301455 301 108
1069301455 302 109
1069301455 303 109
1069301455 304 109
1069301455 305 110
1069301455 306 111
1069301455 307 111
1069301455 308 111
1069301455 308 111
1069301455 309 111
1069301455 310 112
1069301455 311 112
1069301455 312 113
1069301455 313 113
1069301455 314 113
1069301455 315 114
1069301455 316 114
1069301455 317 114
1069301455 318 114
1069301455 319 115
1069301455 320 115
1069301455 321 115
1069301455 322 115
1069301455 323 116
1069301455 324 116
1069301455 324 116
1069301455 324 116
1069301455 325 116
1069301455 326 116
1069301455 327 117
1069301455 327 117
1069301455 327 117
1069301455 328 117
1069301455 329 117
1069301455 330 118
1069301455 331 118
1069301455 332 118
1069301455 333 118
1069301455 334 119
1069301455 335 119
1069301455 336 119
1069301455 336 119
1069301455 337 119
1069301455 337 119
1069301455 338 120
1069301455 339 120
1069301455 340 121
1069301455 341 121
1069301455 342 121
1069301455 343 122
1069301455 344 122
1069301455 345 122
1069301455 346 123
1069301455 347 124
1069301455 348 124
1069301455 348 124
1069301455 349 125
1069301455 350 125
1069301455 351 125
1069301455 352 125
1069301455 353 126
1069301455 354 126
1069301455 355 126
1069301455 356 127
1069301455 357 127
1069301455 358 127
1069301455 359 127
1069301455 360 128
1069301455 361 129
1069301455 362 129
1069301455 363 129
1069301455 364 130
1069301455 365 130
1069301455 366 131
1069301455 366 131
1069301455 367 132
1069301455 368 132
1069301455 369 132
1069301455 370 132
1069301455 371 133
1069301455 372 134
1069301455 373 134
1069301455 373 134
1069301455 374 134
1069301455 375 135
1069301455 376 135
1069301455 376 135
1069301455 377 136
1069301455 378 137
1069301455 379 137
1069301455 380 137
1069301455 381 138
1069301455 382 139
1069301455 382 139
1069301455 383 139
1069301455 384 139
1069301455 385 140
1069301455 385 140
1069301455 386 140
1069301455 387 140
1069301455 387 140
1069301455 388 141
1069301455 388 141
1069301455 389 142
1069301455 389 142
1069301455 390 142
1069301455 391 142
1069301455 392 143
1069301455 392 143
1069301455 393 143
1069301455 394 144
1069301455 394 144
1069301455 395 144
1069301455 395 144
1069301455 396 144
1069301455 397 145
1069301455 397 145
1069301455 398 145
1069301455 399 145
1069301455 400 146
1069301455 401 146
1069301455 401 146
1069301455 402 146
1069301455 403 146
1069301455 404 147
1069301455 405 147
1069301455 405 147
1069301455 406 147
1069301455 407 148
1069301455 407 148
1069301455 408 148
1069301455 409 148
1069301455 409 148
1069301455 410 149
1069301455 411 149
1069301455 412 149
1069301455 413 149
1069301455 414 150
1069301455 415 150
1069301455 416 151
1069301455 417 151
1069301455 418 152
1069301455 418 152
1069301455 419 152
1069301455 420 152
1069301455 421 152
1069301455 422 153
1069301455 423 154
1069301455 424 154
1069301455 424 154
1069301455 425 154
1069301455 426 155
1069301455 427 155
1069301455 428 156
1069301455 429 156
1069301455 430 156
1069301455 431 157
1069301455 432 157
1069301455 433 157
1069301455 433 157
1069301455 434 158
1069301455 435 158
1069301455 435 158
1069301455 436 158
1069301455 437 159
1069301455 438 159
1069301455 439 159
1069301455 440 159
1069301455 441 160
1069301455 442 160
1069301455 443 160
1069301455 444 161
1069301455 445 161
1069301455 446 161
1069301455 447 162
1069301455 448 162
1069301455 449 162
1069301455 450 163
1069301455 451 164
1069301455 452 164
1069301455 453 165
1069301455 454 166
1069301455 455 166
1069301455 456 167
1069301455 457 168
1069301455 457 168
1069301455 458 168
1069301455 459 168
1069301455 460 169
1069301455 461 169
1069301455 462 169
1069301455 463 169
1069301455 464 170
1069301455 465 170
1069301455 465 170
1069301455 466 171
1069301455 467 171
1069301455 468 171
1069301455 469 172
1069301455 470 173
1069301455 471 174
1069301455 472 175
1069301455 473 175
1069301455 474 175
1069301455 475 175
1069301455 476 176
1069301455 477 176
1069301455 478 176
1069301455 479 177
1069301455 480 177
1069301455 481 177
1069301455 482 177
1069301455 483 178
1069301455 483 178
1069301455 484 178
1069301455 485 179
1069301455 486 179
1069301455 487 179
1069301455 488 180
1069301455 489 180
1069301455 489 180
1069301455 490 180
1069301455 491 181
1069301455 492 181
1069301455 492 181
1069301455 493 181
1069301455 494 182
1069301455 494 182
1069301455 495 182
1069301455 496 182
1069301455 497 182
1069301455 498 183
1069301455 499 183
1069301455 500 183
1069301455 501 184
1069301455 502 184
1069301455 503 184
1069301455 504 184
1069301455 504 184
1069301455 505 185
1069301455 506 185
1069301455 507 185
1069301455 508 186
1069301455 509 186
1069301455 509 186
1069301455 509 186
1069301455 510 186
1069301455 511 187
1069301455 512 187
1069301455 513 187
1069301455 514 188
1069301455 515 188
1069301455 516 188
1069301455 517 188
1069301455 518 189
1069301455 518 189
1069301455 519 189
1069301455 520 190
1069301455 521 190
1069301455 522 190
1069301455 523 191
1069301455 524 191
1069301455 524 191
1069301455 525 192
1069301455 526 192
1069301455 527 192
1069301455 528 192
1069301455 529 193
1069301455 530 193
1069301455 531 193
1069301455 532 194
1069301455 533 194
1069301455 534 194
1069301455 535 195
1069301455 536 195
1069301455 537 195
1069301455 538 195
1069301455 539 196
1069301455 540 196
1069301455 541 196
1069301455 542 197
1069301455 543 198
1069301455 544 198
1069301455 545 198
1069301455 546 198
1069301455 547 199
1069301455 547 199
1069301455 547 199
1069301455 548 199
1069301455 549 199
1069301455 550 200
1069301455 551 200
1069301455 551 200
1069301455 552 200
1069301455 552 200
1069301455 553 201
1069301455 554 201
1069301455 555 201
1069301455 556 202
1069301455 557 203
1069301455 558 203
1069301455 559 204
1069301455 560 205
1069301455 561 205
1069301455 562 205
1069301455 563 206
1069301455 564 206
1069301455 565 206
1069301455 566 206
1069301455 567 207
1069301455 568 207
1069301455 568 207
1069301455 569 207
1069301455 569 207
1069301455 570 207
1069301455 570 207
1069301455 571 208
1069301455 572 208
1069301455 573 208
1069301455 574 208
1069301455 575 209
1069301455 576 209
1069301455 577 210
1069301455 578 210
1069301455 579 210
1069301455 580 210
1069301455 581 211
1069301455 582 211
1069301455 583 211
1069301455 584 212
1069301455 585 212
1069301455 586 213
1069301455 587 213
1069301455 588 213
1069301455 589 214
1069301455 590 214
1069301455 591 214
1069301455 592 215
1069301455 593 215
1069301455 593 215
1069301455 594 215
1069301455 595 216
1069301455 596 216
1069301455 597 216
1069301455 598 217
1069301455 599 217
1069301455 600 217
1069301455 601 218
1069301455 602 218
1069301455 603 218
1069301455 604 219
1069301455 605 219
1069301455 606 219
1069301455 607 220
1069301455 608 220
1069301455 609 220
1069301455 610 221
1069301455 611 221
1069301455 612 221
1069301455 613 222
1069301455 614 222
1069301455 615 222
1069301455 615 222
1069301455 616 222
1069301455 617 223
1069301455 618 223
1069301455 619 223
1069301455 620 224
1069301455 621 224
1069301455 621 224
1069301455 622 224
1069301455 623 225
1069301455 624 225
1069301455 625 226
1069301455 626 226
1069301455 627 226
1069301455 628 227
1069301455 629 227
1069301455 630 228
1069301455 631 228
1069301455 632 228
1069301455 632 228
1069301455 633 229
1069301455 634 229
1069301455 635 230
1069301455 636 230
1069301455 637 230
1069301455 638 230
1069301455 639 231
1069301455 640 231
1069301455 640 231
1069301455 641 232
1069301455 642 232
1069301455 643 232
1069301455 643 232
1069301455 643 232
1069301455 644 232
1069301455 645 233
1069301455 646 233
1069301455 647 233
1069301455 648 234
1069301455 649 234
1069301455 650 234
1069301455 651 235
1069301455 652 235
1069301455 653 235
1069301455 654 235
1069301455 655 236
1069301455 656 236
1069301455 657 236
1069301455 658 237
1069301455 659 237
1069301455 660 237
1069301455 661 237
1069301455 662 238
1069301455 663 238
1069301455 664 238
1069301455 665 238
1069301455 666 239
1069301455 667 239
1069301455 668 239
1069301455 669 240
1069301455 670 240
1069301455 671 240
1069301455 672 241
1069301455 673 241
1069301455 674 241
1069301455 675 241
1069301455 676 242
1069301455 676 242
1069301455 677 242
1069301455 678 242
1069301455 679 243
1069301455 680 243
1069301455 681 243
1069301455 682 243
1069301455 683 244
1069301455 684 244
1069301455 685 244
1069301455 685 244
1069301455 686 245
1069301455 687 246
1069301455 688 246
1069301455 689 246
1069301455 690 247
1069301455 691 247
1069301455 692 247
1069301455 693 247
1069301455 694 248
1069301455 695 248
1069301455 696 248
1069301455 697 248
1069301455 698 249
1069301455 699 249
1069301455 700 249
1069301455 700 249
1069301455 701 250
1069301455 702 250
1069301455 703 251
1069301455 704 251
1069301455 705 251
1069301455 706 251
1069301455 706 252
1069301455 707 252
1069301455 708 252
1069301455 709 252
1069301455 710 253
1069301455 711 253
1069301455 711 253
1069301455 711 253
1069301455 712 253
1069301455 713 254
1069301455 713 254
1069301455 714 254
1069301455 715 254
1069301455 716 254
1069301455 717 255
1069301455 718 255
1069301455 719 255
1069301455 720 255
1069301455 721 256
1069301455 722 256
1069301455 723 256
1069301455 724 257
1069301455 725 257
1069301455 726 258
1069301455 727 259
1069301455 728 259
1069301455 729 259
1069301455 730 260
1069301455 731 260
1069301455 732 260
1069301455 733 260
1069301455 734 261
1069301455 735 261
1069301455 736 262
1069301455 737 262
1069301455 738 262
1069301455 739 263
1069301455 740 263
1069301455 741 263
1069301455 742 263
1069301455 743 264
1069301455 744 264
1069301455 745 265
1069301455 746 265
1069301455 747 265
1069301455 748 265
1069301455 749 266
1069301455 750 266
1069301455 751 266
1069301455 752 267
1069301455 752 267
1069301455 753 267
1069301455 753 267
1069301455 754 268
1069301455 755 268
1069301455 756 269
1069301455 757 269
1069301455 758 269
1069301455 759 270
1069301455 760 270
1069301455 760 270
1069301455 761 270
1069301455 762 270
1069301455 763 271
1069301455 763 271
1069301455 764 272
1069301455 765 272
1069301455 766 272
1069301455 766 272
1069301455 766 272
1069301455 767 272
1069301455 768 273
1069301455 769 273
1069301455 770 273
1069301455 771 274
1069301455 771 274
1069301455 772 274
1069301455 773 274
1069301455 774 275
1069301455 775 276
1069301455 776 276
1069301455 777 276
1069301455 778 276
1069301455 779 277
1069301455 780 277
1069301455 781 277
1069301455 782 277
1069301455 783 278
1069301455 783 278
1069301455 783 278
1069301455 784 278
1069301455 785 279
1069301455 786 279
1069301455 787 280
1069301455 787 280
1069301455 788 280
1069301455 789 280
1069301455 790 281
1069301455 791 281
1069301455 792 281
1069301455 793 282
1069301455 794 282
1069301455 795 283
1069301455 795 283
1069301455 796 283
1069301455 797 284
1069301455 798 285
1069301455 799 286
1069301455 799 286
1069301455 800 286
1069301455 801 286
1069301455 802 287
1069301455 803 287
1069301455 804 288
1069301455 805 289
1069301455 806 289
1069301455 807 290
1069301455 807 290
1069301455 808 290
1069301455 809 290
1069301455 810 290
1069301455 811 291
1069301455 812 291
1069301455 813 291
1069301455 814 292
1069301455 815 292
1069301455 816 292
1069301455 817 293
1069301455 818 293
1069301455 819 293
1069301455 820 294
1069301455 821 294
1069301455 822 294
1069301455 823 294
1069301455 823 294
1069301455 823 294
1069301455 824 295
1069301455 825 295
1069301455 826 295
1069301455 827 295
1069301455 828 296
1069301455 829 296
1069301455 830 297
1069301455 831 297
1069301455 832 298
1069301455 833 298
1069301455 834 299
1069301455 835 299
1069301455 836 300
1069301455 837 300
1069301455 838 300
1069301455 839 301
1069301455 840 302
1069301455 841 302
1069301455 842 302
1069301455 843 303
1069301455 844 303
1069301455 845 303
1069301455 846 303
1069301455 847 304
1069301455 848 305
1069301455 849 305
1069301455 850 305
1069301455 851 306
1069301455 852 306
1069301455 853 306
1069301455 854 307
1069301455 855 307
1069301455 856 307
1069301455 857 308
1069301455 857 308
1069301455 858 308
1069301455 859 308
1069301455 860 308
1069301455 861 309
1069301455 862 309
1069301455 862 309
1069301455 863 309
1069301455 864 310
1069301455 865 310
1069301455 866 311
1069301455 867 312
1069301455 868 312
1069301455 869 312
1069301455 870 312
1069301455 871 313
1069301455 871 313
1069301455 872 313
1069301455 873 313
1069301455 874 314
1069301455 875 314
1069301455 876 314
1069301455 877 315
1069301455 878 315
1069301455 879 315
1069301455 879 315
1069301455 880 316
1069301455 881 316
1069301455 882 316
1069301455 882 316
1069301455 883 316
1069301455 884 317
1069301455 885 317
1069301455 886 317
1069301455 887 318
1069301455 888 318
1069301455 889 318
1069301455 890 319
1069301455 891 319
1069301455 892 319
1069301455 893 320
1069301455 894 320
1069301455 895 320
1069301455 896 321
1069301455 897 321
1069301455 898 321
1069301455 899 321
1069301455 900 322
1069301455 901 322
1069301455 902 322
1069301455 903 322
1069301455 903 322
1069301455 904 323
1069301455 905 323
1069301455 905 323
1069301455 906 323
1069301455 906 323
1069301455 907 324
1069301455 908 324
1069301455 909 324
1069301455 910 325
1069301455 911 325
1069301455 911 325
1069301455 912 325
1069301455 912 325
1069301455 913 326
1069301455 914 326
1069301455 914 326
1069301455 914 326
1069301455 915 326
1069301455 916 326
1069301455 917 327
1069301455 918 327
1069301455 919 327
1069301455 920 328
1069301455 921 328
1069301455 922 328
1069301455 923 329
1069301455 924 330
1069301455 925 330
1069301455 926 330
1069301455 927 331
1069301455 928 331
1069301455 929 331
1069301455 930 332
1069301455 931 332
1069301455 932 332
1069301455 933 333
1069301455 934 333
1069301455 935 334
1069301455 936 334
1069301455 937 335
1069301455 937 335
1069301455 938 335
1069301455 939 335
1069301455 940 336
1069301455 941 336
1069301455 942 337
1069301455 943 337
1069301455 944 338
1069301455 945 338
1069301455 946 338
1069301455 947 339
1069301455 948 339
1069301455 949 339
1069301455 950 340
1069301455 951 340
1069301455 952 340
1069301455 952 340
1069301455 953 340
1069301455 954 341
1069301455 955 341
1069301455 956 341
1069301455 957 341
1069301455 958 342
1069301455 959 342
1069301455 960 342
1069301455 961 343
1069301455 961 343
1069301455 962 343
1069301455 963 343
1069301455 964 344
1069301455 965 344
1069301455 966 344
1069301455 967 345
1069301455 968 345
1069301455 968 345
1069301455 969 346
1069301455 969 346
1069301455 970 346
1069301455 971 347
1069301455 972 347
1069301455 972 347
1069301455 973 347
1069301455 973 347
1069301455 974 348
1069301455 975 348
1069301455 976 348
1069301455 977 349
1069301455 978 349
1069301455 979 349
1069301455 980 350
1069301455 981 351
1069301455 982 351
1069301455 983 351
1069301455 984 352
1069301455 985 352
1069301455 986 352
1069301455 987 353
1069301455 988 353
1069301455 989 353
1069301455 990 353
1069301455 991 354
1069301455 992 354
1069301455 993 355
1069301455 994 355
1069301455 995 356
1069301455 996 356
1069301455 997 356
1069301455 998 357
1069301455 999 357
1069301455 1000 357
1069301455 1001 357
1069301455 1002 358
1069301455 1002 358
1069301455 1003 359
1069301455 1004 359
1069301455 1005 359
1069301455 1006 360
1069301455 1007 360
1069301455 1008 360
1069301455 1008 360
1069301455 1009 360
1069301455 1010 361
1069301455 1011 361
1069301455 1012 361
1069301455 1012 361
1069301455 1012 361
1069301455 1013 362
1069301455 1013 362
1069301455 1013 362
1069301455 1014 362
1069301455 1015 362
1069301455 1016 363
1069301455 1016 363
1069301455 1017 363
1069301455 1018 364
1069301455 1019 364
1069301455 1020 364
1069301455 1020 365
1069301455 1021 365
1069301455 1022 365
1069301455 1023 366
1069301455 1024 367
1069301455 1025 367
1069301455 1026 367
1069301455 1027 367
1069301455 1028 368
1069301455 1029 368
1069301455 1030 368
1069301455 1031 369
1069301455 1032 370
1069301455 1033 370
1069301455 1034 370
1069301455 1035 371
1069301455 1036 371
1069301455 1037 372
1069301455 1038 372
1069301455 1039 373
1069301455 1039 373
1069301455 1040 373
1069301455 1041 373
1069301455 1042 374
1069301455 1043 374
1069301455 1044 374
1069301455 1045 375
1069301455 1046 376
1069301455 1047 376
1069301455 1048 376
1069301455 1049 378
1069301455 1049 378
1069301455 1050 378
1069301455 1051 378
1069301455 1052 379
1069301455 1053 379
1069301455 1054 379
1069301455 1055 380
1069301455 1056 380
1069301455 1057 381
1069301455 1058 381
1069301455 1059 381
1069301455 1060 382
1069301455 1061 382
1069301455 1061 382
1069301455 1062 382
1069301455 1063 383
1069301455 1064 384
1069301455 1065 384
1069301455 1066 384
1069301455 1067 385
1069301455 1068 385
1069301455 1069 385
1069301455 1069 385
1069301455 1070 385
1069301455 1070 385
1069301455 1071 386
1069301455 1072 387
1069301455 1073 387
1069301455 1074 387
1069301455 1075 387
1069301455 1076 388
1069301455 1077 388
1069301455 1078 389
1069301455 1079 389
1069301455 1080 390
1069301455 1081 390
1069301455 1082 390
1069301455 1083 390
1069301455 1084 391
1069301455 1085 391
1069301455 1086 391
1069301455 1087 391
1069301455 1088 392
1069301455 1088 392
1069301455 1089 392
1069301455 1089 392
1069301455 1090 392
1069301455 1091 393
1069301455 1092 393
1069301455 1093 394
1069301455 1094 394
1069301455 1095 394
1069301455 1095 394
1069301455 1096 395
1069301455 1097 395
1069301455 1098 395
1069301455 1099 396
1069301455 1100 396
1069301455 1101 396
1069301455 1101 396
1069301455 1102 397
1069301455 1103 398
1069301455 1104 398
1069301455 1104 398
1069301455 1105 398
1069301455 1106 399
1069301455 1107 400
1069301455 1108 400
1069301455 1109 400
1069301455 1109 400
1069301455 1110 401
1069301455 1111 401
1069301455 1112 402
1069301455 1113 402
1069301455 1114 402
1069301455 1115 402
1069301455 1116 403
1069301455 1116 403
1069301455 1117 404
1069301455 1118 404
1069301455 1119 404
1069301455 1120 405
1069301455 1121 406
1069301455 1122 406
1069301455 1123 406
1069301455 1123 406
1069301455 1124 406
1069301455 1125 407
1069301455 1126 407
1069301455 1127 407
1069301455 1128 408
1069301455 1129 408
1069301455 1130 408
1069301455 1131 409
1069301455 1131 409
1069301455 1131 409
1069301455 1132 409
1069301455 1133 409
1069301455 1134 409
1069301455 1134 409
1069301455 1135 410
1069301455 1135 410
1069301455 1135 410
1069301455 1135 410
1069301455 1136 410
1069301455 1137 410
1069301455 1138 410
1069301455 1138 410
1069301455 1139 411
1069301455 1140 411
1069301455 1141 412
1069301455 1142 412
1069301455 1143 413
1069301455 1144 413
1069301455 1145 413
1069301455 1146 414
1069301455 1147 414
1069301455 1148 414
1069301455 1149 415
1069301455 1149 415
1069301455 1150 415
1069301455 1151 415
1069301455 1152 416
1069301455 1153 417
1069301455 1154 417
1069301455 1155 417
1069301455 1156 418
1069301455 1157 418
1069301455 1157 418
1069301455 1158 418
1069301455 1158 418
1069301455 1159 418
1069301455 1160 419
1069301455 1160 419
1069301455 1161 419
1069301455 1162 419
1069301455 1162 419
1069301455 1162 419
1069301455 1163 420
1069301455 1164 421
1069301455 1165 421
1069301455 1165 421
1069301455 1166 421
1069301455 1166 421
1069301455 1167 422
1069301455 1168 422
1069301455 1168 422
1069301455 1169 422
1069301455 1170 423
1069301455 1171 423
1069301455 1171 423
1069301455 1172 424
1069301455 1173 424
1069301455 1174 425
1069301455 1175 425
1069301455 1176 425
1069301455 1177 425
1069301455 1178 426
1069301455 1179 426
1069301455 1180 427
1069301455 1181 427
1069301455 1182 427
1069301455 1183 427
1069301455 1184 428
1069301455 1185 428
1069301455 1186 428
1069301455 1187 429
1069301455 1188 429
1069301455 1189 429
1069301455 1190 429
1069301455 1191 430
1069301455 1192 431
1069301455 1193 431
1069301455 1194 432
1069301455 1195 432
1069301455 1196 432
1069301455 1197 432
1069301455 1198 433
1069301455 1199 433
1069301455 1200 433
1069301455 1201 433
1069301455 1202 434
1069301455 1202 434
1069301455 1203 434
1069301455 1204 434
1069301455 1205 435
1069301455 1206 435
1069301455 1207 435
1069301455 1208 435
1069301455 1209 436
1069301455 1210 436
1069301455 1211 436
1069301455 1212 437
1069301455 1213 437
1069301455 1214 437
1069301455 1215 438
1069301455 1215 438
1069301455 1216 438
1069301455 1217 438
1069301455 1218 438
1069301455 1219 439
1069301455 1219 439
1069301455 1220 439
1069301455 1221 439
1069301455 1221 439
1069301455 1222 439
1069301455 1223 440
1069301455 1224 440
1069301455 1225 441
1069301455 1226 441
1069301455 1227 442
1069301455 1228 442
1069301455 1229 443
1069301455 1230 443
1069301455 1231 443
1069301455 1232 443
1069301455 1233 444
1069301455 1234 444
1069301455 1235 444
1069301455 1236 444
1069301455 1237 445
1069301455 1238 445
1069301455 1239 445
1069301455 1240 446
1069301455 1241 446
1069301455 1242 447
1069301455 1243 448
1069301455 1244 448
1069301455 1245 448
1069301455 1246 449
1069301455 1247 449
1069301455 1248 450
1069301455 1249 451
1069301455 1250 451
1069301455 1251 451
1069301455 1251 451
1069301455 1252 452
1069301455 1253 452
1069301455 1254 452
1069301455 1255 453
1069301455 1256 453
1069301455 1257 453
1069301455 1258 453
1069301455 1259 454
1069301455 1260 454
1069301455 1261 454
1069301455 1262 455
1069301455 1263 455
1069301455 1264 455
1069301455 1265 456
1069301455 1266 457
1069301455 1267 457
1069301455 1267 457
1069301455 1268 458
1069301455 1269 458
1069301455 1270 458
1069301455 1271 459
1069301455 1272 459
1069301455 1272 459
1069301455 1273 460
1069301455 1274 460
1069301455 1275 460
1069301455 1276 461
1069301455 1277 461
1069301455 1278 461
1069301455 1279 462
1069301455 1280 462
1069301455 1280 462
1069301455 1281 462
1069301455 1281 462
1069301455 1282 463
1069301455 1283 463
1069301455 1283 463
1069301455 1284 464
1069301455 1285 465
1069301455 1286 466
1069301455 1287 466
1069301455 1287 466
1069301455 1287 466
1069301455 1288 466
1069301455 1289 466
1069301455 1290 467
1069301455 1291 467
1069301455 1292 467
1069301455 1293 468
1069301455 1294 468
1069301455 1295 468
1069301455 1296 469
1069301455 1297 469
1069301455 1297 469
1069301455 1298 469
1069301455 1299 470
1069301455 1300 470
1069301455 1301 471
1069301455 1302 471
1069301455 1302 471
1069301455 1303 471
1069301455 1304 471
1069301455 1305 472
1069301455 1306 472
1069301455 1307 472
1069301455 1308 473
1069301455 1309 473
1069301455 1310 473
1069301455 1310 473
1069301455 1310 473
1069301455 1311 474
1069301455 1312 474
1069301455 1313 475
1069301455 1314 475
1069301455 1315 475
1069301455 1316 475
1069301455 1317 476
1069301455 1318 476
1069301455 1319 477
1069301455 1320 477
1069301455 1321 477
1069301455 1322 478
1069301455 1323 478
1069301455 1324 478
1069301455 1325 479
1069301455 1326 479
1069301455 1327 480
1069301455 1328 480
1069301455 1329 480
1069301455 1330 481
1069301455 1331 481
1069301455 1332 481
1069301455 1333 482
1069301455 1334 482
1069301455 1335 482
1069301455 1336 482
1069301455 1337 483
1069301455 1338 484
1069301455 1339 484
1069301455 1340 485
1069301455 1341 485
1069301455 1341 485
1069301455 1342 485
1069301455 1343 486
1069301455 1344 486
1069301455 1345 487
1069301455 1346 487
1069301455 1347 487
1069301455 1347 487
1069301455 1348 488
1069301455 1349 488
1069301455 1350 488
1069301455 1351 489
1069301455 1352 489
1069301455 1353 489
1069301455 1354 490
1069301455 1354 490
1069301455 1355 490
1069301455 1356 490
1069301455 1357 491
1069301455 1358 491
1069301455 1359 491
1069301455 1360 492
1069301455 1361 492
1069301455 1362 492
1069301455 1363 493
1069301455 1364 493
1069301455 1365 493
1069301455 1365 493
1069301455 1366 493
1069301455 1367 494
1069301455 1368 494
1069301455 1369 494
1069301455 1370 494
1069301455 1371 495
1069301455 1372 495
1069301455 1373 495
1069301455 1374 496
1069301455 1375 496
1069301455 1376 497
1069301455 1377 497
1069301455 1378 497
1069301455 1379 497
1069301455 1380 498
1069301455 1380 498
1069301455 1381 498
1069301455 1381 498
1069301455 1382 498
1069301455 1383 498
1069301455 1384 499
1069301455 1385 499
1069301455 1386 500
1069301455 1387 500
1069301455 1388 500
1069301455 1388 500
1069301455 1389 500
1069301455 1390 501
1069301455 1391 501
1069301455 1392 501
1069301455 1392 501
1069301455 1393 501
1069301455 1394 502
1069301455 1395 503
1069301455 1396 504
1069301455 1397 504
1069301455 1398 504
1069301455 1399 505
1069301455 1399 505
1069301455 1400 505
1069301455 1401 505
1069301455 1402 506
1069301455 1403 506
1069301455 1404 506
1069301455 1404 506
1069301455 1405 507
1069301455 1406 507
1069301455 1407 507
1069301455 1407 507
1069301455 1408 508
1069301455 1409 509
1069301455 1410 509
1069301455 1411 509
1069301455 1412 510
1069301455 1413 510
1069301455 1414 510
1069301455 1414 510
1069301455 1415 510
1069301455 1416 511
1069301455 1417 511
1069301455 1418 512
1069301455 1419 512
1069301455 1420 513
1069301455 1421 513
1069301455 1421 513
1069301455 1422 515
1069301455 1422 515
1069301455 1423 515
1069301455 1424 515
1069301455 1425 516
1069301455 1426 516
1069301455 1427 517
1069301455 1428 517
1069301455 1429 517
1069301455 1430 517
1069301455 1431 518
1069301455 1432 518
1069301455 1432 518
1069301455 1433 518
1069301455 1434 519
1069301455 1434 519
1069301455 1435 519
1069301455 1436 519
1069301455 1437 520
1069301455 1438 520
1069301455 1439 520
1069301455 1440 521
1069301455 1441 521
1069301455 1442 521
1069301455 1443 521
1069301455 1444 522
1069301455 1445 522
1069301455 1446 523
1069301455 1447 523
1069301455 1448 524
1069301455 1449 524
1069301455 1450 524
1069301455 1451 525
1069301455 1451 525
1069301455 1452 525
1069301455 1453 525
1069301455 1454 525
1069301455 1455 526
1069301455 1456 526
1069301455 1456 526
1069301455 1457 526
1069301455 1458 527
1069301455 1459 527
1069301455 1460 527
1069301455 1461 527
1069301455 1462 528
1069301455 1463 528
1069301455 1464 529
1069301455 1465 529
1069301455 1466 530
1069301455 1467 530
1069301455 1467 530
1069301455 1468 530
1069301455 1469 531
1069301455 1470 531
1069301455 1471 531
1069301455 1472 531
1069301455 1473 532
1069301455 1474 532
1069301455 1475 532
1069301455 1476 533
1069301455 1477 533
1069301455 1477 533
1069301455 1478 533
1069301455 1478 533
1069301455 1479 534
1069301455 1480 534
1069301455 1481 534
1069301455 1481 534
1069301455 1482 534
1069301455 1482 534
1069301455 1483 535
1069301455 1484 535
1069301455 1484 535
1069301455 1485 536
1069301455 1486 536
1069301455 1487 536
1069301455 1488 537
1069301455 1489 537
1069301455 1490 538
1069301455 1490 538
1069301455 1491 538
1069301455 1492 538
1069301455 1493 539
1069301455 1493 539
1069301455 1493 539
1069301455 1493 539
1069301455 1494 539
1069301455 1495 539
1069301455 1496 540
1069301455 1496 540
1069301455 1497 541
1069301455 1498 541
1069301455 1499 541
1069301455 1500 542
1069301455 1501 542
1069301455 1502 543
1069301455 1503 543
1069301455 1504 543
1069301455 1505 544
1069301455 1506 544
1069301455 1507 544
1069301455 1508 544
1069301455 1509 545
1069301455 1510 545
1069301455 1511 545
1069301455 1512 546
1069301455 1513 546
1069301455 1514 547
1069301455 1515 547
1069301455 1516 547
1069301455 1517 547
1069301455 1518 548
1069301455 1519 548
1069301455 1520 549
1069301455 1521 549
1069301455 1522 549
1069301455 1523 549
1069301455 1524 550
1069301455 1525 550
1069301455 1526 550
1069301455 1527 551
1069301455 1528 551
1069301455 1529 552
1069301455 1529 552
1069301455 1530 552
1069301455 1531 553
1069301455 1532 553
1069301455 1533 553
1069301455 1534 554
1069301455 1535 555
1069301455 1536 555
1069301455 1537 555
1069301455 1538 555
1069301455 1539 556
1069301455 1540 556
1069301455 1541 556
1069301455 1542 557
1069301455 1543 557
1069301455 1544 557
1069301455 1545 558
1069301455 1546 558
1069301455 1547 558
1069301455 1548 559
1069301455 1549 559
1069301455 1550 559
1069301455 1551 560
1069301455 1552 560
1069301455 1553 560
1069301455 1553 560
1069301455 1554 561
1069301455 1555 562
1069301455 1556 562
1069301455 1557 562
1069301455 1558 562
1069301455 1559 562
1069301455 1560 563
1069301455 1561 563
1069301455 1562 563
1069301455 1563 564
1069301455 1564 564
1069301455 1565 565
1069301455 1566 565
1069301455 1567 566
1069301455 1568 566
1069301455 1569 566
1069301455 1570 567
1069301455 1571 567
1069301455 1572 567
1069301455 1573 568
1069301455 1574 568
1069301455 1575 568
1069301455 1576 568
1069301455 1577 569
1069301455 1578 569
1069301455 1579 570
1069301455 1579 570
1069301455 1580 570
1069301455 1581 570
1069301455 1582 571
1069301455 1583 571
1069301455 1583 571
1069301455 1584 571
1069301455 1585 572
1069301455 1586 572
1069301455 1587 572
1069301455 1587 572
1069301455 1588 573
1069301455 1588 573
1069301455 1589 573
1069301455 1590 573
1069301455 1591 574
1069301455 1591 574
1069301455 1592 574
1069301455 1593 575
1069301455 1594 575
1069301455 1595 575
1069301455 1596 576
1069301455 1597 577
1069301455 1598 577
1069301455 1599 577
1069301455 1600 578
1069301455 1601 578
1069301455 1602 578
1069301455 1603 579
1069301455 1604 579
1069301455 1605 580
1069301455 1605 580
1069301455 1605 580
1069301455 1606 580
1069301455 1607 580
1069301455 1608 581
1069301455 1609 581
1069301455 1610 582
1069301455 1610 582
1069301455 1611 583
1069301455 1612 583
1069301455 1613 583
1069301455 1613 583
1069301455 1614 584
1069301455 1614 584
1069301455 1614 584
1069301455 1615 585
1069301455 1615 585
1069301455 1616 585
1069301455 1617 585
1069301455 1617 585
1069301455 1618 585
1069301455 1619 586
1069301455 1620 586
1069301455 1621 586
1069301455 1622 587
1069301455 1623 587
1069301455 1624 587
1069301455 1625 588
1069301455 1626 588
1069301455 1626 588
1069301455 1627 589
1069301455 1628 589
1069301455 1628 589
1069301455 1629 590
1069301455 1630 590
1069301455 1631 591
1069301455 1632 591
1069301455 1633 591
1069301455 1633 591
1069301455 1634 591
1069301455 1635 592
1069301455 1636 593
1069301455 1637 593
1069301455 1638 593
1069301455 1639 594
1069301455 1640 594
1069301455 1641 594
1069301455 1642 594
1069301455 1643 595
1069301455 1643 595
1069301455 1643 595
1069301455 1644 595
1069301455 1645 596
1069301455 1646 596
1069301455 1647 597
1069301455 1648 598
1069301455 1648 598
1069301455 1649 598
1069301455 1650 598
1069301455 1651 599
1069301455 1651 599
1069301455 1651 599
1069301455 1652 599
1069301455 1653 599
1069301455 1654 600
1069301455 1655 600
1069301455 1655 600
1069301455 1656 601
