1832062804 1 3
1832062804 1 3
1832062804 1 3
1832062804 1 3
1282727050.2901 2 3
1282727050.2901 2 3
1282727050.2901 3 4
1282727050.2901 4 4
1282727050.2901 4 4
1282727050.2901 5 4
1282727050.2901 6 5
1282727050.2901 7 5
1282727050.2901 7 5
1282727050.2901 8 5
1282727050.2901 9 6
1282727050.2901 9 6
1282727050.2901 10 6
1282727050.2901 10 6
1282727050.2901 11 6
1282727050.2901 12 6
1282727050.2901 13 7
1282727050.2901 14 7
1282727050.2901 15 8
1282727050.2901 15 8
1282727050.2901 15 8
1282727050.2901 16 8
1282727050.2901 17 8
1282727050.2901 18 9
1282727050.2901 19 9
1282727050.2901 20 9
1282727050.2901 21 9
1282727050.2901 22 10
1282727050.2901 23 10
1282727050.2901 24 10
1282727050.2901 25 10
1282727050.2901 25 10
1282727050.2901 25 10
1282727050.2901 26 11
1282727050.2901 27 11
1282727050.2901 27 11
1282727050.2901 27 11
1282727050.2901 28 11
1282727050.2901 29 11
1282727050.2901 30 12
1282727050.2901 31 12
1282727050.2901 32 13
1282727050.2901 33 14
1282727050.2901 34 14
1282727050.2901 35 14
1282727050.2901 36 14
1282727050.2901 37 15
1282727050.2901 38 15
1282727050.2901 39 15
1282727050.2901 40 15
1282727050.2901 41 16
1282727050.2901 42 16
1282727050.2901 43 16
1282727050.2901 44 17
1282727050.2901 45 17
1282727050.2901 45 17
1282727050.2901 46 17
1282727050.2901 47 18
1282727050.2901 48 18
1282727050.2901 49 18
1282727050.2901 50 18
1282727050.2901 51 19
1282727050.2901 52 19
1282727050.2901 53 19
1282727050.2901 53 19
1282727050.2901 54 19
1282727050.2901 54 19
1282727050.2901 55 20
1282727050.2901 55 20
1282727050.2901 56 20
1282727050.2901 57 20
1282727050.2901 58 21
1282727050.2901 59 21
1282727050.2901 60 21
1282727050.2901 60 21
1282727050.2901 61 22
1282727050.2901 62 22
1282727050.2901 63 22
1282727050.2901 63 22
1282727050.2901 64 23
1282727050.2901 65 23
1282727050.2901 66 23
1282727050.2901 67 23
1282727050.2901 68 24
1282727050.2901 69 24
1282727050.2901 70 24
1282727050.2901 71 25
1239529642.383 72 25
1239529642.383 73 26
1239529642.383 74 26
1239529642.383 75 26
1239529642.383 76 27
1239529642.383 77 27
1239529642.383 78 27
1239529642.383 79 27
1239529642.383 80 28
1239529642.383 81 28
1143469290 82 29
1143469290 83 29
1143469290 84 30
1143469290 85 30
1143469290 86 30
1143469290 87 31
1143469290 88 31
1143469290 89 31
1143469290 89 31
1143469290 90 31
1143469290 90 31
1143469290 90 31
1143469290 91 32
1143469290 92 32
1143469290 93 32
1143469290 94 33
1143469290 95 33
1143469290 96 33
1143469290 96 34
1143469290 97 34
1143469290 98 34
1143469290 99 34
1143469290 100 35
1143469290 101 35
1143469290 102 35
1143469290 103 36
1143469290 104 36
1143469290 105 36
1143469290 106 36
1143469290 107 37
1143469290 108 37
1143469290 108 37
1143469290 109 37
1143469290 110 38
1143469290 111 38
1143469290 112 38
1143469290 113 38
1143469290 114 39
1143469290 115 39
1143469290 116 39
1143469290 117 39
1143469290 118 40
1143469290 119 40
1143469290 120 40
1143469290 121 41
1143469290 121 41
1143469290 122 41
1143469290 123 41
1143469290 123 41
1143469290 124 41
1143469290 124 41
1143469290 125 42
1143469290 126 42
1143469290 127 43
1143469290 128 43
1143469290 129 43
1143469290 130 44
1143469290 131 44
1143469290 132 44
1143469290 133 45
1143469290 133 45
1143469290 134 45
1143469290 135 45
1143469290 136 46
1143469290 137 46
1143469290 138 46
1143469290 139 47
1143469290 140 47
1143469290 141 47
1143469290 142 48
1143469290 143 48
1143469290 144 48
1143469290 145 49
1143469290 146 49
1143469290 147 49
1143469290 148 50
1143469290 149 50
1143469290 149 50
1143469290 150 50
1143469290 151 51
1143469290 152 51
1143469290 153 52
1143469290 153 52
1143469290 154 52
1143469290 155 52
1143469290 156 54
1143469290 157 55
1143469290 158 55
1143469290 159 55
1143469290 159 55
1143469290 160 56
1143469290 161 56
1143469290 162 56
1143469290 162 56
1143469290 163 57
1143469290 164 57
1143469290 164 57
1143469290 165 57
1143469290 166 58
1143469290 167 58
1143469290 168 58
1143469290 168 58
1143469290 169 59
1143469290 170 59
1143469290 171 60
1143469290 172 60
1143469290 173 60
1143469290 174 60
1143469290 175 61
1143469290 176 61
1143469290 177 61
1143469290 178 62
1143469290 179 62
1143469290 180 62
1143469290 181 63
1143469290 182 63
1143469290 183 63
1143469290 184 64
1143469290 185 64
1143469290 186 64
1143469290 187 65
1143469290 188 65
1143469290 189 66
1143469290 189 66
1143469290 189 66
1143469290 190 66
1143469290 191 67
1143469290 192 67
1143469290 192 67
1143469290 193 67
1143469290 194 67
1143469290 195 68
1143469290 196 68
1143469290 197 68
1143469290 198 69
1143469290 199 69
1143469290 200 69
1143469290 201 70
1143469290 202 70
1143469290 203 70
1143469290 204 71
1143469290 204 71
1143469290 204 71
1143469290 205 72
1143469290 206 72
1143469290 207 72
1143469290 208 73
1143469290 209 73
1143469290 210 73
1143469290 210 73
1143469290 211 74
1143469290 212 74
1143469290 213 74
1143469290 214 74
1143469290 214 74
1143469290 215 75
1143469290 216 75
1143469290 217 75
1143469290 218 76
1143469290 219 76
1143469290 220 76
1143469290 221 77
1143469290 222 77
1143469290 223 78
1143469290 224 78
1143469290 225 78
1143469290 226 78
1143469290 226 78
1143469290 227 79
1143469290 228 79
1143469290 229 79
1143469290 230 80
1143469290 231 80
1143469290 232 81
1143469290 233 81
1143469290 234 81
1143469290 235 82
1143469290 236 82
1143469290 237 82
1143469290 237 82
1143469290 238 83
1143469290 239 83
1143469290 240 83
1143469290 240 83
1143469290 241 84
1143469290 242 84
1143469290 243 84
1143469290 244 85
1143469290 245 85
1143469290 246 85
1143469290 247 86
1143469290 248 86
1143469290 249 87
1143469290 250 87
1143469290 251 87
1143469290 252 88
1143469290 253 88
1143469290 254 89
1143469290 255 89
1143469290 256 89
1143469290 256 89
1143469290 257 90
1143469290 257 90
1143469290 258 90
1143469290 259 90
1143469290 260 91
1143469290 261 91
1143469290 262 91
1143469290 263 91
1143469290 264 92
1143469290 264 92
1143469290 265 92
1143469290 266 92
1143469290 267 93
1143469290 268 93
1143469290 269 93
1143469290 270 94
1143469290 271 94
1143469290 272 94
1143469290 273 95
1143469290 274 95
1143469290 275 95
1143469290 275 95
1143469290 276 95
1143469290 277 96
1143469290 278 96
1143469290 279 97
1143469290 280 97
1143469290 281 97
1143469290 281 97
1143469290 281 97
1143469290 282 97
1143469290 283 98
1143469290 284 98
1143469290 285 98
1143469290 286 99
1143469290 287 99
1143469290 288 99
1143469290 289 99
1143469290 290 100
1143469290 291 100
1143469290 292 100
1143469290 293 100
1143469290 294 101
1143469290 295 101
1143469290 296 101
1143469290 297 102
1143469290 297 102
1143469290 298 102
1143469290 299 103
1143469290 300 103
1143469290 301 103
1143469290 302 103
1143469290 303 104
1143469290 304 104
1143469290 305 105
1143469290 306 105
1143469290 307 105
1143469290 308 106
1143469290 309 106
1143469290 310 106
1143469290 311 106
1143469290 312 107
1143469290 313 107
1143469290 313 107
1143469290 314 107
1143469290 315 108
1143469290 315 108
1143469290 315 108
1143469290 316 108
1143469290 317 108
1143469290 318 109
1143469290 319 109
1143469290 320 109
1143469290 321 109
1143469290 322 110
1143469290 323 110
1143469290 324 111
1143469290 325 112
1143469290 326 112
1143469290 327 112
1143469290 328 112
1143469290 329 113
1143469290 330 113
1143469290 331 113
1143469290 331 113
1143469290 331 113
1143469290 332 114
1143469290 333 114
1143469290 334 114
1143469290 335 114
1143469290 336 115
1143469290 337 115
1143469290 338 115
1143469290 339 115
1143469290 340 116
1143469290 341 116
1143469290 342 116
1143469290 343 116
1143469290 344 117
1143469290 345 117
1143469290 346 117
1143469290 347 118
1143469290 348 118
1143469290 349 118
1143469290 350 118
1143469290 351 119
1143469290 352 119
1143469290 352 119
1143469290 353 119
1143469290 354 119
1143469290 354 119
1143469290 354 119
1143469290 355 120
1143469290 356 120
1143469290 357 121
1143469290 358 121
1143469290 359 121
1143469290 360 121
1143469290 361 122
1143469290 362 122
1143469290 363 122
1143469290 363 122
1143469290 364 123
1143469290 365 123
1143469290 366 123
1143469290 367 123
1143469290 368 124
1143469290 369 124
1143469290 369 124
1143469290 370 124
1143469290 371 125
1143469290 371 125
1143469290 372 125
1143469290 373 125
1143469290 373 125
1143469290 374 125
1143469290 375 126
1143469290 376 126
1143469290 377 127
1143469290 377 127
1143469290 378 128
1143469290 379 128
1143469290 380 129
1143469290 381 129
1143469290 382 129
1143469290 383 130
1143469290 384 130
1143469290 385 130
1143469290 386 131
1143469290 387 131
1143469290 388 132
1143469290 388 132
1143469290 389 133
1143469290 390 133
1143469290 391 133
1143469290 392 133
1143469290 393 134
1143469290 394 134
1143469290 395 134
1143469290 396 135
1143469290 397 135
1143469290 398 135
1143469290 399 135
1143469290 399 135
1143469290 400 136
1143469290 401 136
1143469290 401 136
1143469290 402 136
1143469290 403 137
1143469290 404 137
1143469290 404 137
1143469290 405 137
1143469290 406 138
1143469290 406 138
1143469290 406 138
1143469290 407 138
1143469290 408 138
1143469290 409 139
1143469290 410 139
1143469290 411 140
1143469290 412 140
1143469290 413 140
1143469290 414 141
1143469290 415 141
1143469290 416 142
1143469290 417 142
1143469290 418 142
1143469290 419 143
1143469290 420 143
1143469290 421 143
1143469290 422 144
1143469290 423 144
1143469290 424 145
1143469290 425 145
1143469290 426 145
1143469290 427 146
1143469290 428 146
1143469290 429 146
1143469290 430 147
1143469290 431 147
1143469290 432 147
1143469290 433 147
1143469290 434 148
1143469290 434 148
1143469290 435 148
1143469290 436 148
1143469290 437 149
1143469290 438 149
1143469290 439 149
1143469290 440 150
1143469290 441 150
1143469290 442 150
1143469290 442 150
1143469290 443 151
1143469290 444 151
1143469290 445 151
1143469290 446 152
1143469290 447 152
1143469290 448 152
1143469290 449 152
1143469290 450 153
1143469290 451 153
1143469290 452 153
1143469290 453 154
1143469290 454 154
1143469290 455 154
1143469290 456 155
1143469290 456 155
1143469290 457 155
1143469290 458 155
1143469290 459 155
1143469290 460 156
1143469290 461 156
1143469290 462 156
1143469290 463 157
1143469290 464 157
1143469290 465 158
1143469290 466 158
1143469290 467 158
1143469290 468 158
1143469290 469 160
1143469290 470 160
1143469290 471 160
1143469290 471 160
1143469290 472 160
1143469290 472 160
1143469290 473 161
1143469290 474 161
1143469290 475 161
1143469290 476 161
1143469290 477 162
1143469290 477 162
1143469290 478 162
1143469290 478 162
1143469290 479 162
1143469290 480 163
1143469290 481 163
1143469290 482 163
1143469290 483 163
1143469290 484 164
1143469290 485 164
1143469290 486 164
1143469290 486 164
1143469290 487 164
1143469290 488 164
1143469290 489 165
1143469290 490 165
1143469290 491 165
1143469290 492 166
1143469290 493 166
1143469290 494 166
1143469290 495 167
1143469290 496 167
1143469290 496 167
1143469290 497 167
1143469290 498 168
1143469290 499 168
1143469290 500 169
1143469290 501 169
1143469290 502 169
1143469290 503 170
1143469290 504 170
1143469290 505 170
1143469290 506 170
1143469290 507 171
1143469290 508 171
1143469290 509 171
1143469290 510 172
1143469290 511 172
1143469290 512 172
1143469290 512 172
1143469290 513 172
1143469290 514 173
1143469290 514 173
1143469290 515 173
1143469290 516 174
1143469290 517 174
1143469290 518 174
1143469290 519 175
1143469290 520 175
1143469290 521 175
1143469290 522 176
1143469290 523 176
1143469290 523 176
1143469290 524 176
1143469290 525 176
1143469290 526 177
1143469290 526 177
1143469290 527 177
1143469290 528 177
1143469290 529 178
1143469290 530 179
1143469290 531 179
1143469290 532 179
1143469290 533 180
1143469290 534 180
1143469290 535 181
1143469290 535 181
1143469290 536 181
1143469290 537 181
1143469290 538 182
1143469290 539 182
1143469290 540 182
1143469290 541 182
1143469290 542 183
1143469290 543 183
1143469290 544 183
1143469290 545 184
1143469290 545 184
1143469290 546 184
1143469290 547 184
1143469290 548 185
1143469290 549 185
1143469290 550 186
1143469290 551 186
1143469290 552 186
1143469290 553 186
1143469290 554 188
1143469290 555 188
1143469290 556 188
1143469290 557 189
1143469290 558 190
1143469290 559 190
1143469290 560 190
1143469290 561 190
1143469290 562 191
1143469290 563 191
1143469290 564 191
1143469290 565 192
1143469290 565 192
1143469290 565 192
1143469290 566 193
1143469290 567 193
1143469290 568 194
1143469290 569 194
1143469290 570 194
1143469290 571 195
1143469290 572 196
1143469290 573 196
1143469290 574 196
1143469290 574 196
1143469290 575 197
1143469290 576 197
1143469290 577 198
1143469290 578 198
1143469290 579 199
1143469290 580 199
1143469290 580 199
1143469290 581 200
1143469290 582 200
1143469290 583 200
1143469290 584 200
1143469290 585 201
1143469290 586 201
1143469290 587 201
1143469290 588 202
1143469290 589 202
1143469290 590 202
1143469290 591 202
1143469290 592 203
1143469290 592 203
1143469290 593 204
1143469290 594 204
1143469290 594 204
1143469290 595 204
1143469290 596 205
1143469290 597 205
1143469290 598 205
1143469290 599 206
1143469290 599 206
1143469290 600 206
1143469290 601 206
1143469290 602 207
1143469290 603 207
1143469290 604 208
1143469290 605 208
1143469290 606 208
1143469290 607 209
1143469290 608 209
1143469290 608 209
1143469290 609 209
1143469290 610 209
1143469290 610 209
1143469290 611 210
1143469290 612 210
1143469290 613 210
1143469290 614 211
1143469290 615 211
1143469290 615 211
1143469290 616 211
1143469290 616 212
1143469290 617 212
1143469290 618 212
1143469290 619 212
1143469290 620 213
1143469290 621 213
1143469290 621 213
1143469290 622 214
1143469290 623 214
1143469290 623 214
1143469290 624 215
1143469290 625 215
1143469290 626 215
1143469290 627 215
1143469290 628 216
1143469290 629 216
1143469290 629 216
1143469290 629 216
1143469290 630 216
1143469290 631 216
1143469290 632 217
1143469290 633 217
1143469290 633 217
1143469290 633 217
1143469290 634 218
1143469290 635 218
1143469290 636 218
1143469290 637 219
1143469290 638 219
1143469290 639 220
1143469290 640 220
1143469290 641 220
1143469290 642 220
1143469290 643 221
1143469290 644 221
1143469290 645 221
1143469290 646 221
1143469290 647 222
1143469290 648 222
1143469290 649 222
1143469290 650 223
1143469290 651 224
1143469290 652 224
1143469290 653 224
1143469290 654 224
1143469290 655 225
1143469290 656 226
1143469290 657 226
1143469290 657 226
1143469290 658 227
1143469290 659 227
1143469290 660 227
1143469290 661 227
1143469290 662 228
1143469290 663 228
1143469290 664 229
1143469290 665 229
1143469290 666 230
1143469290 667 230
1143469290 668 230
1143469290 669 230
1143469290 670 231
1143469290 671 231
1143469290 672 231
1143469290 673 232
1143469290 674 232
1143469290 675 232
1143469290 676 233
1143469290 677 233
1143469290 678 233
1143469290 678 233
1143469290 678 233
1143469290 679 233
1143469290 679 233
1143469290 680 234
1143469290 681 234
1143469290 682 234
1143469290 683 235
1143469290 684 236
1143469290 685 236
1143469290 686 236
1143469290 686 236
1143469290 687 237
1143469290 688 237
1143469290 689 237
1143469290 690 237
1143469290 691 238
1143469290 692 238
1143469290 692 238
1143469290 693 239
1143469290 694 239
1143469290 695 240
1143469290 696 240
1143469290 697 241
1143469290 697 241
1143469290 698 241
1143469290 699 241
1036693934 700 241
1036693934 700 241
1036693934 701 242
1036693934 702 242
1036693934 703 242
1036693934 704 243
1036693934 705 243
1036693934 705 243
1036693934 706 243
1036693934 707 243
1036693934 708 244
1036693934 709 244
1036693934 710 244
1036693934 711 244
1036693934 712 245
1036693934 713 245
1036693934 714 245
1036693934 715 246
1036693934 715 246
1036693934 716 246
1036693934 717 247
1036693934 718 248
1036693934 719 248
1036693934 720 249
1036693934 721 249
1036693934 722 249
1036693934 723 250
1036693934 724 250
1036693934 725 251
1036693934 726 252
1036693934 727 252
1036693934 727 252
1036693934 728 252
1036693934 729 252
1036693934 730 253
1036693934 731 253
1036693934 731 253
1036693934 732 253
1036693934 733 254
1036693934 734 254
1036693934 735 255
1036693934 736 255
1036693934 737 255
1036693934 737 255
1036693934 738 256
1036693934 739 256
1036693934 739 256
1036693934 740 256
1036693934 740 256
1036693934 741 257
1036693934 741 257
1036693934 742 257
1036693934 743 257
1036693934 744 258
1036693934 745 258
1036693934 746 259
1036693934 747 259
1036693934 747 259
1036693934 748 259
1036693934 749 260
1036693934 750 260
1036693934 750 260
1036693934 750 260
1036693934 751 261
1036693934 752 261
1036693934 753 261
1036693934 754 262
1036693934 755 262
1036693934 756 263
1036693934 757 263
1036693934 758 263
1036693934 759 264
1036693934 760 264
1036693934 761 264
1036693934 762 264
1036693934 763 265
1036693934 764 265
1036693934 764 265
1036693934 765 265
1036693934 766 266
1036693934 767 266
1036693934 768 266
1036693934 769 266
1036693934 770 267
1036693934 771 267
1036693934 772 268
1036693934 773 268
1036693934 774 268
1036693934 774 268
1036693934 775 268
1036693934 776 269
1036693934 777 269
1036693934 778 269
1036693934 779 269
1036693934 780 270
1036693934 781 270
1036693934 782 270
1036693934 783 271
1036693934 784 271
1036693934 785 271
1036693934 786 272
1036693934 787 272
1036693934 787 272
1036693934 788 272
1036693934 789 273
1036693934 790 273
1036693934 791 274
1036693934 792 275
1036693934 793 275
1036693934 794 275
1036693934 795 275
1036693934 795 275
1036693934 796 276
1036693934 797 276
1036693934 798 276
1036693934 799 277
1036693934 800 277
1036693934 801 277
1036693934 802 278
1036693934 802 278
1036693934 803 278
1036693934 804 279
1036693934 805 279
1036693934 806 280
1036693934 807 280
1036693934 808 280
1036693934 809 280
1036693934 810 281
1036693934 811 281
1036693934 811 281
1036693934 812 281
1036693934 813 282
1036693934 814 282
1036693934 815 282
1036693934 816 283
1036693934 817 283
1036693934 817 283
1036693934 817 283
1036693934 818 283
1036693934 819 283
1036693934 819 283
1036693934 820 284
1036693934 821 284
1036693934 822 285
1036693934 823 285
1036693934 824 286
1036693934 824 286
1036693934 825 287
1036693934 826 287
1036693934 827 287
1036693934 828 288
1036693934 829 288
1036693934 830 288
1036693934 831 289
1036693934 832 289
1036693934 833 289
1036693934 834 290
1036693934 835 290
1036693934 836 290
1036693934 837 290
1036693934 838 291
1036693934 839 291
1036693934 840 291
1036693934 841 293
1036693934 842 293
1036693934 843 293
1036693934 844 293
1036693934 845 294
1036693934 846 294
1036693934 846 294
1036693934 846 294
1036693934 847 294
1036693934 848 295
1036693934 849 295
1036693934 850 295
1036693934 851 295
1036693934 852 296
1036693934 852 296
1036693934 852 296
1036693934 853 296
1036693934 854 296
1036693934 855 297
1036693934 856 297
1036693934 857 298
1036693934 858 298
1036693934 859 298
1036693934 860 299
1036693934 861 299
1036693934 862 299
1036693934 863 300
1036693934 864 300
1036693934 865 300
1036693934 866 301
1036693934 867 301
1036693934 868 301
1036693934 869 301
1036693934 870 302
1036693934 871 302
1036693934 872 302
1036693934 873 303
1036693934 874 303
1036693934 875 303
1036693934 876 303
1036693934 877 304
1036693934 877 304
1036693934 878 304
1036693934 879 304
1036693934 880 305
1036693934 881 305
1036693934 882 305
1036693934 883 306
1036693934 884 306
1036693934 885 307
1036693934 886 307
1036693934 887 308
1036693934 888 308
1036693934 889 308
1036693934 890 308
1036693934 891 309
1036693934 892 309
1036693934 893 309
1036693934 894 310
1036693934 895 310
1036693934 896 311
1036693934 897 311
1036693934 898 311
1036693934 899 311
1036693934 900 312
1036693934 901 312
1036693934 902 312
1036693934 903 313
1036693934 904 313
1036693934 905 313
1036693934 906 313
1036693934 907 314
1036693934 908 314
1036693934 908 314
1036693934 909 314
1036693934 910 314
1036693934 911 315
1036693934 912 315
1036693934 913 315
1036693934 914 315
1036693934 915 316
1036693934 916 316
1036693934 917 316
1036693934 917 316
1036693934 917 316
1036693934 918 317
1036693934 919 317
1036693934 920 317
1036693934 921 318
1036693934 922 318
1036693934 923 318
1036693934 924 319
1036693934 925 319
1036693934 925 319
1036693934 925 319
1036693934 926 319
1036693934 927 320
1036693934 928 320
1036693934 929 320
1036693934 930 321
1036693934 931 321
1036693934 932 321
1036693934 933 321
1036693934 934 322
1036693934 935 322
1036693934 936 322
1036693934 937 323
1036693934 938 323
1036693934 939 323
1036693934 940 324
1036693934 941 324
1036693934 942 324
1036693934 943 325
1036693934 943 325
1036693934 943 325
1036693934 943 325
1036693934 944 325
1036693934 944 325
1036693934 945 325
1036693934 946 325
1036693934 947 326
1036693934 948 326
1036693934 949 326
1036693934 950 327
1036693934 951 327
1036693934 952 327
1036693934 953 328
1036693934 954 328
1036693934 955 328
1036693934 956 329
1036693934 957 330
1036693934 958 330
1036693934 959 330
1036693934 960 331
1036693934 961 331
1036693934 961 331
1036693934 962 331
1036693934 963 331
1036693934 964 332
1036693934 965 332
1036693934 966 332
1036693934 967 333
1036693934 968 333
1036693934 969 333
1036693934 970 333
1036693934 971 334
1036693934 972 334
1036693934 973 334
1036693934 974 335
1036693934 975 335
1036693934 976 336
1036693934 977 336
1036693934 978 336
1036693934 979 337
1036693934 979 337
1036693934 980 337
1036693934 981 338
1036693934 982 338
1036693934 983 338
1036693934 984 338
1036693934 985 339
1036693934 986 339
1036693934 987 339
1036693934 987 339
1036693934 987 339
1036693934 988 340
1036693934 988 340
1036693934 989 340
1036693934 989 340
1036693934 990 340
1036693934 991 340
1036693934 992 341
1036693934 993 342
1036693934 994 342
1036693934 995 342
1036693934 996 342
1036693934 997 343
1036693934 998 343
1036693934 999 343
1036693934 1000 344
1036693934 1001 344
1036693934 1001 344
1036693934 1002 344
1036693934 1003 345
1036693934 1004 345
1036693934 1005 345
1036693934 1005 345
1036693934 1006 345
1036693934 1007 346
1036693934 1008 346
1036693934 1009 347
1036693934 1010 347
1036693934 1011 347
1036693934 1012 347
1036693934 1013 348
1036693934 1014 348
1036693934 1015 348
1036693934 1016 349
1036693934 1017 349
1036693934 1018 349
1036693934 1019 350
1036693934 1020 350
1036693934 1020 350
1036693934 1021 350
1036693934 1021 350
1036693934 1022 350
1036693934 1023 351
1036693934 1024 351
1036693934 1025 351
1036693934 1026 352
1036693934 1027 352
1036693934 1028 353
1036693934 1028 353
1036693934 1029 353
1036693934 1030 354
1036693934 1030 354
1036693934 1031 354
1036693934 1032 355
1036693934 1033 355
1036693934 1033 355
1036693934 1034 355
1036693934 1034 355
1036693934 1034 355
1036693934 1035 356
1036693934 1035 356
1036693934 1036 356
1036693934 1036 356
1036693934 1037 356
1036693934 1038 356
1036693934 1039 357
1036693934 1040 358
1036693934 1041 358
1036693934 1042 358
1036693934 1042 358
1036693934 1043 359
1036693934 1044 359
1036693934 1045 359
1036693934 1046 359
1036693934 1046 359
1036693934 1047 360
1036693934 1048 360
1036693934 1048 360
1036693934 1049 360
1036693934 1050 361
1036693934 1051 361
1036693934 1052 362
1036693934 1053 363
1036693934 1053 363
1036693934 1054 363
1036693934 1055 363
1036693934 1056 365
1036693934 1057 365
1036693934 1058 366
1036693934 1059 366
1036693934 1060 366
1036693934 1061 368
1036693934 1062 368
1036693934 1062 368
1036693934 1063 368
1036693934 1063 368
1036693934 1064 369
1036693934 1064 369
1036693934 1065 369
1036693934 1066 369
1036693934 1067 370
1036693934 1068 370
1036693934 1069 370
1036693934 1070 371
1036693934 1071 371
1036693934 1072 372
1036693934 1073 372
1036693934 1073 372
1036693934 1074 373
1036693934 1075 373
1036693934 1076 373
1036693934 1077 374
1036693934 1078 374
1036693934 1079 374
1036693934 1080 374
1036693934 1081 375
1036693934 1082 375
1036693934 1082 375
1036693934 1082 375
1036693934 1083 375
1036693934 1084 375
1036693934 1085 376
1036693934 1086 376
1036693934 1087 376
1036693934 1087 376
1036693934 1088 377
1036693934 1089 377
1036693934 1090 377
1036693934 1091 378
1036693934 1091 378
1036693934 1092 378
1036693934 1093 378
1036693934 1093 378
1036693934 1094 378
1036693934 1095 379
1036693934 1096 380
1036693934 1097 380
1036693934 1098 380
1036693934 1099 380
1036693934 1100 381
1036693934 1101 381
1036693934 1102 381
1036693934 1103 381
1036693934 1104 382
1036693934 1105 382
1036693934 1106 382
1036693934 1107 382
1036693934 1108 383
1036693934 1109 383
1036693934 1110 383
1036693934 1111 384
1036693934 1112 384
1036693934 1113 384
1036693934 1114 385
1036693934 1115 385
1036693934 1116 385
1036693934 1117 385
1036693934 1118 386
1036693934 1119 386
1036693934 1120 386
1036693934 1121 387
1036693934 1122 387
1036693934 1123 388
1036693934 1124 388
1036693934 1125 388
1036693934 1125 388
1036693934 1126 389
1036693934 1127 389
1036693934 1127 389
1036693934 1128 389
1036693934 1128 389
1036693934 1129 390
1036693934 1130 390
1036693934 1130 390
1036693934 1131 391
1036693934 1132 391
1036693934 1133 392
1036693934 1134 393
1036693934 1135 393
1036693934 1136 394
1036693934 1137 394
1036693934 1138 394
1036693934 1139 394
1036693934 1140 395
1036693934 1141 395
1036693934 1142 395
1036693934 1143 396
1036693934 1144 396
1036693934 1144 396
1036693934 1145 396
1036693934 1146 397
1036693934 1147 397
1036693934 1148 397
1036693934 1149 398
1036693934 1150 398
1036693934 1151 399
1036693934 1152 399
1036693934 1153 400
1036693934 1153 400
1036693934 1154 400
1036693934 1155 400
1036693934 1155 400
1036693934 1156 401
1036693934 1157 401
1036693934 1158 401
1036693934 1159 401
1036693934 1160 402
1036693934 1160 402
1036693934 1161 402
1036693934 1161 402
1036693934 1162 402
1036693934 1163 403
1036693934 1164 403
1036693934 1165 403
1036693934 1166 404
1036693934 1167 405
1036693934 1168 405
1036693934 1169 405
1036693934 1170 405
1036693934 1170 405
1036693934 1171 406
1036693934 1172 406
1036693934 1172 406
1036693934 1173 406
1036693934 1174 407
1036693934 1175 408
1036693934 1176 408
1036693934 1177 408
1036693934 1178 408
1036693934 1179 409
1036693934 1180 409
1036693934 1181 409
1036693934 1182 410
1036693934 1183 411
1036693934 1183 411
1036693934 1184 411
1036693934 1185 411
1036693934 1186 412
1036693934 1187 412
1036693934 1188 412
1036693934 1189 412
1036693934 1189 412
1036693934 1190 413
1036693934 1191 413
1036693934 1192 414
1036693934 1193 414
1036693934 1194 414
1036693934 1195 415
1036693934 1196 415
1036693934 1196 415
1036693934 1197 415
1036693934 1198 416
1036693934 1199 416
1036693934 1200 416
1036693934 1201 417
1036693934 1202 417
1036693934 1203 417
1036693934 1204 417
1036693934 1205 418
1036693934 1206 418
1036693934 1207 418
1036693934 1208 418
1036693934 1209 419
1036693934 1209 419
1036693934 1209 419
1036693934 1210 419
1036693934 1211 419
1036693934 1212 420
1036693934 1212 420
1036693934 1213 420
1036693934 1213 420
1036693934 1214 421
1036693934 1215 421
1036693934 1216 422
1036693934 1217 422
1036693934 1218 423
1036693934 1219 423
1036693934 1220 423
1036693934 1221 424
1036693934 1222 424
1036693934 1223 424
1036693934 1224 425
1036693934 1225 425
1036693934 1226 425
1036693934 1227 426
1036693934 1228 426
1036693934 1229 426
1036693934 1230 427
1036693934 1231 427
1036693934 1232 428
1036693934 1233 428
1036693934 1234 428
1036693934 1234 428
1036693934 1235 428
1036693934 1236 429
1036693934 1236 429
1036693934 1236 429
1036693934 1237 429
1036693934 1238 430
1036693934 1239 430
1036693934 1240 430
1036693934 1241 431
1026861457.9647 1242 431
1026861457.9647 1243 431
1026861457.9647 1243 431
1026861457.9647 1244 432
1026861457.9647 1245 432
1026861457.9647 1246 432
1026861457.9647 1247 433
1026861457.9647 1248 433
1026861457.9647 1249 433
1026861457.9647 1250 433
1026861457.9647 1251 434
1026861457.9647 1252 434
1026861457.9647 1253 434
1026861457.9647 1254 434
1026861457.9647 1255 435
1026861457.9647 1256 435
1026861457.9647 1257 435
1026861457.9647 1258 436
1026861457.9647 1259 436
1026861457.9647 1260 436
1026861457.9647 1261 437
1026861457.9647 1262 437
1026861457.9647 1263 437
1026861457.9647 1264 438
1026861457.9647 1264 438
1026861457.9647 1265 438
1026861457.9647 1266 438
1026861457.9647 1267 439
1026861457.9647 1268 439
1026861457.9647 1269 440
1026861457.9647 1270 440
1026861457.9647 1271 440
1026861457.9647 1272 441
1026861457.9647 1273 441
1026861457.9647 1274 441
1026861457.9647 1275 442
1026861457.9647 1276 442
1026861457.9647 1276 442
1026861457.9647 1277 442
1026861457.9647 1278 442
1026861457.9647 1279 443
1026861457.9647 1280 443
1026861457.9647 1281 443
1026861457.9647 1282 444
1026861457.9647 1283 444
1026861457.9647 1284 444
1026861457.9647 1285 445
1026861457.9647 1286 445
1026861457.9647 1287 445
1026861457.9647 1288 445
1026861457.9647 1289 446
1026861457.9647 1290 446
1026861457.9647 1291 446
1026861457.9647 1292 447
1026861457.9647 1293 447
1026861457.9647 1294 447
1026861457.9647 1295 447
1026861457.9647 1296 448
1026861457.9647 1297 448
1026861457.9647 1298 448
1026861457.9647 1298 448
1026861457.9647 1298 448
1026861457.9647 1299 448
1026861457.9647 1300 449
1026861457.9647 1301 450
1026861457.9647 1302 450
1026861457.9647 1302 450
1026861457.9647 1303 450
1026861457.9647 1304 451
1026861457.9647 1305 451
1026861457.9647 1306 451
1026861457.9647 1307 452
1026861457.9647 1308 452
1026861457.9647 1309 452
1026861457.9647 1310 453
1026861457.9647 1311 453
1026861457.9647 1312 453
1026861457.9647 1313 453
1026861457.9647 1314 454
1026861457.9647 1315 454
1026861457.9647 1316 454
1026861457.9647 1317 455
1026861457.9647 1317 455
1026861457.9647 1318 455
1026861457.9647 1319 455
1026861457.9647 1320 455
1026861457.9647 1321 456
1026861457.9647 1322 457
1026861457.9647 1322 457
1026861457.9647 1323 457
1026861457.9647 1323 457
1026861457.9647 1324 457
1026861457.9647 1325 458
1026861457.9647 1326 458
1026861457.9647 1327 458
1026861457.9647 1328 459
1026861457.9647 1329 459
1026861457.9647 1330 459
1026861457.9647 1331 459
1026861457.9647 1332 460
1026861457.9647 1333 460
1026861457.9647 1334 460
1026861457.9647 1335 461
1026861457.9647 1335 461
1026861457.9647 1336 461
1026861457.9647 1337 461
1026861457.9647 1338 462
1026861457.9647 1339 462
1026861457.9647 1340 462
1026861457.9647 1341 463
1026861457.9647 1342 464
1026861457.9647 1343 464
1026861457.9647 1344 464
1026861457.9647 1345 464
1026861457.9647 1345 464
1026861457.9647 1346 465
1026861457.9647 1347 465
1026861457.9647 1348 465
1026861457.9647 1348 465
1026861457.9647 1349 466
1026861457.9647 1350 466
1026861457.9647 1351 466
1026861457.9647 1352 467
1026861457.9647 1353 467
1026861457.9647 1354 467
1026861457.9647 1355 468
1026861457.9647 1356 468
1026861457.9647 1357 468
1026861457.9647 1358 468
1026861457.9647 1359 469
1026861457.9647 1359 469
1026861457.9647 1360 469
1026861457.9647 1361 470
1026861457.9647 1361 470
1026861457.9647 1362 470
1026861457.9647 1363 470
1026861457.9647 1363 470
1026861457.9647 1364 471
1026861457.9647 1365 471
1026861457.9647 1366 471
1026861457.9647 1367 472
1026861457.9647 1368 472
1026861457.9647 1369 472
1026861457.9647 1370 472
1026861457.9647 1371 473
1026861457.9647 1372 473
1026861457.9647 1372 473
1026861457.9647 1373 473
1026861457.9647 1374 474
1026861457.9647 1374 474
1026861457.9647 1375 474
1026861457.9647 1376 474
1026861457.9647 1377 474
1026861457.9647 1377 475
1026861457.9647 1378 475
1026861457.9647 1379 475
1026861457.9647 1379 475
1026861457.9647 1379 475
1026861457.9647 1380 475
1026861457.9647 1381 476
1026861457.9647 1382 476
1026861457.9647 1383 476
1026861457.9647 1384 477
1026861457.9647 1385 477
1026861457.9647 1386 477
1026861457.9647 1387 478
1026861457.9647 1388 478
1026861457.9647 1388 478
1026861457.9647 1389 478
1026861457.9647 1390 478
1026861457.9647 1391 479
1026861457.9647 1392 479
1026861457.9647 1393 479
1026861457.9647 1394 480
1026861457.9647 1395 480
1026861457.9647 1396 480
1026861457.9647 1396 480
1026861457.9647 1396 480
1026861457.9647 1396 480
1026861457.9647 1396 480
1026861457.9647 1397 481
1026861457.9647 1398 481
1026861457.9647 1399 481
1026861457.9647 1400 482
1026861457.9647 1401 482
1026861457.9647 1401 482
1026861457.9647 1402 482
1026861457.9647 1402 482
1026861457.9647 1403 483
1026861457.9647 1404 483
1026861457.9647 1404 483
1026861457.9647 1405 484
1026861457.9647 1406 484
1026861457.9647 1407 484
1026861457.9647 1408 485
1026861457.9647 1409 485
1026861457.9647 1410 486
1026861457.9647 1411 486
1026861457.9647 1411 486
1026861457.9647 1412 487
1026861457.9647 1413 487
1026861457.9647 1413 487
1026861457.9647 1414 487
1026861457.9647 1415 488
1026861457.9647 1416 488
1026861457.9647 1416 488
1026861457.9647 1417 489
1026861457.9647 1418 489
1026861457.9647 1419 490
1026861457.9647 1420 490
1026861457.9647 1421 490
1026861457.9647 1422 491
1026861457.9647 1423 491
1026861457.9647 1424 491
1026861457.9647 1425 491
1026861457.9647 1426 492
1026861457.9647 1427 492
1026861457.9647 1428 492
1026861457.9647 1429 493
1026861457.9647 1430 494
1026861457.9647 1430 494
1026861457.9647 1430 494
1026861457.9647 1431 494
1026861457.9647 1432 495
1026861457.9647 1433 495
1026861457.9647 1434 495
1026861457.9647 1435 496
1026861457.9647 1436 496
1026861457.9647 1436 496
1026861457.9647 1437 496
1026861457.9647 1438 497
1026861457.9647 1439 498
1026861457.9647 1440 498
1026861457.9647 1440 498
1026861457.9647 1441 498
1026861457.9647 1442 499
1026861457.9647 1443 499
1026861457.9647 1444 500
1026861457.9647 1445 500
1026861457.9647 1446 500
1026861457.9647 1446 500
1026861457.9647 1447 500
1026861457.9647 1448 501
1026861457.9647 1449 501
1026861457.9647 1450 501
1026861457.9647 1451 502
1026861457.9647 1452 502
1026861457.9647 1453 503
1026861457.9647 1454 503
1026861457.9647 1454 503
1026861457.9647 1455 503
1026861457.9647 1456 504
1026861457.9647 1456 504
1026861457.9647 1457 505
1026861457.9647 1457 505
1026861457.9647 1458 505
1026861457.9647 1459 505
1026861457.9647 1459 505
1026861457.9647 1460 506
1026861457.9647 1461 506
1026861457.9647 1462 506
1026861457.9647 1463 507
1026861457.9647 1463 507
1026861457.9647 1463 507
1026861457.9647 1464 508
1026861457.9647 1465 508
1026861457.9647 1465 508
1026861457.9647 1466 508
1026861457.9647 1466 508
1026861457.9647 1466 508
1026861457.9647 1467 509
1026861457.9647 1467 509
1026861457.9647 1468 509
1026861457.9647 1469 509
1026861457.9647 1470 510
1026861457.9647 1471 510
1026861457.9647 1471 510
1026861457.9647 1472 511
1026861457.9647 1473 511
1026861457.9647 1474 511
1026861457.9647 1475 512
1026861457.9647 1476 512
1026861457.9647 1477 512
1026861457.9647 1478 512
1026861457.9647 1479 513
1026861457.9647 1480 513
1026861457.9647 1481 513
1026861457.9647 1482 513
1026861457.9647 1483 514
1026861457.9647 1484 514
1026861457.9647 1485 515
1026861457.9647 1486 515
1026861457.9647 1487 515
1026861457.9647 1488 516
1026861457.9647 1489 516
1026861457.9647 1489 516
1026861457.9647 1490 516
1026861457.9647 1491 517
1026861457.9647 1491 517
1026861457.9647 1492 517
1026861457.9647 1493 517
1026861457.9647 1493 517
1026861457.9647 1494 518
1026861457.9647 1494 518
1026861457.9647 1495 519
1026861457.9647 1496 519
1026861457.9647 1496 519
1026861457.9647 1496 519
1026861457.9647 1497 519
1026861457.9647 1498 520
1026861457.9647 1498 520
1026861457.9647 1499 520
1026861457.9647 1499 520
1026861457.9647 1499 520
1026861457.9647 1500 521
1026861457.9647 1501 522
1026861457.9647 1502 523
1026861457.9647 1503 523
1026861457.9647 1504 523
1026861457.9647 1505 524
1026861457.9647 1506 524
1026861457.9647 1507 524
1026861457.9647 1508 525
1026861457.9647 1509 526
1026861457.9647 1510 526
1026861457.9647 1511 526
1026861457.9647 1512 526
1026861457.9647 1513 527
1026861457.9647 1514 527
1026861457.9647 1515 527
1026861457.9647 1516 528
1026861457.9647 1517 528
1026861457.9647 1518 529
1026861457.9647 1519 529
1026861457.9647 1520 530
1026861457.9647 1520 530
1026861457.9647 1521 530
1026861457.9647 1522 531
1026861457.9647 1523 531
1026861457.9647 1523 531
1026861457.9647 1524 532
1026861457.9647 1524 532
1026861457.9647 1525 532
1026861457.9647 1526 533
1026861457.9647 1527 533
1026861457.9647 1528 533
1026861457.9647 1529 533
1026861457.9647 1529 533
1026861457.9647 1530 534
1026861457.9647 1531 534
1026861457.9647 1532 534
1026861457.9647 1533 534
1026861457.9647 1533 534
1026861457.9647 1534 535
1026861457.9647 1535 535
1026861457.9647 1536 535
1026861457.9647 1537 536
1026861457.9647 1538 537
1026861457.9647 1539 538
1026861457.9647 1540 539
1026861457.9647 1541 539
1026861457.9647 1542 539
1026861457.9647 1543 540
1026861457.9647 1544 541
1026861457.9647 1545 541
1026861457.9647 1546 541
1026861457.9647 1547 541
1026861457.9647 1547 542
1026861457.9647 1547 542
1026861457.9647 1548 542
1026861457.9647 1548 542
1026861457.9647 1549 542
1026861457.9647 1550 542
1026861457.9647 1551 543
1026861457.9647 1552 543
1026861457.9647 1553 543
1026861457.9647 1554 543
1026861457.9647 1555 544
1026861457.9647 1556 544
1026861457.9647 1557 544
1026861457.9647 1558 544
1026861457.9647 1558 544
1026861457.9647 1559 545
1026861457.9647 1560 546
1026861457.9647 1560 546
1026861457.9647 1561 546
1026861457.9647 1562 547
1026861457.9647 1563 547
1026861457.9647 1564 547
1026861457.9647 1565 548
1026861457.9647 1566 548
1026861457.9647 1567 548
1026861457.9647 1568 549
1026861457.9647 1568 549
1026861457.9647 1569 549
1026861457.9647 1570 549
1026861457.9647 1571 550
1026861457.9647 1572 550
1026861457.9647 1573 551
1026861457.9647 1574 551
1026861457.9647 1574 551
1026861457.9647 1575 551
1026861457.9647 1576 552
1026861457.9647 1577 553
1026861457.9647 1578 553
1026861457.9647 1579 553
1026861457.9647 1580 554
1026861457.9647 1580 554
1026861457.9647 1581 554
1026861457.9647 1582 555
1026861457.9647 1583 555
1026861457.9647 1584 556
1026861457.9647 1585 556
1026861457.9647 1586 556
1026861457.9647 1587 557
1026861457.9647 1588 557
1026861457.9647 1589 557
1026861457.9647 1590 557
1026861457.9647 1591 558
1026861457.9647 1592 558
1026861457.9647 1593 558
1026861457.9647 1594 559
1026861457.9647 1595 559
1026861457.9647 1596 559
1026861457.9647 1597 560
1026861457.9647 1598 561
1026861457.9647 1599 561
1026861457.9647 1600 561
1026861457.9647 1600 561
1026861457.9647 1601 561
1026861457.9647 1602 562
1026861457.9647 1603 563
1026861457.9647 1604 563
1026861457.9647 1605 563
1026861457.9647 1606 564
1026861457.9647 1606 564
1026861457.9647 1607 564
1026861457.9647 1608 564
1026861457.9647 1609 565
1026861457.9647 1610 565
1026861457.9647 1611 566
1026861457.9647 1611 566
1026861457.9647 1612 566
1026861457.9647 1613 566
1026861457.9647 1614 567
1026861457.9647 1615 567
1026861457.9647 1616 567
1026861457.9647 1617 568
1026861457.9647 1618 568
1026861457.9647 1619 568
1026861457.9647 1619 568
1026861457.9647 1620 568
1026861457.9647 1620 568
1026861457.9647 1621 569
1026861457.9647 1622 569
1026861457.9647 1623 569
1026861457.9647 1624 570
1026861457.9647 1625 570
1026861457.9647 1626 570
1026861457.9647 1626 570
1026861457.9647 1627 570
1026861457.9647 1628 571
1026861457.9647 1629 571
1026861457.9647 1629 571
1026861457.9647 1629 571
1026861457.9647 1630 571
1026861457.9647 1631 572
1026861457.9647 1631 572
1026861457.9647 1632 572
1026861457.9647 1633 573
1026861457.9647 1634 573
1026861457.9647 1635 574
1026861457.9647 1635 574
1026861457.9647 1635 574
1026861457.9647 1636 575
1026861457.9647 1637 575
1026861457.9647 1638 575
1026861457.9647 1638 575
1026861457.9647 1639 576
1026861457.9647 1640 576
1026861457.9647 1641 577
1026861457.9647 1641 577
1026861457.9647 1642 577
1026861457.9647 1642 577
1026861457.9647 1643 577
1026861457.9647 1644 578
1026861457.9647 1645 578
1026861457.9647 1646 579
1026861457.9647 1647 580
1026861457.9647 1648 580
1026861457.9647 1649 580
1026861457.9647 1650 581
1026861457.9647 1650 581
1026861457.9647 1651 581
1026861457.9647 1652 581
1026861457.9647 1653 582
1026861457.9647 1654 582
1026861457.9647 1655 582
1026861457.9647 1656 583
1026861457.9647 1657 583
1026861457.9647 1657 583
1026861457.9647 1657 583
1026861457.9647 1658 583
1026861457.9647 1659 584
1026861457.9647 1660 584
1026861457.9647 1661 584
1026861457.9647 1662 585
1026861457.9647 1663 585
1026861457.9647 1664 585
1026861457.9647 1665 586
1026861457.9647 1666 586
1026861457.9647 1667 586
1026861457.9647 1668 586
1026861457.9647 1669 587
1026861457.9647 1669 587
1026861457.9647 1670 587
1026861457.9647 1671 587
1026861457.9647 1672 587
1026861457.9647 1673 588
1026861457.9647 1674 588
1026861457.9647 1675 588
1026861457.9647 1676 589
1026861457.9647 1677 590
1026861457.9647 1678 590
1026861457.9647 1679 590
1026861457.9647 1680 590
1026861457.9647 1681 591
1026861457.9647 1682 591
1026861457.9647 1683 591
1026861457.9647 1684 592
1026861457.9647 1685 592
1026861457.9647 1686 592
1026861457.9647 1686 592
1026861457.9647 1687 593
1026861457.9647 1688 593
1026861457.9647 1689 593
1026861457.9647 1690 593
1026861457.9647 1691 594
1026861457.9647 1692 594
1026861457.9647 1692 594
1026861457.9647 1692 594
1026861457.9647 1693 594
1026861457.9647 1694 595
1026861457.9647 1695 595
1026861457.9647 1696 595
1026861457.9647 1697 595
1026861457.9647 1698 596
1026861457.9647 1698 596
1026861457.9647 1699 596
1026861457.9647 1700 596
1026861457.9647 1701 596
1026861457.9647 1701 597
1026861457.9647 1702 597
1026861457.9647 1703 597
1026861457.9647 1704 597
1026861457.9647 1705 598
1026861457.9647 1706 599
1026861457.9647 1707 599
1026861457.9647 1708 599
1026861457.9647 1709 600
1026861457.9647 1710 600
1026861457.9647 1710 600
1026861457.9647 1711 600
1026861457.9647 1712 600
1026861457.9647 1713 601
