1536902636 1 4
1536902636 2 4
1536902636 3 4
1536902636 4 5
1536902636 5 5
1536902636 6 5
1536902636 6 5
1536902636 7 6
1536902636 8 6
1536902636 9 6
1536902636 10 6
1536902636 11 7
1332763173 12 7
1332763173 13 7
1320900142 14 8
1320900142 15 8
1320900142 16 9
1320900142 17 9
1320900142 18 9
1320900142 19 9
1320900142 20 10
1320900142 21 10
1320900142 21 10
1320900142 22 11
1320900142 23 11
1320900142 24 11
1320900142 24 11
1320900142 24 12
1320900142 24 12
1320900142 25 12
1320900142 26 14
1320900142 27 14
1320900142 28 14
1320900142 28 14
1320900142 29 14
1320900142 30 15
1320900142 31 15
1320900142 32 15
1320900142 33 16
1320900142 34 16
1320900142 35 16
1320900142 35 16
1320900142 36 17
1320900142 37 17
1320900142 38 17
1320900142 39 18
1320900142 40 18
1320900142 41 19
1320900142 42 19
1320900142 42 19
1320900142 43 19
1320900142 44 20
1320900142 45 20
1320900142 46 20
1320900142 46 20
1320900142 47 21
1320900142 48 21
1164098378 49 22
1164098378 50 22
1164098378 51 22
1164098378 52 23
1164098378 53 23
1164098378 54 23
1164098378 55 24
1164098378 56 24
1164098378 57 24
1164098378 58 24
1164098378 59 25
1164098378 60 25
948178144 61 25
948178144 61 25
948178144 62 26
948178144 63 26
948178144 64 26
948178144 65 27
948178144 66 27
948178144 67 28
948178144 68 28
948178144 69 29
948178144 70 29
948178144 71 29
948178144 72 30
948178144 73 30
948178144 74 31
948178144 74 31
948178144 75 31
948178144 76 31
948178144 77 32
948178144 78 32
948178144 79 33
948178144 80 33
948178144 81 34
948178144 82 34
948178144 83 35
948178144 84 35
948178144 85 35
948178144 85 35
948178144 86 36
948178144 86 36
948178144 86 36
948178144 86 36
948178144 87 36
948178144 88 36
948178144 89 37
948178144 90 37
948178144 91 38
948178144 92 38
948178144 93 38
948178144 94 38
948178144 95 39
948178144 96 39
948178144 97 39
948178144 97 39
948178144 97 39
948178144 98 40
948178144 99 40
948178144 100 40
948178144 101 41
948178144 102 41
948178144 103 42
948178144 104 42
948178144 105 42
948178144 106 43
948178144 107 43
948178144 108 43
948178144 109 43
948178144 110 44
948178144 111 44
948178144 111 44
948178144 112 44
948178144 113 45
948178144 114 45
948178144 114 45
948178144 115 46
948178144 116 46
948178144 117 47
948178144 118 47
948178144 119 48
948178144 120 49
948178144 121 49
948178144 122 49
948178144 123 49
948178144 124 50
948178144 125 50
948178144 126 51
948178144 127 52
948178144 128 52
948178144 129 52
948178144 130 53
948178144 131 53
948178144 132 53
948178144 133 54
948178144 134 54
948178144 135 54
948178144 136 54
948178144 137 55
948178144 138 55
948178144 139 55
948178144 140 56
948178144 141 56
948178144 142 56
948178144 143 57
948178144 144 57
948178144 145 57
948178144 146 58
948178144 147 58
948178144 148 58
948178144 149 58
948178144 150 59
948178144 151 59
948178144 152 59
948178144 153 59
948178144 154 60
948178144 154 60
948178144 155 60
948178144 156 60
948178144 157 60
948178144 158 61
948178144 159 61
948178144 160 61
948178144 161 62
948178144 161 62
948178144 162 62
948178144 163 62
948178144 164 62
948178144 165 63
948178144 165 63
948178144 166 63
948178144 167 63
948178144 168 63
948178144 169 64
948178144 170 65
948178144 171 65
948178144 172 65
948178144 172 65
948178144 173 66
948178144 174 66
948178144 175 66
948178144 175 66
948178144 176 67
948178144 177 67
948178144 178 67
948178144 179 67
948178144 180 68
948178144 181 68
948178144 182 68
948178144 183 69
948178144 184 69
948178144 185 69
948178144 186 69
948178144 187 70
948178144 188 70
948178144 189 70
948178144 190 70
948178144 191 71
948178144 192 71
948178144 193 72
948178144 194 72
948178144 194 72
948178144 195 73
948178144 196 73
948178144 197 73
948178144 198 74
948178144 199 74
948178144 200 74
948178144 201 75
948178144 201 75
948178144 202 75
948178144 203 75
948178144 204 76
948178144 204 76
948178144 205 76
948178144 206 76
948178144 207 77
948178144 208 77
948178144 209 77
948178144 209 77
948178144 209 77
948178144 210 77
948178144 211 78
948178144 212 78
948178144 213 78
948178144 214 78
948178144 214 78
948178144 215 79
948178144 216 79
948178144 217 79
948178144 217 80
948178144 218 80
948178144 219 80
948178144 220 81
948178144 221 81
948178144 221 81
948178144 222 81
948178144 222 81
948178144 223 82
948178144 224 82
948178144 225 82
948178144 226 83
948178144 227 83
948178144 228 83
948178144 229 83
948178144 230 84
948178144 231 84
948178144 232 86
948178144 232 86
948178144 233 86
948178144 234 86
948178144 235 87
948178144 235 87
948178144 236 87
948178144 237 87
948178144 238 88
948178144 239 88
948178144 240 88
948178144 241 89
948178144 242 90
948178144 242 90
948178144 243 90
948178144 244 90
948178144 245 90
948178144 246 91
948178144 246 91
948178144 247 91
948178144 248 91
948178144 249 92
948178144 250 92
948178144 251 92
948178144 252 93
948178144 253 93
948178144 254 93
948178144 255 94
948178144 256 94
948178144 257 94
948178144 258 94
948178144 259 95
948178144 260 95
948178144 261 96
948178144 262 97
948178144 263 97
948178144 264 98
948178144 265 98
948178144 266 98
948178144 267 99
948178144 268 99
948178144 269 100
948178144 270 100
948178144 271 100
948178144 271 100
948178144 272 101
948178144 273 101
948178144 274 101
948178144 275 101
948178144 275 101
948178144 275 102
948178144 276 102
948178144 276 102
948178144 277 102
948178144 277 102
948178144 278 103
948178144 279 103
948178144 280 103
948178144 281 103
948178144 282 104
948178144 283 104
948178144 284 105
948178144 285 105
948178144 286 105
948178144 287 105
948178144 288 106
948178144 289 106
948178144 289 106
948178144 290 106
948178144 291 107
948178144 291 107
948178144 292 107
948178144 293 107
948178144 294 108
948178144 295 108
948178144 296 108
948178144 297 108
948178144 298 109
948178144 299 109
948178144 300 109
948178144 301 110
948178144 301 110
948178144 302 110
948178144 303 111
948178144 304 111
948178144 305 111
948178144 306 111
948178144 307 112
948178144 308 112
948178144 309 112
948178144 310 112
948178144 311 113
948178144 312 113
948178144 313 113
948178144 314 114
948178144 315 114
948178144 316 114
948178144 317 114
948178144 318 115
948178144 318 115
948178144 319 115
948178144 320 115
948178144 321 115
948178144 322 116
948178144 323 116
948178144 324 116
948178144 325 117
948178144 326 117
948178144 327 118
948178144 328 119
948178144 329 120
948178144 329 120
948178144 330 120
948178144 331 120
948178144 332 121
948178144 333 121
948178144 334 121
948178144 335 121
948178144 336 122
948178144 337 122
948178144 338 122
948178144 339 123
948178144 340 123
948178144 341 124
948178144 342 124
948178144 343 124
948178144 344 124
948178144 345 125
948178144 346 125
948178144 347 125
948178144 348 126
948178144 349 126
948178144 350 127
948178144 351 127
948178144 352 128
948178144 353 128
948178144 354 128
948178144 355 129
948178144 356 130
948178144 356 130
948178144 357 130
948178144 358 130
948178144 359 130
948178144 360 131
948178144 361 131
948178144 362 131
948178144 363 132
948178144 363 132
948178144 364 132
948178144 365 133
948178144 366 134
948178144 367 134
948178144 368 134
948178144 369 135
948178144 370 135
948178144 371 135
948178144 372 136
948178144 373 136
948178144 374 137
948178144 375 137
948178144 376 137
948178144 377 138
948178144 378 138
948178144 379 139
948178144 379 139
948178144 380 139
948178144 381 139
948178144 382 139
948178144 383 140
948178144 384 140
948178144 385 140
948178144 386 141
948178144 386 141
948178144 387 141
948178144 388 141
948178144 389 141
948178144 389 141
948178144 390 142
948178144 391 142
948178144 392 142
948178144 393 143
948178144 394 143
948178144 395 143
948178144 396 143
948178144 397 144
948178144 398 144
948178144 399 144
948178144 400 145
948178144 401 146
948178144 402 146
948178144 403 146
948178144 403 147
948178144 404 147
948178144 405 147
948178144 406 147
948178144 407 148
948178144 408 148
948178144 409 148
948178144 410 149
948178144 411 149
948178144 412 149
948178144 413 150
948178144 414 150
948178144 415 150
948178144 416 150
948178144 416 150
948178144 417 151
948178144 418 151
948178144 419 152
948178144 420 152
948178144 421 152
948178144 422 152
948178144 423 153
948178144 424 153
948178144 424 153
948178144 425 154
948178144 426 154
948178144 427 154
948178144 427 154
948178144 428 155
948178144 429 155
948178144 430 155
948178144 430 155
948178144 431 156
948178144 432 156
948178144 433 156
948178144 433 156
948178144 434 157
948178144 435 157
948178144 436 157
948178144 436 157
948178144 437 157
948178144 438 158
948178144 439 158
948178144 440 159
948178144 440 159
948178144 441 160
948178144 441 160
948178144 442 160
948178144 443 160
948178144 444 161
948178144 445 162
948178144 446 162
948178144 447 162
948178144 448 162
948178144 449 163
948178144 449 163
948178144 450 164
948178144 451 164
948178144 452 164
948178144 453 164
948178144 454 165
948178144 455 165
948178144 456 166
948178144 456 166
948178144 457 166
948178144 458 166
948178144 459 166
948178144 460 167
948178144 461 168
948178144 461 168
948178144 462 168
948178144 463 169
948178144 464 169
948178144 465 170
948178144 466 170
948178144 467 170
948178144 468 171
948178144 469 171
948178144 470 171
948178144 471 172
948178144 472 172
948178144 473 172
948178144 474 172
948178144 475 173
948178144 476 173
948178144 477 174
948178144 478 174
948178144 479 174
948178144 479 174
948178144 480 175
948178144 480 175
948178144 481 175
948178144 482 176
948178144 483 176
948178144 484 176
948178144 485 176
948178144 485 176
948178144 486 177
948178144 487 177
948178144 487 177
948178144 488 177
948178144 489 178
948178144 489 178
948178144 490 179
948178144 491 179
948178144 492 179
948178144 493 180
948178144 493 180
948178144 493 180
948178144 494 180
948178144 495 180
948178144 496 181
948178144 497 181
948178144 498 181
948178144 499 182
948178144 500 182
948178144 501 182
948178144 502 182
948178144 503 183
948178144 504 183
948178144 505 183
948178144 506 184
948178144 506 184
948178144 507 184
948178144 508 184
948178144 509 184
948178144 509 184
948178144 510 185
948178144 511 185
948178144 512 185
948178144 513 185
948178144 514 186
948178144 515 186
948178144 516 187
948178144 517 187
948178144 518 188
948178144 519 188
948178144 520 188
948178144 521 188
948178144 522 189
948178144 523 189
948178144 524 189
948178144 525 190
948178144 525 190
948178144 526 190
948178144 527 190
948178144 528 191
948178144 529 192
948178144 530 192
948178144 531 192
948178144 532 192
948178144 533 193
948178144 534 193
948178144 535 193
948178144 536 194
948178144 537 194
948178144 538 194
948178144 539 194
948178144 540 195
948178144 540 195
948178144 541 195
948178144 542 196
948178144 543 196
948178144 544 196
948178144 545 196
948178144 546 197
948178144 547 197
948178144 547 197
948178144 548 197
948178144 549 198
948178144 550 198
948178144 550 198
948178144 551 198
948178144 552 199
948178144 553 199
948178144 554 199
948178144 555 200
948178144 556 200
948178144 557 200
948178144 558 201
948178144 559 201
948178144 560 201
948178144 561 202
948178144 562 202
948178144 562 202
948178144 563 202
948178144 564 202
948178144 565 203
948178144 566 203
948178144 567 204
948178144 568 204
948178144 569 204
948178144 570 204
948178144 571 205
948178144 571 205
948178144 572 205
948178144 573 205
948178144 574 206
948178144 575 206
948178144 576 206
948178144 577 206
948178144 577 206
948178144 577 207
948178144 578 207
948178144 579 207
948178144 580 208
948178144 581 208
948178144 582 209
948178144 583 209
948178144 584 209
948178144 585 210
948178144 586 210
948178144 587 210
948178144 588 210
948178144 589 211
948178144 590 211
948178144 591 211
948178144 592 212
948178144 593 212
948178144 594 212
948178144 595 213
948178144 596 213
948178144 597 213
948178144 598 213
948178144 599 214
948178144 600 214
948178144 601 214
948178144 602 215
948178144 603 215
948178144 604 216
948178144 605 217
948178144 606 217
948178144 607 217
948178144 608 218
948178144 609 219
948178144 610 219
948178144 611 219
948178144 612 219
948178144 613 220
948178144 614 220
948178144 614 220
948178144 614 220
948178144 614 220
948178144 615 220
948178144 616 221
948178144 617 221
948178144 618 221
948178144 619 222
948178144 620 222
948178144 621 222
948178144 622 223
948178144 622 223
948178144 623 223
948178144 624 224
948178144 625 224
948178144 625 224
948178144 626 224
948178144 627 224
948178144 628 225
948178144 629 225
948178144 630 225
948178144 631 225
948178144 632 226
948178144 633 226
948178144 634 226
948178144 635 227
948178144 636 227
948178144 637 227
948178144 638 227
948178144 639 228
948178144 640 228
948178144 641 228
948178144 642 228
948178144 643 229
948178144 644 229
948178144 645 229
948178144 646 230
948178144 647 230
948178144 648 230
948178144 649 231
948178144 650 232
948178144 651 232
948178144 652 232
948178144 653 233
948178144 653 233
948178144 654 233
948178144 655 233
948178144 656 234
948178144 657 234
948178144 658 235
948178144 659 235
948178144 660 235
948178144 661 235
948178144 662 236
948178144 663 236
948178144 664 236
948178144 665 236
948178144 666 237
948178144 667 237
948178144 668 237
948178144 669 238
948178144 670 238
948178144 671 238
948178144 672 238
948178144 673 239
948178144 674 239
948178144 675 239
948178144 676 240
948178144 677 240
948178144 678 240
948178144 679 240
948178144 680 241
948178144 681 241
948178144 682 241
948178144 683 241
948178144 684 242
948178144 685 242
948178144 686 242
948178144 687 242
948178144 688 243
948178144 688 243
948178144 689 243
948178144 690 244
948178144 690 244
948178144 690 244
948178144 691 244
948178144 692 244
948178144 692 244
948178144 693 245
948178144 694 245
948178144 695 245
948178144 696 245
948178144 697 246
948178144 698 246
948178144 699 246
948178144 700 247
948178144 701 247
948178144 702 247
948178144 702 247
948178144 703 248
948178144 704 248
948178144 705 248
948178144 706 249
948178144 707 249
948178144 708 249
948178144 709 250
948178144 710 250
948178144 711 250
948178144 712 250
948178144 713 251
948178144 714 251
948178144 715 251
948178144 716 252
948178144 717 252
948178144 718 253
948178144 719 253
948178144 720 253
948178144 721 253
948178144 721 253
948178144 722 254
948178144 723 254
948178144 724 255
948178144 725 255
948178144 726 255
948178144 727 255
948178144 728 256
948178144 729 257
948178144 730 257
948178144 731 257
948178144 732 258
948178144 733 258
948178144 734 258
948178144 735 258
948178144 736 259
948178144 736 259
948178144 737 260
948178144 738 261
948178144 739 261
948178144 739 261
948178144 740 261
948178144 740 262
948178144 741 262
948178144 741 262
948178144 741 262
948178144 742 262
948178144 743 263
948178144 744 264
948178144 745 264
948178144 746 264
948178144 747 265
948178144 748 265
948178144 749 265
948178144 750 266
948178144 751 266
948178144 752 266
948178144 753 267
948178144 754 268
948178144 755 268
948178144 756 268
948178144 757 268
948178144 758 269
948178144 759 269
948178144 760 269
948178144 761 270
948178144 762 270
948178144 763 270
948178144 764 270
948178144 765 271
948178144 766 271
948178144 767 271
948178144 768 272
948178144 769 272
948178144 769 272
948178144 770 273
948178144 770 273
948178144 771 273
948178144 772 273
948178144 773 274
948178144 774 274
948178144 775 274
948178144 776 274
948178144 776 275
948178144 777 275
948178144 778 275
948178144 779 275
948178144 780 276
948178144 781 276
948178144 782 276
948178144 783 277
948178144 784 277
948178144 785 277
948178144 785 278
948178144 786 278
948178144 787 278
948178144 788 279
948178144 789 279
948178144 790 279
948178144 791 279
948178144 792 280
948178144 793 280
948178144 794 280
948178144 794 281
948178144 795 281
948178144 796 281
948178144 796 281
948178144 797 281
948178144 798 282
948178144 799 282
948178144 800 282
948178144 801 282
948178144 802 283
948178144 803 283
948178144 804 284
948178144 805 284
948178144 806 284
948178144 807 285
948178144 808 285
948178144 809 286
948178144 810 286
948178144 810 286
948178144 811 287
948178144 812 287
948178144 813 287
948178144 814 288
948178144 815 288
948178144 816 288
948178144 816 288
948178144 817 289
948178144 818 289
948178144 819 289
948178144 820 290
948178144 821 290
948178144 822 290
948178144 823 290
948178144 823 290
948178144 823 290
948178144 824 291
948178144 825 291
948178144 826 291
948178144 827 292
948178144 828 292
948178144 829 292
948178144 830 293
948178144 830 293
948178144 830 293
948178144 831 293
948178144 832 294
948178144 833 294
948178144 834 294
948178144 835 295
948178144 836 295
948178144 837 295
948178144 837 295
948178144 838 296
948178144 838 296
948178144 839 297
948178144 840 298
948178144 841 298
948178144 841 298
948178144 842 298
948178144 843 299
948178144 844 299
948178144 845 300
948178144 846 300
948178144 847 301
948178144 848 301
948178144 849 302
948178144 850 303
948178144 851 303
948178144 852 303
948178144 853 304
948178144 854 304
948178144 855 304
948178144 856 304
948178144 857 305
948178144 858 306
948178144 859 306
948178144 860 306
948178144 861 306
948178144 862 307
948178144 862 307
948178144 863 307
948178144 864 307
948178144 865 308
948178144 865 308
948178144 866 308
948178144 867 309
948178144 867 309
948178144 868 309
948178144 868 309
948178144 869 309
948178144 870 310
948178144 871 310
948178144 871 310
948178144 872 311
948178144 873 311
948178144 874 311
948178144 875 312
948178144 876 312
948178144 877 312
948178144 878 313
948178144 879 313
948178144 880 313
948178144 881 314
948178144 882 314
948178144 883 314
948178144 884 314
948178144 885 315
948178144 885 315
948178144 886 315
948178144 886 315
948178144 887 315
948178144 888 316
948178144 889 317
948178144 890 317
948178144 891 317
948178144 892 318
948178144 893 318
948178144 894 318
948178144 894 318
948178144 895 319
948178144 896 319
948178144 897 319
948178144 898 320
948178144 898 320
948178144 899 320
948178144 900 320
948178144 901 320
948178144 902 321
948178144 902 321
948178144 903 321
948178144 903 321
948178144 904 322
948178144 905 322
948178144 906 322
948178144 907 322
948178144 907 322
948178144 908 323
948178144 909 323
948178144 910 323
948178144 910 323
948178144 911 324
948178144 912 324
948178144 913 324
948178144 913 324
948178144 914 325
948178144 915 326
948178144 916 326
948178144 916 326
948178144 917 326
948178144 918 326
948178144 919 327
948178144 920 327
948178144 921 327
948178144 922 327
948178144 923 328
948178144 924 328
948178144 925 328
948178144 926 329
948178144 927 329
948178144 927 329
948178144 928 329
948178144 929 330
948178144 930 330
948178144 930 330
948178144 931 330
948178144 932 330
948178144 933 331
948178144 934 331
948178144 934 331
948178144 934 331
948178144 935 332
948178144 936 332
948178144 937 333
948178144 938 333
948178144 939 333
948178144 940 333
948178144 940 334
948178144 941 334
948178144 941 334
948178144 942 334
948178144 943 335
948178144 944 335
948178144 945 335
948178144 945 335
948178144 946 336
948178144 946 336
948178144 947 336
948178144 948 337
948178144 949 338
948178144 950 338
948178144 951 339
948178144 952 339
948178144 953 340
948178144 954 340
948178144 955 340
948178144 955 340
948178144 956 340
948178144 956 340
948178144 957 341
948178144 958 342
948178144 959 342
948178144 960 343
948178144 961 343
948178144 961 343
948178144 962 344
948178144 963 344
948178144 964 344
948178144 964 344
948178144 965 345
948178144 966 345
948178144 967 345
948178144 968 346
948178144 969 347
948178144 970 347
948178144 971 348
948178144 972 348
948178144 973 349
948178144 974 349
948178144 975 350
948178144 976 350
948178144 977 350
948178144 978 351
948178144 979 351
948178144 980 351
948178144 981 352
948178144 982 352
948178144 982 352
948178144 983 352
948178144 984 352
948178144 985 353
948178144 986 353
948178144 987 353
948178144 988 354
948178144 989 354
948178144 990 354
948178144 991 355
948178144 992 355
948178144 993 355
948178144 994 356
948178144 995 356
948178144 996 357
948178144 997 358
948178144 998 358
948178144 999 358
948178144 1000 359
948178144 1000 359
948178144 1001 360
948178144 1001 360
948178144 1002 360
948178144 1003 360
948178144 1004 361
948178144 1005 361
948178144 1006 361
948178144 1007 362
948178144 1008 363
948178144 1009 363
948178144 1010 363
948178144 1011 364
948178144 1012 364
948178144 1013 365
948178144 1014 365
948178144 1015 365
948178144 1016 366
948178144 1017 368
948178144 1018 368
948178144 1019 368
948178144 1020 368
948178144 1021 369
948178144 1022 369
948178144 1023 369
948178144 1024 370
948178144 1025 371
948178144 1026 371
948178144 1027 371
948178144 1028 372
948178144 1029 372
948178144 1030 372
948178144 1031 372
948178144 1032 373
948178144 1033 373
948178144 1034 373
948178144 1035 373
948178144 1036 374
948178144 1037 374
948178144 1038 374
948178144 1039 374
948178144 1040 375
948178144 1041 375
948178144 1042 376
948178144 1043 376
948178144 1044 377
948178144 1045 377
948178144 1046 378
948178144 1047 378
948178144 1047 378
948178144 1048 378
948178144 1049 379
948178144 1050 379
948178144 1051 380
948178144 1052 380
948178144 1053 380
948178144 1054 380
948178144 1055 381
948178144 1056 381
948178144 1056 381
948178144 1057 381
948178144 1058 382
948178144 1059 382
948178144 1060 383
948178144 1061 384
948178144 1061 384
948178144 1062 384
948178144 1063 384
948178144 1064 384
948178144 1065 385
948178144 1066 385
948178144 1067 385
948178144 1068 386
948178144 1069 386
948178144 1070 386
948178144 1071 386
948178144 1072 387
948178144 1073 387
948178144 1074 388
948178144 1075 388
948178144 1076 389
948178144 1077 389
948178144 1078 390
948178144 1079 390
948178144 1080 390
948178144 1081 391
948178144 1082 391
948178144 1083 391
948178144 1084 392
948178144 1085 392
948178144 1085 392
948178144 1086 392
948178144 1087 393
948178144 1088 393
948178144 1088 393
948178144 1089 393
948178144 1090 394
948178144 1091 394
948178144 1092 395
948178144 1093 395
948178144 1094 395
948178144 1095 396
948178144 1096 396
948178144 1097 396
948178144 1097 396
948178144 1098 397
948178144 1099 397
948178144 1100 397
948178144 1101 398
948178144 1102 398
948178144 1103 399
948178144 1103 399
948178144 1104 399
948178144 1104 399
948178144 1105 399
948178144 1106 399
948178144 1107 400
948178144 1108 400
948178144 1108 400
948178144 1109 400
948178144 1110 401
948178144 1110 401
948178144 1111 401
948178144 1112 401
948178144 1112 401
948178144 1113 402
948178144 1114 402
948178144 1115 402
948178144 1116 402
948178144 1116 402
948178144 1117 403
948178144 1118 403
948178144 1118 403
948178144 1119 403
948178144 1120 404
948178144 1120 404
948178144 1121 404
948178144 1122 404
948178144 1123 405
948178144 1124 406
948178144 1125 406
948178144 1126 406
948178144 1127 406
948178144 1128 407
948178144 1129 408
948178144 1130 408
948178144 1131 409
948178144 1132 409
948178144 1133 409
948178144 1134 410
948178144 1135 410
948178144 1136 410
948178144 1137 410
948178144 1138 411
948178144 1139 411
948178144 1140 411
948178144 1141 412
948178144 1141 412
948178144 1142 412
948178144 1142 412
948178144 1143 412
948178144 1143 412
948178144 1144 413
948178144 1145 413
948178144 1146 413
948178144 1147 413
948178144 1148 414
948178144 1149 415
948178144 1150 416
948178144 1151 416
948178144 1152 416
948178144 1153 417
948178144 1154 417
948178144 1155 417
948178144 1156 418
948178144 1157 418
948178144 1158 418
948178144 1159 420
948178144 1159 420
948178144 1160 420
948178144 1161 420
948178144 1162 420
948178144 1162 420
948178144 1163 421
948178144 1163 421
948178144 1164 422
948178144 1165 422
948178144 1166 422
948178144 1167 423
948178144 1168 423
948178144 1169 424
948178144 1170 424
948178144 1171 424
948178144 1172 425
948178144 1173 426
948178144 1174 426
948178144 1175 426
948178144 1175 426
948178144 1176 427
948178144 1177 427
948178144 1177 427
948178144 1177 427
948178144 1178 427
948178144 1179 428
948178144 1180 429
948178144 1181 429
948178144 1182 429
948178144 1183 430
948178144 1184 430
948178144 1184 430
948178144 1185 430
948178144 1186 431
948178144 1186 431
948178144 1187 431
948178144 1187 431
948178144 1188 432
948178144 1189 432
948178144 1190 432
948178144 1191 433
948178144 1192 433
948178144 1193 433
948178144 1194 434
948178144 1195 434
948178144 1195 434
948178144 1196 434
948178144 1197 434
948178144 1198 435
948178144 1198 435
948178144 1199 436
948178144 1200 436
948178144 1201 437
948178144 1202 437
948178144 1203 437
948178144 1204 438
948178144 1205 438
948178144 1206 438
948178144 1206 438
948178144 1206 438
948178144 1207 438
948178144 1208 439
948178144 1209 439
948178144 1210 439
948178144 1211 440
948178144 1211 440
948178144 1212 440
948178144 1213 440
948178144 1214 441
948178144 1215 441
948178144 1216 441
948178144 1217 441
948178144 1218 442
948178144 1219 442
948178144 1220 442
948178144 1221 443
948178144 1222 443
948178144 1223 444
948178144 1224 444
948178144 1225 444
948178144 1225 444
948178144 1226 445
948178144 1226 445
948178144 1227 445
948178144 1228 445
948178144 1229 445
948178144 1229 445
948178144 1230 446
948178144 1231 446
948178144 1232 446
948178144 1232 446
948178144 1233 447
948178144 1234 447
948178144 1234 447
948178144 1235 447
948178144 1235 447
948178144 1236 447
948178144 1237 448
948178144 1238 449
948178144 1239 449
948178144 1240 450
948178144 1241 450
948178144 1241 450
948178144 1241 450
948178144 1242 450
948178144 1243 450
948178144 1244 451
948178144 1245 451
948178144 1246 451
948178144 1247 452
948178144 1248 453
948178144 1248 453
948178144 1248 453
948178144 1248 453
948178144 1249 454
948178144 1250 454
948178144 1251 454
948178144 1251 454
948178144 1252 455
948178144 1253 455
948178144 1254 455
948178144 1254 455
948178144 1255 455
948178144 1255 455
948178144 1256 456
948178144 1257 456
948178144 1258 456
948178144 1259 457
948178144 1260 457
948178144 1261 457
948178144 1262 457
948178144 1263 458
948178144 1264 458
948178144 1265 459
948178144 1266 459
948178144 1267 459
948178144 1268 460
948178144 1269 460
948178144 1270 460
948178144 1271 461
948178144 1272 461
948178144 1273 461
948178144 1274 462
948178144 1275 462
948178144 1276 462
948178144 1277 463
948178144 1278 463
948178144 1279 463
948178144 1280 463
948178144 1280 463
948178144 1281 464
948178144 1282 464
948178144 1283 464
948178144 1284 464
948178144 1285 465
948178144 1286 465
948178144 1287 465
948178144 1288 466
948178144 1289 466
948178144 1290 466
948178144 1290 466
948178144 1291 467
948178144 1292 467
948178144 1293 467
948178144 1294 467
948178144 1295 468
948178144 1295 468
948178144 1296 468
948178144 1297 469
948178144 1297 469
948178144 1298 469
948178144 1299 469
948178144 1299 469
948178144 1300 469
948178144 1301 470
948178144 1302 470
948178144 1303 471
948178144 1304 471
948178144 1305 472
948178144 1306 472
948178144 1307 472
948178144 1307 472
948178144 1308 473
948178144 1309 474
948178144 1309 474
948178144 1310 475
948178144 1310 475
948178144 1311 476
948178144 1312 476
948178144 1313 477
948178144 1314 477
948178144 1315 477
948178144 1316 478
948178144 1317 478
948178144 1317 478
948178144 1318 478
948178144 1318 478
948178144 1318 478
948178144 1319 479
948178144 1320 479
948178144 1320 479
948178144 1321 479
948178144 1322 480
948178144 1323 481
948178144 1323 481
948178144 1324 481
948178144 1325 482
948178144 1326 482
948178144 1327 482
948178144 1328 483
948178144 1329 483
948178144 1330 483
948178144 1331 484
948178144 1332 484
948178144 1333 484
948178144 1334 484
948178144 1335 485
948178144 1335 485
948178144 1336 485
948178144 1337 485
948178144 1338 486
948178144 1339 486
948178144 1340 486
948178144 1340 486
948178144 1341 487
948178144 1341 487
948178144 1342 487
948178144 1343 487
948178144 1344 487
948178144 1345 487
948178144 1346 488
948178144 1347 488
948178144 1348 488
948178144 1349 489
948178144 1350 490
948178144 1351 490
948178144 1351 490
948178144 1352 490
948178144 1353 491
948178144 1354 492
948178144 1355 492
948178144 1356 492
948178144 1357 493
948178144 1358 493
948178144 1359 493
948178144 1360 494
948178144 1361 494
948178144 1362 494
948178144 1363 494
948178144 1363 494
948178144 1364 495
948178144 1365 495
948178144 1366 495
948178144 1367 496
948178144 1368 496
948178144 1369 496
948178144 1369 496
948178144 1370 497
948178144 1371 497
948178144 1372 497
948178144 1373 498
948178144 1374 498
948178144 1375 498
948178144 1376 499
948178144 1377 499
948178144 1378 499
948178144 1379 500
948178144 1380 500
948178144 1381 500
948178144 1382 500
948178144 1383 501
948178144 1384 501
948178144 1385 501
948178144 1386 502
948178144 1387 502
948178144 1388 502
948178144 1389 503
948178144 1390 503
948178144 1391 504
948178144 1392 504
948178144 1393 505
948178144 1394 505
948178144 1395 505
948178144 1396 506
948178144 1397 506
948178144 1398 506
948178144 1399 507
948178144 1400 507
948178144 1401 507
948178144 1401 507
948178144 1402 508
948178144 1403 508
948178144 1404 508
948178144 1405 509
948178144 1406 509
948178144 1407 509
948178144 1408 510
948178144 1409 510
948178144 1410 510
948178144 1411 510
948178144 1412 511
948178144 1413 511
948178144 1414 511
948178144 1415 511
948178144 1416 512
948178144 1417 512
948178144 1417 512
948178144 1418 513
948178144 1418 513
948178144 1419 513
948178144 1420 513
948178144 1421 514
948178144 1422 514
948178144 1423 514
948178144 1424 515
948178144 1425 515
948178144 1426 515
948178144 1427 515
948178144 1428 516
948178144 1429 516
948178144 1430 516
948178144 1431 516
948178144 1431 516
948178144 1432 517
948178144 1433 517
948178144 1434 517
948178144 1435 517
948178144 1436 518
948178144 1437 518
948178144 1438 518
948178144 1439 518
948178144 1440 519
948178144 1441 520
948178144 1441 520
948178144 1442 520
948178144 1443 520
948178144 1444 520
948178144 1444 520
948178144 1445 521
948178144 1446 521
948178144 1447 522
948178144 1448 522
948178144 1449 522
948178144 1449 522
948178144 1450 522
948178144 1451 523
948178144 1452 523
948178144 1453 523
948178144 1454 524
948178144 1455 524
948178144 1456 524
948178144 1457 525
948178144 1457 525
948178144 1458 525
948178144 1459 525
948178144 1459 525
948178144 1459 525
948178144 1460 525
948178144 1461 526
948178144 1462 526
948178144 1463 527
948178144 1464 528
948178144 1465 528
948178144 1466 528
948178144 1467 529
948178144 1468 529
948178144 1469 529
948178144 1470 530
948178144 1471 530
948178144 1472 530
948178144 1473 530
948178144 1474 531
948178144 1474 531
948178144 1475 532
948178144 1475 532
948178144 1475 532
948178144 1476 532
948178144 1477 532
948178144 1477 532
948178144 1477 532
948178144 1478 533
948178144 1479 533
948178144 1480 533
948178144 1481 534
948178144 1482 534
948178144 1483 535
948178144 1484 535
948178144 1485 535
948178144 1486 536
948178144 1487 536
948178144 1488 537
948178144 1489 537
948178144 1490 538
948178144 1490 538
948178144 1490 538
948178144 1490 538
948178144 1491 538
948178144 1492 539
948178144 1493 539
948178144 1494 539
948178144 1494 539
948178144 1495 540
948178144 1496 540
948178144 1497 540
948178144 1498 541
948178144 1498 541
948178144 1498 541
948178144 1499 541
948178144 1500 542
948178144 1501 542
948178144 1502 542
948178144 1503 543
948178144 1504 543
948178144 1505 544
948178144 1506 544
948178144 1507 544
948178144 1508 545
948178144 1509 545
948178144 1510 545
948178144 1511 545
948178144 1512 546
948178144 1513 547
948178144 1514 547
948178144 1515 547
948178144 1516 548
948178144 1517 548
948178144 1518 548
948178144 1519 548
948178144 1520 549
948178144 1521 549
948178144 1522 549
948178144 1523 550
948178144 1524 551
948178144 1525 551
948178144 1526 551
948178144 1527 551
948178144 1527 551
948178144 1528 552
948178144 1529 552
948178144 1530 553
948178144 1531 553
948178144 1532 553
948178144 1533 553
948178144 1534 553
948178144 1535 554
948178144 1536 554
948178144 1537 554
948178144 1538 555
948178144 1539 555
948178144 1540 556
948178144 1541 556
948178144 1541 556
948178144 1542 556
948178144 1543 556
948178144 1544 557
948178144 1545 557
948178144 1546 557
948178144 1547 558
948178144 1548 558
948178144 1549 558
948178144 1550 558
948178144 1551 559
948178144 1551 559
948178144 1552 559
948178144 1553 559
948178144 1554 559
948178144 1555 560
948178144 1556 560
948178144 1557 560
948178144 1558 561
948178144 1559 561
948178144 1560 561
948178144 1561 562
948178144 1562 562
948178144 1563 563
948178144 1563 563
948178144 1564 563
948178144 1565 564
948178144 1566 564
948178144 1567 564
948178144 1568 564
948178144 1569 565
948178144 1569 565
948178144 1570 565
948178144 1571 565
948178144 1572 565
948178144 1573 566
948178144 1574 566
948178144 1575 566
948178144 1576 567
948178144 1576 567
948178144 1576 567
948178144 1577 567
948178144 1578 567
948178144 1579 567
948178144 1580 568
948178144 1581 568
948178144 1582 568
948178144 1583 569
948178144 1583 569
948178144 1584 569
948178144 1585 570
948178144 1586 570
948178144 1587 570
948178144 1588 570
948178144 1589 571
948178144 1590 571
948178144 1591 572
948178144 1592 572
948178144 1593 572
948178144 1594 572
948178144 1595 573
948178144 1596 573
948178144 1597 574
948178144 1598 574
948178144 1598 574
948178144 1599 575
948178144 1600 576
948178144 1601 576
948178144 1602 577
948178144 1603 577
948178144 1604 577
948178144 1605 578
948178144 1606 578
948178144 1607 578
948178144 1608 579
948178144 1609 579
948178144 1610 579
948178144 1610 579
948178144 1611 580
948178144 1612 580
948178144 1613 580
948178144 1614 581
948178144 1615 581
948178144 1616 581
948178144 1617 582
948178144 1618 582
948178144 1619 582
948178144 1620 582
948178144 1620 583
948178144 1621 583
948178144 1621 583
948178144 1622 583
948178144 1623 583
948178144 1624 584
948178144 1625 584
948178144 1626 584
948178144 1627 585
948178144 1628 585
948178144 1628 585
948178144 1629 585
948178144 1630 585
948178144 1631 586
948178144 1632 586
948178144 1632 586
948178144 1633 586
948178144 1633 586
948178144 1634 587
948178144 1635 587
948178144 1636 587
948178144 1637 588
948178144 1638 588
948178144 1639 588
948178144 1640 589
948178144 1641 589
948178144 1642 589
948178144 1643 589
948178144 1644 590
948178144 1645 590
948178144 1646 590
948178144 1647 590
948178144 1648 591
948178144 1649 591
948178144 1650 592
948178144 1650 592
948178144 1651 592
948178144 1652 592
948178144 1653 593
948178144 1654 593
948178144 1655 593
948178144 1656 593
948178144 1657 594
948178144 1658 594
948178144 1659 594
948178144 1660 594
948178144 1661 595
948178144 1662 595
948178144 1663 596
948178144 1664 596
948178144 1665 596
948178144 1666 597
948178144 1667 598
948178144 1667 598
948178144 1668 598
948178144 1669 599
948178144 1670 599
948178144 1671 600
948178144 1672 600
948178144 1673 600
948178144 1673 600
948178144 1674 601
