1995305158 1 3
1995305158 2 3
1995305158 3 4
1995305158 4 4
1614075455.438 5 4
1614075455.438 6 5
1614075455.438 7 5
1614075455.438 8 5
1614075455.438 9 6
1614075455.438 10 6
1614075455.438 10 6
1614075455.438 11 7
1614075455.438 12 8
1614075455.438 12 8
1606704228 13 8
1606704228 14 8
1606704228 15 9
1606704228 16 9
1606704228 17 10
1606704228 18 10
1606704228 18 10
1606704228 19 11
1606704228 20 11
1606704228 21 11
1606704228 22 12
1606704228 23 12
1606704228 24 12
1606704228 25 13
1606704228 26 13
1606704228 27 13
1606704228 28 14
1606704228 29 14
1606704228 30 14
1606704228 31 14
1606704228 32 15
1606704228 33 15
1606704228 34 15
1606704228 35 17
1606704228 36 17
1606704228 37 17
1606704228 38 18
1606704228 38 18
1425671856 39 18
1425671856 39 18
1425671856 39 18
1425671856 40 18
1425671856 40 19
1425671856 41 19
1425671856 42 19
1425671856 43 20
1425671856 44 20
1425671856 45 20
1425671856 46 21
1425671856 46 21
1425671856 47 21
1425671856 48 21
1425671856 48 21
1425671856 49 21
1425671856 50 22
1425671856 51 22
1425671856 52 22
1425671856 53 23
1425671856 54 23
1425671856 55 23
1425671856 56 24
1425671856 57 24
1425671856 58 24
1425671856 59 25
1425671856 60 26
1425671856 61 26
1425671856 62 26
1425671856 63 27
1425671856 64 27
1425671856 64 27
1425671856 65 28
1425671856 66 28
1396842450 67 29
1396842450 68 29
1396842450 69 29
1396842450 70 30
1396842450 71 30
1396842450 72 30
1396842450 73 31
1396842450 74 31
1396842450 75 31
1396842450 76 31
1396842450 77 32
1396842450 78 32
1396842450 79 32
1396842450 80 33
1396842450 81 33
1396842450 82 33
1396842450 83 34
1396842450 84 34
1396842450 85 35
1396842450 86 35
1396842450 87 36
1396842450 87 36
1396842450 87 36
1396842450 88 36
1396842450 89 36
1396842450 90 37
1396842450 91 37
1338743878.1569 92 37
1338743878.1569 93 38
1338743878.1569 94 38
1338743878.1569 95 38
1338743878.1569 96 39
1338743878.1569 97 39
1338743878.1569 98 39
1338743878.1569 99 40
1338743878.1569 100 40
1338743878.1569 101 40
1338743878.1569 102 41
1338743878.1569 103 41
1338743878.1569 104 41
1338743878.1569 105 42
1338743878.1569 106 42
1338743878.1569 107 42
1338743878.1569 108 43
1338743878.1569 109 43
1338743878.1569 110 44
1338743878.1569 111 45
1338743878.1569 112 45
1338743878.1569 113 45
1338743878.1569 114 46
1338743878.1569 115 46
1338743878.1569 116 46
1338743878.1569 117 47
1338743878.1569 118 47
1338743878.1569 119 47
1338743878.1569 120 48
1338743878.1569 121 48
1338743878.1569 121 48
1338743878.1569 122 48
1338743878.1569 123 49
1338743878.1569 124 49
1338743878.1569 125 50
1338743878.1569 126 50
1338743878.1569 127 50
1338743878.1569 128 51
1338743878.1569 129 51
1338743878.1569 129 51
1338743878.1569 129 51
1338743878.1569 130 52
1338743878.1569 131 52
1338743878.1569 132 52
1338743878.1569 133 52
1338743878.1569 134 53
1338743878.1569 135 53
1338743878.1569 135 53
1338743878.1569 136 54
1338743878.1569 137 54
1338743878.1569 138 54
1338743878.1569 138 54
1338743878.1569 138 54
1338743878.1569 139 54
1338743878.1569 140 55
1338743878.1569 141 55
1338743878.1569 142 56
1338743878.1569 142 56
1338743878.1569 143 56
1338743878.1569 144 56
1338743878.1569 145 57
1338743878.1569 146 57
1338743878.1569 147 57
1338743878.1569 147 57
1338743878.1569 148 58
1338743878.1569 149 58
1338743878.1569 149 58
1338743878.1569 149 58
1338743878.1569 150 58
1338743878.1569 151 59
1338743878.1569 152 59
1338743878.1569 152 59
1338743878.1569 153 59
1338743878.1569 154 59
1338743878.1569 155 60
1338743878.1569 156 60
1338743878.1569 157 60
1338743878.1569 158 60
1338743878.1569 159 61
1338743878.1569 160 61
1338743878.1569 161 61
1338743878.1569 162 62
1338743878.1569 163 62
1338743878.1569 164 62
1338743878.1569 165 63
1338743878.1569 166 63
1338743878.1569 167 63
1338743878.1569 168 64
1338743878.1569 169 64
1338743878.1569 170 64
1338743878.1569 171 64
1338743878.1569 172 65
1338743878.1569 173 65
1326731814 174 65
1326731814 175 66
1326731814 176 66
1326731814 177 66
1326731814 178 67
1326731814 179 67
1326731814 179 67
1326731814 180 67
1326731814 181 68
1326731814 181 68
1326731814 182 68
1326731814 183 69
1326731814 184 69
1326731814 185 69
1326731814 186 70
1326731814 187 70
1326731814 188 70
1326731814 189 70
1326731814 190 71
1303300568 191 71
1303300568 192 71
1303300568 193 72
1303300568 194 73
1303300568 195 73
1303300568 195 73
1303300568 196 73
1303300568 197 74
1303300568 198 74
1303300568 199 74
1303300568 200 74
1303300568 201 75
1303300568 202 75
1303300568 202 75
1303300568 203 75
1303300568 204 76
1303300568 204 76
1303300568 204 76
1303300568 205 76
1303300568 206 76
1303300568 207 76
1303300568 208 77
1303300568 209 77
1303300568 209 77
1303300568 210 77
1303300568 211 78
1303300568 212 78
1303300568 213 78
1303300568 214 79
1303300568 215 79
1303300568 216 79
1303300568 217 80
1303300568 218 80
1303300568 219 80
1303300568 220 81
1303300568 220 81
1303300568 221 81
1303300568 222 81
1303300568 222 81
1303300568 223 82
1303300568 224 82
1303300568 225 83
1303300568 226 83
1303300568 227 84
1303300568 227 84
1303300568 228 84
1303300568 229 85
1303300568 230 85
1303300568 231 86
1303300568 232 87
1303300568 232 87
1303300568 233 87
1303300568 234 88
1303300568 234 88
1303300568 235 88
1303300568 236 88
1303300568 237 89
1303300568 238 90
1303300568 238 90
1303300568 239 90
1303300568 240 91
1303300568 241 91
1303300568 242 91
1303300568 243 92
1303300568 244 92
1303300568 245 92
1303300568 246 93
1303300568 247 93
1303300568 248 93
1303300568 249 93
1303300568 250 94
1303300568 250 94
1303300568 251 94
1303300568 252 94
1303300568 253 95
1303300568 254 95
1303300568 255 95
1303300568 256 95
1303300568 257 96
1303300568 257 96
1303300568 258 97
1303300568 259 97
1303300568 260 97
1303300568 260 97
1303300568 260 97
1303300568 261 98
1303300568 262 98
1303300568 262 98
1303300568 263 98
1303300568 264 98
1303300568 264 98
1303300568 265 99
1303300568 266 99
1303300568 266 99
1303300568 267 99
1303300568 268 100
1303300568 269 100
1303300568 269 100
1303300568 270 100
1303300568 271 101
1303300568 272 101
1303300568 273 101
1303300568 274 102
1303300568 274 102
1303300568 275 102
1303300568 276 102
1303300568 277 103
1303300568 278 103
1303300568 278 103
1303300568 279 103
1303300568 280 104
1303300568 281 104
1303300568 282 104
1303300568 283 105
1303300568 284 105
1303300568 285 105
1303300568 285 105
1303300568 286 105
1303300568 287 106
1303300568 288 107
1303300568 289 107
1303300568 290 107
1303300568 291 107
1303300568 292 108
1303300568 293 108
1303300568 294 108
1303300568 295 109
1303300568 296 109
1303300568 297 109
1303300568 298 110
1303300568 299 111
1303300568 300 111
1303300568 301 112
1303300568 302 112
1303300568 303 113
1303300568 304 114
1303300568 305 114
1303300568 306 115
1303300568 306 115
1303300568 306 115
1303300568 307 115
1303300568 308 115
1303300568 309 115
1303300568 310 116
1303300568 311 116
1303300568 312 116
1103466572 313 117
1103466572 314 117
1103466572 314 117
1103466572 315 117
1103466572 316 117
1103466572 317 118
1103466572 318 118
1103466572 319 119
1103466572 320 120
1103466572 321 120
1103466572 322 121
1103466572 323 121
1103466572 324 122
1103466572 325 123
1103466572 326 123
1103466572 327 124
1103466572 328 124
1103466572 329 124
1103466572 330 125
1103466572 331 125
1103466572 332 125
1103466572 333 125
1103466572 334 126
1103466572 334 126
1103466572 335 126
1103466572 336 126
1103466572 337 127
1103466572 338 127
1103466572 339 127
1103466572 340 128
1103466572 341 128
1103466572 342 128
1103466572 342 128
1103466572 343 129
1103466572 344 130
1103466572 345 130
1103466572 346 130
1103466572 347 131
1103466572 348 131
1103466572 349 131
1103466572 350 132
1103466572 351 132
1103466572 351 132
1103466572 352 132
1103466572 353 132
1103466572 354 133
1103466572 355 133
1103466572 356 133
1103466572 357 133
1103466572 358 134
1103466572 359 134
1103466572 360 134
1103466572 361 134
1103466572 362 135
1103466572 363 135
1103466572 364 135
1103466572 365 136
1103466572 365 136
1103466572 366 136
1103466572 367 136
1103466572 368 136
1103466572 369 137
1103466572 370 137
1103466572 370 137
1103466572 371 137
1103466572 372 137
1103466572 372 137
1103466572 373 138
1103466572 374 138
1103466572 375 138
1103466572 376 139
1103466572 377 140
1103466572 378 140
1103466572 378 140
1103466572 378 140
1103466572 379 140
1103466572 380 140
1103466572 381 141
1103466572 382 141
1103466572 383 141
1103466572 384 141
1103466572 384 141
1103466572 385 142
1103466572 386 142
1103466572 387 142
1103466572 387 142
1103466572 388 143
1103466572 389 143
1103466572 390 143
1103466572 391 143
1103466572 392 144
1103466572 393 144
1103466572 394 144
1103466572 395 145
1103466572 396 145
1103466572 397 146
1103466572 398 146
1103466572 399 146
1103466572 400 147
1103466572 401 147
1103466572 402 147
1103466572 403 147
1103466572 404 148
1103466572 405 148
1103466572 406 148
1103466572 407 149
1103466572 408 149
1103466572 409 150
1103466572 409 150
1103466572 410 150
1103466572 411 151
1103466572 412 151
1103466572 413 151
1103466572 414 152
1103466572 414 152
1103466572 415 152
1103466572 416 152
1103466572 416 152
1103466572 417 152
1103466572 417 152
1103466572 417 152
1103466572 417 152
1103466572 418 153
1103466572 419 153
1103466572 420 153
1103466572 420 153
1103466572 420 153
1103466572 421 154
1103466572 422 154
1103466572 423 154
1103466572 424 154
1103466572 424 154
1103466572 425 155
1103466572 426 155
1103466572 427 155
1103466572 428 156
1103466572 429 156
1103466572 430 156
1103466572 431 157
1103466572 432 157
1103466572 433 157
1103466572 434 158
1103466572 435 158
1103466572 436 158
1103466572 437 158
1103466572 437 158
1103466572 438 159
1103466572 439 159
1103466572 439 159
1103466572 440 159
1103466572 441 159
1103466572 442 160
1103466572 443 160
1103466572 444 160
1103466572 444 160
1103466572 445 161
1103466572 446 161
1103466572 447 161
1103466572 448 161
1103466572 449 162
1103466572 450 162
1103466572 451 162
1103466572 452 163
1103466572 453 163
1103466572 454 163
1103466572 455 164
1103466572 455 164
1103466572 456 165
1103466572 457 165
1103466572 458 165
1103466572 459 166
1103466572 460 166
1103466572 461 166
1103466572 461 166
1103466572 462 166
1103466572 463 167
1103466572 464 167
1103466572 465 167
1103466572 465 167
1103466572 466 167
1103466572 467 168
1103466572 468 168
1103466572 469 168
1103466572 470 169
1103466572 471 169
1103466572 472 169
1103466572 473 170
1084247273 474 170
1084247273 475 170
1084247273 476 171
1084247273 477 171
1084247273 477 171
1084247273 478 171
1084247273 479 171
1084247273 480 172
1084247273 481 173
1084247273 482 173
1084247273 483 173
1084247273 484 174
1084247273 485 174
1084247273 485 174
1084247273 486 174
1084247273 487 175
1084247273 488 175
1084247273 488 175
1084247273 489 175
1084247273 490 176
1084247273 491 176
1084247273 492 176
1084247273 493 176
1084247273 494 177
1084247273 495 177
1084247273 496 177
1084247273 497 177
1084247273 498 178
1084247273 499 178
1084247273 500 178
1084247273 501 179
1084247273 501 179
1084247273 502 179
1084247273 503 180
1084247273 504 180
1084247273 504 180
1084247273 504 180
1084247273 504 180
1084247273 505 180
1084247273 506 181
1084247273 507 181
1084247273 508 182
1084247273 509 182
1084247273 510 182
1084247273 511 182
1084247273 512 183
1084247273 512 183
1084247273 512 183
1084247273 513 183
1084247273 514 183
1084247273 515 183
1084247273 516 184
1084247273 517 184
1084247273 518 184
1084247273 518 184
1084247273 519 185
1084247273 520 186
1084247273 521 186
1084247273 521 186
1084247273 522 187
1084247273 523 187
1084247273 524 187
1084247273 525 188
1084247273 526 188
1084247273 527 188
1084247273 528 188
1084247273 529 189
1084247273 530 189
1084247273 531 189
1084247273 531 189
1084247273 532 190
1084247273 533 190
1084247273 534 190
1084247273 535 190
1084247273 536 191
1084247273 537 191
1084247273 538 191
1084247273 539 192
1084247273 540 192
1084247273 540 192
1084247273 541 192
1084247273 542 193
1084247273 543 193
1084247273 544 193
1084247273 545 194
1084247273 546 194
1084247273 547 195
1084247273 548 195
1084247273 549 196
1084247273 550 196
1084247273 551 196
1084247273 552 196
1084247273 553 197
1084247273 554 197
1084247273 555 197
1084247273 555 197
1084247273 556 198
1084247273 557 198
1084247273 558 198
1084247273 559 199
1084247273 560 199
1084247273 561 199
1084247273 562 199
1084247273 563 200
1084247273 564 200
1084247273 564 200
1084247273 565 200
1084247273 566 201
1084247273 567 201
1084247273 568 202
1084247273 569 203
1084247273 570 203
1084247273 571 203
1084247273 572 204
1084247273 573 204
1084247273 574 204
1084247273 575 205
1084247273 576 205
1084247273 577 205
1084247273 578 206
1084247273 579 206
1084247273 580 206
1084247273 581 206
1084247273 582 207
1084247273 583 207
1084247273 584 207
1084247273 585 208
1084247273 586 208
1084247273 586 208
1084247273 587 208
1084247273 588 209
1084247273 589 209
1084247273 590 210
1084247273 591 210
1084247273 592 210
1084247273 593 211
1084247273 594 211
1084247273 595 213
1084247273 596 213
1084247273 597 213
1084247273 598 213
1084247273 599 214
1084247273 600 214
1084247273 601 214
1084247273 601 214
1084247273 602 215
1084247273 602 215
1084247273 603 215
1084247273 604 215
1084247273 605 215
1084247273 606 216
1084247273 607 216
1084247273 608 216
1084247273 609 217
1084247273 610 217
1084247273 610 217
1084247273 611 217
1084247273 612 217
1084247273 613 218
1084247273 614 218
1084247273 615 218
1084247273 616 218
1084247273 617 219
1084247273 618 219
1084247273 619 219
1084247273 620 220
1084247273 621 220
1084247273 622 220
1084247273 623 221
1084247273 624 222
1084247273 625 223
1084247273 626 223
1084247273 627 224
1084247273 628 224
1084247273 629 224
1084247273 629 224
1084247273 630 225
1084247273 631 225
1084247273 631 225
1084247273 632 225
1084247273 633 226
1084247273 634 226
1084247273 634 226
1084247273 635 227
1084247273 636 227
1084247273 637 227
1084247273 638 228
1084247273 639 228
1084247273 639 228
1084247273 640 229
1084247273 641 230
1084247273 642 230
1084247273 643 230
1084247273 644 231
1084247273 644 231
1084247273 645 232
1084247273 646 232
1084247273 647 232
1084247273 648 232
1084247273 648 232
1084247273 649 233
1084247273 649 233
1084247273 650 233
1084247273 651 233
1084247273 652 234
1084247273 653 234
1084247273 653 234
1084247273 654 235
1084247273 655 235
1084247273 656 235
1084247273 657 235
1084247273 657 235
1084247273 658 236
1084247273 658 236
1084247273 658 236
1084247273 659 236
1084247273 660 236
1084247273 661 237
1084247273 662 237
1084247273 663 237
1084247273 664 238
1084247273 664 238
1084247273 665 239
1084247273 665 239
1084247273 666 239
1084247273 667 239
1084247273 668 239
1084247273 669 240
1084247273 670 240
1084247273 671 241
1084247273 672 241
1084247273 673 241
1084247273 674 242
1084247273 675 242
1084247273 676 242
1084247273 677 243
1084247273 678 243
1084247273 679 244
1084247273 680 244
1084247273 681 245
1084247273 682 245
1084247273 683 246
1084247273 683 246
1084247273 684 246
1084247273 685 246
1084247273 686 247
1084247273 687 247
1084247273 688 248
1084247273 689 248
1084247273 690 248
1084247273 691 249
1084247273 692 250
1084247273 693 250
1084247273 694 251
1084247273 694 251
1084247273 695 251
1084247273 696 251
1084247273 697 252
1084247273 697 252
1084247273 698 252
1084247273 699 252
1084247273 700 252
1084247273 701 253
1084247273 701 253
1084247273 702 254
1084247273 703 254
1084247273 704 255
1084247273 705 255
1084247273 706 255
1084247273 707 255
1084247273 708 256
1084247273 709 256
1084247273 710 257
1084247273 711 257
1084247273 712 257
1084247273 713 258
1084247273 714 258
1084247273 715 258
1084247273 716 259
1084247273 717 259
1084247273 718 259
1084247273 719 259
1084247273 720 260
1084247273 721 260
1084247273 722 260
1084247273 723 261
1084247273 724 261
1084247273 725 261
1084247273 726 262
1084247273 727 262
1084247273 727 262
1084247273 728 262
1084247273 729 262
1084247273 730 263
1084247273 731 263
1084247273 732 264
1084247273 733 264
1084247273 734 264
1084247273 735 264
1084247273 736 264
1084247273 737 265
1084247273 737 265
1084247273 738 265
1084247273 739 265
1084247273 740 266
1084247273 741 266
1084247273 742 266
1084247273 743 266
1084247273 744 267
1084247273 745 267
1084247273 746 267
1084247273 747 267
1084247273 748 268
1084247273 749 268
1084247273 749 268
1084247273 750 268
1084247273 750 268
1084247273 751 269
1084247273 752 269
1084247273 753 269
1084247273 754 270
1084247273 755 270
1084247273 756 270
1084247273 757 270
1084247273 758 271
1084247273 759 271
1084247273 760 271
1084247273 761 271
1084247273 762 272
1084247273 763 272
1084247273 764 272
1084247273 765 273
1084247273 766 273
1084247273 767 273
1084247273 768 273
1084247273 768 273
1084247273 768 273
1084247273 769 274
1084247273 770 274
1084247273 771 274
1084247273 772 274
1084247273 773 275
1084247273 773 275
1084247273 774 275
1084247273 775 275
1084247273 776 276
1084247273 777 277
1084247273 778 277
1084247273 778 277
1084247273 779 277
1084247273 780 277
1084247273 781 278
1084247273 781 278
1084247273 782 278
1084247273 783 278
1084247273 784 278
1084247273 785 279
1084247273 786 279
1084247273 786 279
1084247273 787 280
1084247273 788 280
1084247273 789 280
1084247273 790 280
1084247273 791 281
1084247273 792 282
1084247273 793 282
1084247273 794 282
1084247273 795 283
1084247273 796 283
1084247273 797 283
1084247273 798 284
1084247273 799 284
1084247273 800 284
1084247273 801 285
1084247273 801 285
1084247273 801 285
1084247273 802 285
1084247273 802 285
1084247273 803 285
1084247273 804 286
1084247273 804 286
1084247273 805 286
1084247273 806 286
1084247273 807 287
1084247273 808 288
1084247273 809 288
1084247273 809 288
1084247273 810 288
1084247273 811 289
1084247273 812 290
1084247273 813 290
1084247273 814 290
1084247273 815 290
1084247273 816 291
1084247273 817 291
1084247273 818 291
1084247273 819 292
1084247273 820 292
1084247273 821 292
1084247273 822 292
1084247273 823 293
1084247273 823 293
1084247273 824 293
1084247273 824 293
1084247273 825 293
1084247273 826 294
1084247273 827 294
1084247273 828 294
1084247273 829 294
1084247273 830 295
1084247273 831 295
1084247273 832 295
1084247273 833 296
1084247273 834 296
1084247273 835 296
1084247273 836 296
1084247273 837 297
1084247273 838 297
1084247273 839 297
1084247273 840 297
1084247273 841 298
1084247273 842 298
1084247273 843 298
1084247273 844 298
1084247273 845 299
1084247273 846 299
1084247273 847 299
1084247273 847 299
1084247273 847 299
1084247273 848 300
1084247273 849 301
1084247273 850 301
1084247273 850 301
1084247273 851 301
1084247273 852 302
1084247273 852 302
1084247273 853 302
1084247273 854 302
1084247273 855 303
1084247273 856 303
1084247273 857 303
1084247273 858 304
1084247273 858 304
1084247273 859 304
1084247273 860 304
1084247273 861 305
1084247273 862 305
1084247273 863 305
1084247273 864 306
1084247273 865 306
1084247273 866 306
1084247273 866 306
1084247273 867 306
1084247273 868 307
1084247273 869 307
1084247273 870 307
1084247273 871 307
1084247273 871 307
1084247273 872 308
1084247273 873 308
1084247273 874 308
1084247273 875 310
1084247273 876 310
1084247273 876 310
1084247273 877 310
1084247273 878 311
1084247273 879 311
1084247273 880 311
1084247273 881 312
1084247273 881 312
1084247273 882 312
1084247273 883 312
1084247273 884 313
1084247273 885 313
1084247273 885 313
1084247273 886 313
1084247273 887 313
1084247273 887 313
1084247273 888 315
1084247273 889 315
1084247273 889 315
1084247273 890 315
1084247273 891 316
1084247273 892 316
1084247273 893 317
1084247273 894 317
1084247273 895 318
1084247273 896 318
1084247273 897 319
1084247273 898 319
1084247273 899 320
1084247273 900 320
1084247273 901 320
1084247273 901 321
1084247273 902 322
1084247273 903 323
1084247273 904 323
1084247273 905 324
1084247273 906 325
1084247273 906 325
1084247273 907 325
1084247273 908 325
1084247273 909 326
1084247273 910 326
1084247273 911 326
1084247273 912 328
1084247273 913 328
1084247273 914 328
1084247273 915 330
1084247273 916 330
1084247273 917 330
1084247273 918 331
1084247273 919 331
1084247273 920 331
1084247273 921 331
1084247273 922 332
1084247273 923 332
1084247273 924 332
1084247273 925 333
1084247273 926 334
1084247273 927 334
1084247273 927 334
1084247273 928 334
1084247273 929 335
1084247273 930 335
1084247273 930 335
1084247273 931 335
1084247273 931 335
1084247273 932 336
1084247273 933 336
1084247273 934 336
1084247273 934 336
1084247273 935 337
1084247273 936 337
1084247273 936 337
1084247273 937 337
1084247273 938 337
1084247273 939 338
1084247273 940 339
1084247273 941 339
1084247273 942 339
1084247273 943 340
1084247273 944 340
1084247273 945 340
1084247273 946 341
1084247273 947 341
1084247273 948 341
1084247273 949 342
1084247273 950 342
1084247273 951 343
1084247273 952 343
1084247273 953 344
1084247273 954 344
1084247273 955 344
1084247273 955 344
1084247273 956 345
1084247273 957 345
1084247273 957 345
1084247273 958 346
1084247273 959 346
1084247273 960 346
1084247273 960 346
1084247273 961 347
1084247273 962 347
1084247273 963 347
1084247273 964 348
1084247273 965 348
1084247273 966 348
1084247273 967 348
1084247273 968 349
1084247273 969 349
1084247273 970 350
1084247273 970 350
1084247273 971 350
1084247273 972 350
1084247273 973 351
1084247273 974 351
1084247273 975 351
1084247273 976 352
1084247273 977 352
1084247273 978 353
1084247273 979 353
1084247273 980 353
1084247273 980 353
1084247273 981 354
1084247273 982 354
1084247273 983 354
1084247273 984 355
1084247273 985 355
1084247273 986 355
1084247273 987 355
1084247273 988 356
1084247273 989 356
1084247273 990 356
1084247273 991 357
1084247273 992 357
1084247273 992 357
1084247273 993 357
1084247273 994 358
1084247273 995 358
1084247273 996 359
1084247273 996 359
1084247273 997 359
1084247273 998 359
1084247273 999 359
1084247273 1000 360
1084247273 1001 360
1084247273 1002 361
1084247273 1003 361
1084247273 1004 362
1084247273 1005 362
1084247273 1006 363
1084247273 1007 363
1084247273 1008 363
1084247273 1009 364
1084247273 1010 364
1084247273 1011 364
1044827403 1012 364
1044827403 1013 365
1044827403 1013 365
1044827403 1014 365
1044827403 1015 366
1044827403 1016 366
1044827403 1017 366
1044827403 1018 367
1044827403 1018 367
1044827403 1019 367
1044827403 1020 367
1044827403 1021 368
1044827403 1021 368
1044827403 1022 368
1044827403 1023 368
1044827403 1023 368
1044827403 1024 369
1044827403 1025 369
1044827403 1026 369
1044827403 1027 369
1044827403 1028 370
1044827403 1029 370
1044827403 1030 370
1044827403 1031 371
1044827403 1032 371
1044827403 1033 371
1044827403 1034 372
1044827403 1035 372
1044827403 1036 372
1044827403 1037 372
1044827403 1038 373
1044827403 1039 373
1044827403 1040 373
1044827403 1041 374
1044827403 1042 374
1044827403 1043 374
1044827403 1044 375
1044827403 1045 375
1044827403 1046 375
1044827403 1047 375
1044827403 1048 376
1044827403 1049 376
1044827403 1050 377
1044827403 1050 377
1044827403 1051 377
1044827403 1052 378
1044827403 1053 378
1044827403 1054 378
1044827403 1055 379
1044827403 1056 379
1044827403 1057 379
1044827403 1058 379
1044827403 1059 380
1044827403 1060 382
1044827403 1061 382
1044827403 1062 382
1044827403 1063 383
1044827403 1064 383
1044827403 1065 384
1044827403 1066 384
1044827403 1066 384
1044827403 1067 384
1044827403 1068 384
1044827403 1069 385
1044827403 1070 385
1044827403 1071 385
1044827403 1072 386
1044827403 1073 386
1044827403 1074 386
1044827403 1075 387
1044827403 1076 387
1044827403 1077 387
1044827403 1078 387
1044827403 1079 388
1044827403 1080 388
1044827403 1080 388
1044827403 1081 388
1044827403 1081 388
1044827403 1082 389
1044827403 1083 389
1044827403 1084 390
1044827403 1085 390
1044827403 1086 390
1044827403 1087 390
1044827403 1087 390
1044827403 1087 390
1044827403 1088 391
1044827403 1088 391
1044827403 1088 391
1044827403 1089 391
1044827403 1090 391
1044827403 1091 392
1044827403 1092 392
1044827403 1093 392
1044827403 1093 392
1044827403 1094 393
1044827403 1095 393
1044827403 1096 393
1044827403 1097 393
1044827403 1098 394
1044827403 1099 394
1044827403 1100 395
1044827403 1100 395
1044827403 1101 395
1044827403 1102 395
1044827403 1103 395
1044827403 1104 396
1044827403 1105 396
1044827403 1106 396
1044827403 1107 397
1044827403 1108 397
1044827403 1108 397
1044827403 1109 397
1044827403 1110 397
1044827403 1111 398
1044827403 1112 398
1044827403 1113 399
1044827403 1114 399
1044827403 1115 399
1044827403 1116 400
1044827403 1117 400
1044827403 1117 400
1044827403 1118 400
1044827403 1119 400
1044827403 1120 401
1044827403 1121 401
1044827403 1122 401
1044827403 1123 401
1044827403 1124 402
1044827403 1125 402
1044827403 1125 402
1044827403 1126 402
1044827403 1127 403
1044827403 1128 403
1044827403 1128 403
1044827403 1129 403
1044827403 1130 403
1044827403 1131 404
1044827403 1132 404
1044827403 1133 404
1044827403 1134 405
1044827403 1135 405
1044827403 1136 405
1044827403 1137 406
1044827403 1138 406
1044827403 1139 406
1044827403 1140 407
1044827403 1141 407
1044827403 1142 407
1044827403 1143 408
1044827403 1144 408
1044827403 1145 408
1044827403 1146 408
1044827403 1146 408
1044827403 1146 408
1044827403 1147 409
1044827403 1148 409
1044827403 1149 409
1044827403 1150 410
1044827403 1151 410
1044827403 1152 410
1044827403 1153 411
1044827403 1154 412
1044827403 1155 412
1044827403 1156 412
1044827403 1157 413
1044827403 1157 413
1044827403 1158 413
1044827403 1159 413
1044827403 1160 413
1044827403 1161 414
1044827403 1162 414
1044827403 1163 415
1044827403 1164 415
1044827403 1165 415
1044827403 1166 416
1044827403 1167 416
1044827403 1168 416
1044827403 1168 416
1044827403 1169 416
1044827403 1170 417
1044827403 1171 417
1044827403 1172 417
1044827403 1172 417
1044827403 1173 417
1044827403 1174 418
1044827403 1175 418
1044827403 1176 419
1044827403 1177 419
1044827403 1178 420
1044827403 1179 420
1044827403 1180 420
1044827403 1181 420
1044827403 1182 421
1044827403 1183 421
1044827403 1184 421
1044827403 1184 421
1044827403 1185 422
1044827403 1186 422
1044827403 1187 422
1044827403 1188 423
1044827403 1189 424
1044827403 1190 424
1044827403 1191 424
1044827403 1192 424
1044827403 1193 425
1044827403 1193 425
1044827403 1194 425
1044827403 1195 425
1044827403 1196 426
1044827403 1197 426
1044827403 1198 427
1044827403 1198 427
1044827403 1199 427
1044827403 1200 428
1044827403 1201 428
1044827403 1202 428
1044827403 1203 429
1044827403 1203 429
1044827403 1204 429
1044827403 1205 430
1044827403 1206 430
1044827403 1207 430
1044827403 1208 431
1044827403 1209 431
1044827403 1210 431
1044827403 1211 432
1044827403 1212 432
1044827403 1213 432
1044827403 1214 432
1044827403 1214 432
1044827403 1214 432
1044827403 1215 433
1044827403 1216 433
1044827403 1217 433
1044827403 1218 434
1044827403 1219 434
1044827403 1220 434
1044827403 1220 434
1044827403 1221 435
1044827403 1222 435
1044827403 1223 436
1044827403 1223 436
1044827403 1223 436
1044827403 1224 436
1044827403 1225 437
1044827403 1226 437
1044827403 1227 437
1044827403 1228 437
1044827403 1229 438
1044827403 1230 438
1044827403 1230 438
1044827403 1231 439
1044827403 1232 439
1044827403 1233 439
1044827403 1234 440
1044827403 1235 440
1044827403 1235 440
1044827403 1236 441
1044827403 1237 441
1044827403 1238 441
1044827403 1239 441
1044827403 1240 442
1044827403 1241 442
1044827403 1242 442
1044827403 1243 442
1044827403 1244 443
1044827403 1245 443
1044827403 1246 443
1044827403 1247 443
1044827403 1248 444
1044827403 1249 444
1044827403 1250 444
1044827403 1251 445
1044827403 1252 445
1044827403 1253 445
1044827403 1254 446
1044827403 1255 446
1044827403 1256 446
1044827403 1257 447
1044827403 1258 447
1044827403 1259 447
1044827403 1260 447
1044827403 1261 448
1044827403 1262 449
1044827403 1263 449
1044827403 1264 449
1044827403 1265 450
1044827403 1266 450
1044827403 1266 450
1044827403 1267 450
1044827403 1268 451
1044827403 1269 451
1044827403 1270 451
1044827403 1271 452
1044827403 1272 453
1044827403 1272 453
1044827403 1273 453
1044827403 1274 453
1044827403 1275 454
1044827403 1276 454
1044827403 1277 454
1044827403 1278 455
1044827403 1279 455
1044827403 1280 455
1044827403 1281 456
1044827403 1282 456
1044827403 1282 456
1044827403 1283 456
1044827403 1283 456
1044827403 1284 457
1044827403 1285 457
1044827403 1286 457
1044827403 1287 458
1044827403 1287 458
1044827403 1288 458
1044827403 1289 458
1044827403 1290 459
1044827403 1291 459
1044827403 1292 459
1044827403 1293 460
1044827403 1294 461
1044827403 1295 461
1044827403 1296 462
1044827403 1297 462
1044827403 1298 462
1044827403 1299 463
1044827403 1300 464
1044827403 1301 464
1044827403 1302 464
1044827403 1303 464
1044827403 1304 465
1044827403 1305 465
1044827403 1306 465
1044827403 1307 466
1044827403 1308 466
1044827403 1309 466
1044827403 1310 466
1044827403 1311 468
1044827403 1312 468
1044827403 1313 468
1044827403 1314 468
1044827403 1315 469
1044827403 1316 469
1044827403 1317 469
1044827403 1318 470
1044827403 1319 470
1044827403 1319 470
1044827403 1319 470
1044827403 1320 470
1044827403 1321 471
1044827403 1322 471
1044827403 1323 472
1044827403 1324 472
1044827403 1325 472
1044827403 1326 473
1044827403 1327 473
1044827403 1328 473
1044827403 1329 474
1044827403 1330 474
1044827403 1330 474
1044827403 1331 474
1044827403 1331 474
1044827403 1331 474
1044827403 1332 475
1044827403 1333 475
1044827403 1334 476
1044827403 1335 476
1044827403 1336 476
1044827403 1337 477
1044827403 1338 477
1044827403 1339 477
1044827403 1339 477
1044827403 1340 478
1044827403 1341 478
1044827403 1342 478
1044827403 1343 479
1044827403 1344 479
1044827403 1345 479
1044827403 1346 480
1044827403 1347 480
1044827403 1348 480
1044827403 1349 480
1044827403 1350 481
1044827403 1350 481
1044827403 1351 481
1044827403 1352 481
1044827403 1353 483
1044827403 1354 483
1044827403 1355 483
1044827403 1356 484
1044827403 1357 484
1044827403 1358 484
1044827403 1359 484
1044827403 1360 485
1044827403 1361 485
1044827403 1361 485
1044827403 1362 485
1044827403 1363 485
1044827403 1364 486
1044827403 1365 486
1044827403 1366 486
1044827403 1367 486
1044827403 1368 487
1044827403 1369 487
1044827403 1370 487
1044827403 1371 488
1044827403 1372 488
1044827403 1373 488
1044827403 1374 489
1044827403 1375 489
1044827403 1376 489
1044827403 1377 489
1044827403 1378 490
1044827403 1379 490
1044827403 1379 490
1044827403 1380 490
1044827403 1381 490
1044827403 1382 491
1044827403 1383 491
1044827403 1384 491
1044827403 1385 492
1044827403 1385 492
1044827403 1386 492
1044827403 1387 492
1044827403 1388 493
1044827403 1389 493
1044827403 1390 493
1044827403 1391 494
1044827403 1392 494
1044827403 1392 494
1044827403 1393 494
1044827403 1394 495
1044827403 1395 495
1044827403 1396 495
1044827403 1397 495
1044827403 1397 495
1044827403 1398 496
1044827403 1398 496
1044827403 1399 496
1044827403 1399 496
1044827403 1400 497
1044827403 1401 498
1044827403 1402 498
1044827403 1403 498
1044827403 1403 498
1044827403 1404 498
1044827403 1405 499
1044827403 1406 499
1044827403 1407 499
1044827403 1407 499
1044827403 1408 500
1044827403 1409 500
1044827403 1410 501
1044827403 1411 501
1044827403 1412 501
1044827403 1413 502
1044827403 1413 502
1044827403 1414 502
1044827403 1415 502
1044827403 1416 502
1044827403 1417 502
1044827403 1418 503
1044827403 1418 503
1044827403 1419 503
1044827403 1420 503
1044827403 1421 504
1044827403 1421 504
1044827403 1421 504
1044827403 1422 504
1044827403 1423 504
1044827403 1423 504
1044827403 1424 505
1044827403 1425 505
1044827403 1426 505
1044827403 1427 505
1044827403 1428 506
1044827403 1429 507
1044827403 1429 507
1044827403 1430 508
1044827403 1431 508
1044827403 1432 508
1044827403 1433 509
1044827403 1434 509
1044827403 1435 509
1044827403 1436 510
1044827403 1437 510
1044827403 1437 510
1044827403 1437 510
1044827403 1438 511
1044827403 1439 511
1044827403 1440 511
1044827403 1441 511
1044827403 1442 512
1044827403 1443 512
1044827403 1444 512
1044827403 1444 512
1044827403 1445 513
1044827403 1445 513
1044827403 1446 513
1044827403 1447 513
1044827403 1448 513
1044827403 1449 514
1044827403 1449 514
1044827403 1450 514
1044827403 1451 514
1044827403 1452 514
1044827403 1453 515
1044827403 1454 515
1044827403 1455 515
1044827403 1456 515
1044827403 1457 516
1044827403 1458 516
1044827403 1459 516
1044827403 1460 517
1044827403 1461 517
1044827403 1462 517
1044827403 1463 518
1044827403 1463 518
1044827403 1464 518
1044827403 1465 518
1044827403 1466 519
1044827403 1467 519
1044827403 1468 519
1044827403 1468 519
1044827403 1469 519
1044827403 1470 520
1044827403 1471 520
1044827403 1472 520
1044827403 1473 520
1044827403 1474 521
1044827403 1475 521
1044827403 1476 521
1044827403 1477 522
1044827403 1478 522
1044827403 1479 522
1044827403 1479 522
1044827403 1480 522
1044827403 1481 523
1044827403 1482 523
1044827403 1483 523
1044827403 1484 524
1044827403 1485 524
1044827403 1486 525
1044827403 1487 526
1044827403 1488 526
1044827403 1489 527
1044827403 1489 527
1044827403 1490 527
1044827403 1490 527
1044827403 1491 527
1044827403 1492 527
1044827403 1493 528
1044827403 1494 529
1044827403 1495 529
1044827403 1496 529
1044827403 1496 529
1044827403 1497 529
1044827403 1498 530
1044827403 1499 530
1044827403 1499 530
1044827403 1500 531
1044827403 1501 531
1044827403 1502 532
1044827403 1503 532
1044827403 1504 532
1044827403 1505 533
1044827403 1506 534
1044827403 1507 534
1044827403 1508 534
1044827403 1509 535
1044827403 1509 535
1044827403 1510 535
1044827403 1511 535
1044827403 1512 535
1044827403 1513 536
1044827403 1513 536
1044827403 1514 536
1044827403 1514 536
1044827403 1514 536
1044827403 1515 536
1044827403 1515 536
1044827403 1516 537
1044827403 1517 537
1044827403 1518 537
1044827403 1519 538
1044827403 1520 538
1044827403 1521 538
1044827403 1522 539
1044827403 1523 539
1044827403 1524 539
1044827403 1525 540
1044827403 1526 540
1044827403 1527 540
1044827403 1528 540
1044827403 1529 541
1044827403 1530 542
1044827403 1530 542
1044827403 1531 542
1044827403 1532 542
1044827403 1532 542
1044827403 1533 543
1044827403 1534 543
1044827403 1535 544
1044827403 1536 544
1044827403 1537 544
1044827403 1538 544
1044827403 1538 544
1044827403 1539 545
1044827403 1540 545
1044827403 1541 545
1044827403 1542 546
1044827403 1543 546
1044827403 1544 546
1044827403 1545 546
1044827403 1546 547
1044827403 1547 547
1044827403 1547 547
1044827403 1548 548
1044827403 1549 548
1044827403 1550 549
1044827403 1551 549
1044827403 1552 549
1044827403 1553 550
1044827403 1554 550
1044827403 1555 550
1044827403 1556 551
1044827403 1557 551
1044827403 1558 551
1044827403 1559 552
1044827403 1560 552
1044827403 1561 552
1044827403 1562 553
1044827403 1563 553
1044827403 1564 553
1044827403 1565 554
1044827403 1566 554
1044827403 1567 554
1044827403 1568 554
1044827403 1569 555
1044827403 1570 556
1044827403 1571 556
1044827403 1572 556
1044827403 1573 557
1044827403 1574 557
1044827403 1575 557
1044827403 1576 557
1044827403 1577 558
1044827403 1578 558
1044827403 1579 558
1044827403 1580 558
1044827403 1581 559
1044827403 1582 559
1044827403 1583 559
1044827403 1584 559
1044827403 1585 560
1044827403 1586 560
1044827403 1587 560
1044827403 1587 560
1044827403 1588 561
1044827403 1589 561
1044827403 1590 561
1044827403 1590 561
1044079195 1591 562
1044079195 1592 562
1044079195 1593 562
1044079195 1594 563
1044079195 1595 563
1044079195 1596 563
1044079195 1596 563
1044079195 1597 563
1044079195 1598 564
1044079195 1599 564
1044079195 1600 565
1044079195 1601 565
1044079195 1602 565
1044079195 1603 566
1044079195 1603 566
1044079195 1604 566
1044079195 1605 566
1044079195 1606 566
1044079195 1607 567
1044079195 1608 567
1044079195 1609 567
1044079195 1610 567
1044079195 1611 568
1044079195 1612 568
1044079195 1613 569
1044079195 1614 569
1044079195 1615 569
1044079195 1615 569
1044079195 1616 569
1044079195 1617 570
1044079195 1618 570
1044079195 1619 571
1044079195 1620 571
1044079195 1621 571
1044079195 1622 572
1044079195 1623 573
1044079195 1623 573
1044079195 1624 573
1044079195 1624 573
1044079195 1625 573
1044079195 1626 574
1044079195 1627 574
1044079195 1627 574
1044079195 1628 574
1044079195 1629 575
1044079195 1630 575
1044079195 1631 575
1044079195 1632 575
1044079195 1633 576
1044079195 1634 576
1044079195 1635 577
1044079195 1636 577
1044079195 1637 577
1044079195 1638 578
1044079195 1639 578
1044079195 1640 578
1044079195 1641 579
1044079195 1642 579
1044079195 1643 579
1044079195 1644 580
1044079195 1645 580
1044079195 1646 581
1044079195 1647 582
1044079195 1648 582
1044079195 1649 582
1044079195 1650 583
1044079195 1651 583
1044079195 1652 583
1044079195 1653 583
1044079195 1654 584
1044079195 1655 584
1044079195 1656 585
1044079195 1657 585
1044079195 1658 585
1044079195 1659 585
1044079195 1660 586
1044079195 1661 586
1044079195 1662 586
1044079195 1663 587
1044079195 1664 587
1044079195 1665 587
1044079195 1666 587
1044079195 1667 588
1044079195 1668 588
1044079195 1669 589
1044079195 1670 589
1044079195 1671 590
1044079195 1672 590
1044079195 1673 590
1044079195 1673 590
1044079195 1674 591
1044079195 1675 591
1044079195 1676 591
1044079195 1677 592
1044079195 1678 592
1044079195 1679 592
1044079195 1680 592
1044079195 1681 593
1044079195 1682 593
1044079195 1683 593
1044079195 1684 594
1044079195 1685 595
1044079195 1686 595
1044079195 1687 595
1044079195 1687 595
1044079195 1688 595
1044079195 1689 596
1044079195 1690 597
1044079195 1691 597
1044079195 1692 598
1044079195 1693 598
1044079195 1694 598
1044079195 1694 598
1044079195 1695 599
1044079195 1696 599
1044079195 1697 599
1044079195 1698 600
1044079195 1699 601
