4503399509 1 3
4503399509 2 4
2520513331 3 4
2073131833 4 4
1957262307 5 5
1918820223.2344 6 5
1918820223.2344 7 6
1918820223.2344 8 7
1918820223.2344 9 7
1473079533 10 7
1473079533 11 8
1473079533 12 8
1473079533 13 9
1447230340 14 9
1447230340 14 9
1447230340 15 9
1447230340 16 10
1447230340 17 10
1447230340 18 10
1447230340 18 10
1447230340 19 11
1447230340 20 11
1447230340 21 11
1447230340 22 11
1447230340 23 12
1447230340 24 12
1447230340 25 12
1447230340 26 13
1447230340 26 13
1447230340 27 13
1447230340 28 13
1447230340 29 14
1447230340 30 14
1447230340 30 14
1447230340 31 14
1447230340 32 14
1447230340 33 15
1447230340 34 16
1447230340 35 16
1447230340 36 16
1447230340 37 17
1447230340 38 17
1447230340 39 17
1447230340 40 17
1447230340 41 18
1447230340 42 18
1447230340 43 18
1447230340 44 19
1293446674 45 19
1293446674 46 19
1293446674 47 20
1293446674 48 20
1293446674 48 20
1293446674 49 21
1293446674 50 21
1293446674 51 22
1293446674 51 22
1293446674 52 22
1293446674 52 22
1293446674 52 22
1293446674 53 22
1293446674 53 22
1293446674 54 22
1293446674 55 23
1293446674 55 23
1145257648 56 23
1145257648 57 23
1145257648 58 24
1145257648 59 24
1145257648 60 24
1145257648 61 24
1145257648 62 25
1145257648 63 25
1145257648 64 25
1145257648 65 26
1145257648 66 26
1145257648 67 26
1145257648 67 27
1145257648 68 27
1145257648 69 27
1145257648 70 27
1145257648 71 28
1145257648 72 29
1145257648 73 29
1145257648 73 29
1145257648 74 29
1145257648 75 30
1145257648 76 30
1145257648 77 30
1145257648 78 30
1145257648 79 31
1145257648 80 31
1145257648 81 31
1145257648 82 32
1145257648 83 32
1145257648 84 32
1145257648 85 33
1145257648 86 33
1145257648 87 33
1145257648 88 33
1145257648 89 34
1145257648 90 34
1145257648 91 34
1145257648 91 34
1145257648 92 35
1145257648 93 35
1145257648 93 35
1145257648 94 35
1145257648 95 36
1145257648 96 36
1145257648 97 36
1145257648 98 37
1145257648 99 37
1145257648 100 37
1145257648 100 37
1145257648 101 38
1145257648 102 38
1145257648 103 38
1145257648 104 39
1145257648 104 39
1145257648 104 39
1145257648 105 39
1145257648 106 39
1145257648 107 39
1145257648 107 39
1145257648 107 39
1145257648 108 40
1145257648 108 40
1145257648 109 40
1145257648 110 40
1145257648 111 41
1145257648 112 41
1145257648 113 41
1145257648 114 42
1145257648 115 42
1145257648 116 42
1145257648 117 43
1145257648 118 43
1145257648 119 43
1145257648 119 43
1145257648 120 44
1145257648 121 44
1145257648 122 44
1145257648 123 44
1145257648 124 45
1145257648 125 45
1145257648 126 45
1145257648 127 46
1145257648 128 46
1145257648 129 46
1145257648 130 47
1145257648 131 47
1145257648 132 47
1145257648 133 48
1145257648 134 48
1145257648 135 48
1145257648 135 48
1145257648 136 49
1145257648 137 49
1145257648 138 49
1145257648 139 49
1145257648 140 50
1145257648 141 50
1145257648 142 50
1145257648 143 51
1145257648 143 51
1145257648 144 51
1145257648 145 52
1145257648 146 52
1145257648 147 52
1145257648 148 53
1145257648 149 53
1145257648 150 53
1145257648 151 54
1145257648 152 55
1145257648 153 55
1145257648 154 55
1145257648 155 56
1145257648 156 56
1145257648 157 56
1145257648 157 56
1145257648 158 56
1145257648 159 56
1145257648 160 57
1145257648 161 57
1145257648 162 58
1145257648 163 59
1145257648 164 59
1145257648 165 59
1145257648 166 59
1145257648 167 60
1145257648 168 60
1145257648 169 60
1145257648 170 60
1145257648 171 61
1145257648 172 61
1145257648 173 61
1145257648 174 62
1145257648 175 63
1145257648 176 63
1145257648 176 63
1145257648 177 63
1145257648 178 64
1145257648 179 64
1145257648 180 64
1145257648 181 65
1145257648 182 65
1145257648 183 65
1145257648 184 65
1145257648 185 66
1145257648 186 66
1145257648 187 66
1145257648 188 67
1145257648 188 67
1145257648 189 67
1145257648 190 67
1145257648 191 67
1145257648 192 68
1145257648 193 68
1145257648 194 69
1145257648 195 69
1145257648 196 70
1145257648 197 70
1145257648 198 70
1145257648 198 70
1145257648 199 71
1145257648 200 71
1145257648 201 71
1145257648 202 72
1145257648 203 72
1145257648 203 72
1145257648 204 72
1145257648 205 73
1145257648 206 73
1145257648 207 73
1145257648 208 74
1145257648 209 74
1145257648 209 74
1145257648 210 74
1145257648 211 75
1145257648 212 75
1145257648 213 75
1145257648 214 75
1145257648 215 76
1145257648 216 76
1145257648 216 76
1145257648 217 76
1145257648 218 77
1145257648 219 77
1145257648 220 77
1145257648 221 78
1145257648 221 78
1145257648 222 78
1145257648 223 78
1145257648 224 78
1145257648 225 79
1145257648 226 79
1145257648 226 79
1145257648 227 80
1145257648 228 80
1145257648 229 81
1145257648 229 81
1145257648 229 81
1145257648 230 81
1145257648 231 82
1145257648 232 82
1145257648 233 82
1145257648 233 82
1145257648 234 82
1145257648 235 83
1145257648 236 83
1145257648 236 83
1145257648 237 83
1145257648 238 84
1145257648 238 84
1145257648 239 84
1145257648 240 84
1145257648 240 84
1145257648 240 84
1145257648 241 85
1145257648 241 85
1145257648 241 85
1145257648 242 85
1145257648 243 85
1145257648 244 86
1145257648 245 86
1145257648 246 86
1145257648 247 87
1145257648 248 87
1145257648 249 87
1145257648 250 88
1145257648 251 88
1145257648 252 88
1145257648 253 89
1145257648 254 89
1145257648 255 89
1145257648 256 90
1145257648 257 90
1145257648 258 90
1145257648 259 91
1145257648 260 91
1145257648 260 91
1145257648 261 91
1145257648 262 92
1145257648 263 92
1145257648 264 92
1145257648 265 93
1145257648 266 93
1145257648 266 93
1145257648 266 93
1145257648 267 93
1145257648 268 94
1145257648 268 94
1145257648 269 94
1145257648 270 94
1145257648 271 94
1145257648 271 94
1145257648 272 95
1145257648 273 95
1145257648 274 95
1145257648 275 96
1145257648 276 97
1145257648 277 97
1145257648 278 98
1145257648 279 98
1145257648 280 98
1145257648 281 98
1145257648 281 98
1145257648 282 99
1145257648 282 99
1145257648 283 99
1145257648 284 100
1145257648 285 100
1145257648 286 100
1145257648 287 101
1145257648 287 101
1145257648 288 101
1145257648 288 101
1145257648 289 102
1145257648 290 102
1145257648 291 102
1145257648 292 102
1145257648 292 102
1145257648 293 103
1145257648 294 103
1145257648 295 103
1145257648 296 104
1145257648 296 104
1145257648 297 104
1145257648 298 105
1145257648 299 105
1145257648 300 105
1145257648 301 105
1145257648 302 106
1145257648 303 106
1145257648 304 107
1145257648 305 107
1145257648 306 107
1145257648 307 108
1145257648 308 108
1145257648 309 108
1145257648 310 109
1145257648 311 109
1145257648 312 109
1145257648 313 110
1145257648 314 111
1145257648 314 111
1145257648 315 111
1145257648 316 111
1145257648 317 111
1145257648 318 112
1145257648 318 112
1145257648 319 112
1145257648 320 113
1145257648 321 113
1145257648 322 114
1145257648 323 115
1145257648 324 115
1145257648 325 115
1145257648 325 115
1145257648 326 116
1145257648 327 116
1145257648 328 116
1145257648 329 117
1145257648 330 118
1145257648 330 118
1145257648 331 118
1145257648 332 118
1145257648 333 119
1145257648 334 119
1145257648 335 119
1145257648 336 120
1145257648 336 120
1145257648 337 120
1145257648 338 120
1145257648 338 120
1145257648 339 120
1145257648 340 121
1145257648 341 121
1145257648 342 121
1145257648 343 121
1145257648 344 122
1145257648 345 122
1145257648 346 122
1145257648 347 123
1145257648 348 123
1145257648 349 123
1145257648 350 124
1145257648 351 124
1145257648 351 124
1145257648 352 125
1145257648 352 125
1145257648 353 125
1145257648 354 126
1145257648 355 126
1145257648 356 126
1145257648 357 127
1145257648 357 127
1145257648 358 127
1145257648 359 127
1145257648 360 127
1145257648 361 128
1145257648 362 128
1145257648 363 129
1145257648 364 129
1145257648 365 129
1145257648 366 130
1145257648 367 130
1145257648 367 130
1145257648 368 130
1145257648 369 131
1145257648 370 132
1145257648 371 132
1145257648 372 132
1145257648 373 133
1145257648 374 133
1145257648 375 133
1145257648 375 133
1145257648 376 133
1145257648 377 133
1145257648 378 134
1145257648 379 135
1145257648 380 135
1145257648 381 136
1145257648 382 136
1145257648 383 136
1145257648 384 136
1145257648 385 137
1145257648 386 137
1145257648 387 137
1145257648 387 137
1145257648 388 138
1145257648 389 138
1145257648 390 138
1145257648 391 139
1145257648 392 139
1145257648 393 139
1145257648 394 140
1145257648 395 140
1145257648 396 140
1145257648 397 141
1145257648 398 142
1145257648 399 142
1145257648 399 142
1145257648 400 142
1145257648 401 143
1145257648 402 143
1145257648 403 143
1145257648 404 144
1145257648 405 144
1145257648 406 144
1145257648 407 144
1145257648 407 144
1145257648 408 145
1145257648 409 146
1145257648 410 146
1145257648 411 146
1145257648 411 146
1145257648 412 147
1145257648 413 147
1145257648 413 147
1145257648 414 147
1145257648 415 148
1145257648 416 148
1145257648 417 148
1145257648 418 148
1145257648 419 149
1145257648 420 149
1145257648 421 149
1145257648 422 150
1145257648 423 150
1145257648 424 150
1145257648 425 151
1145257648 426 151
1145257648 427 151
1145257648 428 152
1145257648 429 152
1145257648 430 153
1145257648 431 154
1145257648 432 154
1145257648 433 154
1145257648 433 154
1145257648 434 154
1145257648 435 155
1145257648 436 155
1145257648 437 155
1145257648 438 156
1145257648 438 156
1145257648 439 156
1145257648 440 156
1145257648 440 156
1145257648 441 156
1145257648 442 157
1145257648 443 157
1145257648 444 157
1145257648 445 158
1145257648 446 158
1145257648 447 158
1145257648 448 158
1145257648 449 159
1145257648 450 159
1145257648 451 159
1145257648 452 160
1145257648 452 160
1145257648 453 160
1145257648 454 161
1145257648 455 161
1145257648 456 161
1145257648 457 162
1145257648 458 162
1145257648 459 162
1145257648 460 162
1145257648 461 163
1145257648 461 163
1145257648 462 163
1145257648 463 164
1145257648 464 164
1145257648 465 164
1145257648 466 165
1145257648 467 165
1145257648 468 165
1145257648 469 165
1145257648 470 166
1145257648 471 166
1145257648 471 166
1145257648 472 167
1145257648 473 167
1145257648 474 167
1145257648 475 168
1145257648 476 168
1145257648 477 169
1145257648 478 169
1145257648 479 169
1145257648 480 170
1145257648 481 170
1145257648 482 170
1145257648 483 170
1145257648 483 170
1145257648 484 171
1145257648 485 171
1145257648 486 172
1145257648 487 172
1145257648 487 172
1145257648 488 172
1145257648 488 172
1145257648 489 172
1145257648 490 173
1145257648 491 173
1145257648 491 173
1145257648 492 173
1145257648 493 174
1145257648 494 174
1145257648 495 174
1145257648 496 175
1145257648 497 175
1145257648 498 176
1145257648 498 176
1145257648 499 176
1145257648 500 176
1145257648 501 177
1145257648 502 178
1145257648 503 178
1145257648 503 178
1145257648 504 178
1145257648 505 179
1145257648 506 179
1145257648 507 179
1145257648 508 179
1145257648 509 180
1145257648 510 180
1145257648 511 180
1145257648 512 181
1145257648 513 182
1145257648 514 182
1145257648 515 182
1145257648 516 183
1145257648 517 183
1145257648 518 183
1145257648 519 183
1145257648 520 184
1145257648 521 184
1145257648 522 184
1145257648 523 184
1145257648 524 185
1145257648 524 185
1145257648 524 185
1145257648 525 186
1145257648 526 186
1145257648 527 186
1145257648 528 187
1145257648 529 187
1145257648 530 187
1145257648 530 187
1145257648 531 187
1145257648 531 187
1145257648 532 188
1145257648 533 188
1145257648 534 188
1145257648 535 189
1145257648 536 189
1145257648 536 189
1145257648 537 189
1145257648 538 189
1145257648 539 190
1145257648 540 190
1145257648 541 190
1145257648 542 191
1145257648 543 191
1145257648 544 191
1145257648 545 192
1145257648 546 193
1145257648 546 193
1145257648 547 193
1145257648 547 193
1145257648 548 193
1145257648 549 193
1145257648 550 194
1145257648 551 194
1145257648 552 194
1145257648 553 195
1114011473 554 196
1114011473 555 196
1114011473 556 197
1114011473 556 197
1114011473 557 197
1114011473 558 197
1114011473 559 197
1114011473 560 198
1114011473 560 198
1114011473 561 198
1114011473 562 198
1114011473 562 198
1114011473 563 199
1114011473 563 199
1114011473 563 199
1114011473 564 199
1114011473 565 199
1114011473 565 199
1114011473 565 199
1114011473 566 199
1114011473 567 200
1114011473 568 200
1114011473 569 200
1114011473 569 200
1114011473 570 201
1114011473 571 201
1114011473 572 201
1114011473 572 201
1114011473 572 201
1114011473 573 202
1114011473 574 203
1114011473 574 203
1114011473 575 204
1114011473 576 204
1114011473 577 204
1114011473 578 205
1114011473 579 205
1114011473 579 205
1114011473 580 205
1114011473 580 205
1114011473 581 205
1114011473 582 206
1114011473 582 206
1114011473 583 206
1114011473 584 206
1114011473 585 207
1114011473 586 207
1114011473 587 207
1114011473 588 208
1114011473 589 209
1114011473 590 209
1114011473 591 209
1114011473 592 210
1114011473 593 210
1114011473 594 210
1114011473 595 210
1114011473 596 211
1114011473 597 211
1114011473 598 211
1114011473 599 212
1114011473 600 212
1114011473 600 212
1114011473 600 212
1114011473 601 212
1114011473 602 213
1114011473 603 213
1114011473 604 213
1114011473 605 213
1114011473 606 214
1114011473 606 214
1114011473 607 214
1114011473 608 214
1114011473 609 215
1114011473 610 215
1114011473 611 215
1114011473 612 216
1114011473 613 216
1114011473 614 216
1114011473 615 216
1114011473 615 216
1114011473 616 217
1114011473 617 217
1114011473 618 217
1114011473 619 218
1114011473 620 218
1114011473 621 218
1114011473 622 218
1114011473 623 219
1114011473 624 219
1114011473 624 219
1114011473 625 219
1114011473 625 219
1114011473 626 220
1114011473 627 220
1114011473 628 220
1114011473 629 221
1114011473 630 221
1114011473 631 221
1114011473 632 221
1114011473 633 222
1114011473 633 222
1114011473 634 222
1114011473 635 222
1114011473 636 223
1114011473 637 224
1114011473 638 224
1114011473 639 225
1114011473 640 225
1114011473 641 225
1114011473 642 225
1114011473 643 226
1114011473 644 226
1114011473 644 226
1114011473 645 226
1114011473 646 227
1114011473 647 227
1114011473 648 227
1114011473 649 228
1114011473 650 228
1114011473 651 228
1114011473 652 228
1114011473 652 228
1114011473 653 229
1114011473 654 229
1114011473 655 230
1114011473 656 230
1114011473 656 230
1114011473 657 230
1114011473 658 231
1114011473 659 231
1114011473 660 231
1114011473 661 232
1114011473 661 232
1114011473 662 232
1114011473 663 232
1114011473 664 232
1114011473 665 233
1114011473 666 233
1114011473 667 233
1114011473 668 233
1114011473 669 234
1114011473 670 235
1114011473 671 235
1114011473 672 236
1114011473 673 236
1114011473 674 236
1114011473 675 237
1114011473 676 237
1114011473 677 237
1114011473 678 238
1114011473 679 238
1114011473 680 238
1114011473 681 238
1114011473 682 239
1114011473 683 239
1114011473 684 239
1114011473 685 240
1114011473 686 240
1114011473 687 240
1114011473 688 241
1114011473 689 241
1114011473 689 241
1114011473 690 241
1114011473 691 242
1114011473 692 242
1114011473 693 242
1114011473 694 242
1114011473 694 242
1114011473 695 243
1114011473 696 243
1114011473 697 243
1114011473 697 243
1114011473 698 244
1114011473 698 244
1114011473 699 244
1114011473 700 244
1114011473 701 245
1114011473 701 245
1114011473 702 245
1114011473 703 245
1114011473 704 245
1114011473 705 246
1114011473 706 246
1114011473 707 247
1114011473 707 247
1114011473 708 247
1114011473 709 247
1114011473 709 247
1114011473 710 248
1114011473 711 248
1114011473 712 248
1114011473 713 248
1114011473 714 249
1114011473 714 249
1114011473 715 249
1114011473 716 250
1114011473 716 250
1114011473 717 250
1114011473 718 250
1114011473 719 251
1114011473 720 251
1114011473 721 252
1114011473 722 252
1114011473 723 252
1114011473 724 252
1114011473 725 253
1114011473 726 253
1114011473 727 253
1114011473 728 254
1114011473 729 254
1114011473 730 254
1114011473 731 254
1114011473 732 255
1114011473 733 255
1114011473 734 256
1114011473 734 256
1114011473 735 256
1114011473 736 256
1114011473 737 256
1114011473 738 257
1114011473 739 257
1114011473 740 257
1114011473 740 257
1114011473 741 258
1114011473 742 258
1114011473 743 259
1114011473 744 259
1114011473 745 259
1114011473 746 259
1114011473 747 260
1114011473 748 261
1114011473 748 261
1114011473 749 261
1114011473 750 261
1114011473 751 261
1114011473 752 262
1114011473 753 262
1114011473 754 262
1114011473 755 262
1114011473 756 263
1114011473 757 263
1114011473 758 263
1114011473 759 264
1114011473 760 264
1114011473 760 264
1114011473 761 264
1114011473 762 265
1114011473 762 265
1114011473 763 265
1114011473 764 265
1114011473 765 266
1114011473 766 267
1114011473 767 267
1114011473 768 267
1114011473 769 268
1114011473 769 268
1114011473 770 268
1114011473 770 268
1114011473 771 269
1114011473 772 269
1114011473 773 270
1114011473 774 270
1114011473 775 270
1114011473 776 270
1114011473 777 271
1114011473 778 271
1114011473 779 271
1114011473 780 271
1114011473 780 271
1114011473 780 271
1114011473 781 272
1114011473 782 273
1114011473 783 273
1114011473 784 273
1114011473 784 273
1114011473 785 274
1114011473 786 274
1114011473 787 274
1114011473 788 274
1114011473 789 275
1114011473 790 276
1114011473 791 276
1114011473 791 276
1114011473 792 276
1114011473 793 277
1114011473 794 277
1114011473 795 278
1114011473 796 278
1114011473 796 278
1114011473 797 279
1114011473 797 279
1114011473 798 279
1114011473 799 279
1114011473 800 280
1114011473 800 280
1114011473 801 280
1114011473 802 280
1114011473 803 281
1114011473 804 281
1114011473 805 281
1114011473 806 282
1114011473 807 282
1114011473 808 282
1114011473 809 283
1114011473 810 283
1114011473 811 283
1114011473 812 283
1114011473 813 284
1114011473 814 285
1114011473 815 285
1114011473 816 286
1114011473 816 286
1114011473 817 286
1114011473 818 286
1114011473 819 286
1114011473 820 287
1114011473 821 288
1114011473 822 288
1114011473 823 288
1114011473 824 288
1114011473 825 289
1114011473 826 289
1114011473 827 289
1114011473 827 289
1114011473 827 289
1114011473 828 290
1114011473 829 290
1114011473 829 290
1114011473 830 291
1114011473 831 291
1114011473 831 291
1114011473 832 291
1114011473 832 291
1114011473 833 292
1114011473 834 292
1114011473 835 292
1114011473 836 292
1114011473 836 292
1114011473 836 292
1114011473 837 293
1114011473 838 293
1114011473 838 293
1114011473 839 293
1114011473 840 294
1114011473 841 294
1114011473 842 294
1114011473 843 294
1114011473 844 295
1114011473 845 295
1114011473 846 296
1114011473 847 296
1114011473 848 296
1114011473 849 297
1114011473 850 297
1114011473 851 297
1114011473 852 297
1114011473 853 298
1114011473 854 298
1114011473 855 298
1114011473 856 299
1114011473 857 300
1114011473 857 300
1114011473 858 300
1114011473 859 300
1114011473 860 301
1114011473 861 301
1114011473 862 302
1114011473 862 302
1114011473 862 302
1114011473 863 302
1114011473 864 302
1114011473 864 302
1114011473 864 302
1114011473 865 302
1114011473 866 303
1114011473 867 303
1114011473 867 303
1114011473 868 303
1114011473 869 303
1114011473 870 304
1114011473 871 304
1114011473 871 304
1114011473 872 304
1114011473 873 305
1114011473 874 305
1114011473 875 305
1114011473 876 305
1114011473 877 306
1114011473 878 308
1114011473 879 308
1114011473 879 308
1114011473 880 308
1114011473 881 309
1114011473 882 309
1114011473 883 309
1114011473 884 310
1114011473 885 310
1114011473 886 310
1114011473 887 310
1114011473 888 311
1114011473 889 311
1114011473 890 311
1114011473 890 311
1114011473 891 311
1114011473 892 312
1114011473 893 312
1114011473 894 312
1114011473 895 313
1114011473 896 313
1114011473 896 313
1114011473 897 314
1114011473 898 314
1114011473 899 314
1114011473 900 314
1114011473 901 315
1114011473 902 315
1114011473 903 315
1114011473 904 315
1114011473 905 316
1114011473 906 317
1114011473 906 317
1114011473 907 317
1114011473 908 317
1114011473 909 317
1114011473 910 319
1114011473 911 319
1114011473 912 319
1114011473 912 319
1114011473 913 319
1114011473 914 320
1114011473 915 320
1114011473 916 321
1114011473 917 321
1114011473 918 322
1114011473 919 322
1114011473 920 322
1114011473 921 322
1061148940 922 323
1061148940 922 323
1061148940 923 323
1061148940 923 323
1061148940 924 323
1061148940 925 324
1061148940 926 324
1061148940 927 324
1061148940 928 324
1061148940 929 325
1061148940 930 325
1061148940 931 325
1061148940 932 326
1061148940 933 326
1061148940 934 326
1061148940 935 326
1061148940 936 327
1061148940 937 327
1061148940 938 327
1061148940 939 328
1061148940 940 328
1061148940 940 328
1061148940 941 328
1061148940 942 329
1061148940 943 329
1061148940 944 330
1061148940 945 330
1061148940 946 331
1061148940 947 331
1061148940 948 332
1061148940 949 332
1061148940 950 332
1061148940 951 332
1061148940 952 333
1061148940 953 334
1061148940 953 334
1061148940 954 334
1061148940 955 334
1061148940 956 334
1061148940 957 335
1061148940 958 335
1061148940 959 335
1061148940 960 335
1061148940 961 337
1061148940 962 337
1061148940 962 337
1061148940 963 338
1061148940 964 338
1061148940 965 339
1061148940 966 339
1061148940 967 339
1061148940 968 339
1061148940 969 340
1061148940 970 340
1061148940 971 340
1061148940 971 340
1061148940 972 341
1061148940 973 341
1061148940 974 341
1061148940 975 342
1061148940 976 342
1061148940 977 342
1061148940 977 342
1061148940 978 342
1061148940 979 343
1061148940 980 343
1061148940 981 343
1061148940 982 343
1061148940 983 344
1061148940 984 344
1061148940 985 344
1061148940 986 344
1061148940 987 345
1061148940 988 345
1061148940 989 346
1061148940 990 346
1061148940 991 346
1061148940 992 347
1061148940 993 347
1061148940 994 347
1061148940 995 348
1061148940 996 348
1061148940 996 348
1061148940 997 348
1061148940 998 349
1061148940 999 349
1061148940 1000 350
1061148940 1001 350
1061148940 1002 350
1061148940 1003 351
1061148940 1004 351
1061148940 1004 351
1061148940 1004 351
1061148940 1005 352
1061148940 1006 352
1061148940 1007 352
1061148940 1008 353
1061148940 1009 353
1061148940 1010 353
1061148940 1011 354
1061148940 1012 355
1061148940 1013 355
1061148940 1014 355
1061148940 1015 355
1061148940 1016 356
1061148940 1017 356
1061148940 1018 356
1061148940 1019 357
1061148940 1020 357
1061148940 1020 357
1061148940 1021 358
1061148940 1022 358
1061148940 1023 358
1061148940 1024 359
1061148940 1025 359
1061148940 1026 359
1061148940 1026 359
1061148940 1027 360
1061148940 1028 360
1061148940 1029 360
1061148940 1029 360
1061148940 1030 361
1061148940 1031 361
1061148940 1031 361
1061148940 1032 361
1061148940 1033 362
1061148940 1033 362
1061148940 1034 362
1061148940 1035 362
1061148940 1035 362
1061148940 1036 363
1061148940 1037 363
1061148940 1038 364
1061148940 1039 364
1061148940 1040 364
1061148940 1041 365
1061148940 1042 365
1061148940 1043 366
1061148940 1044 366
1061148940 1044 366
1061148940 1045 367
1061148940 1046 367
1061148940 1047 368
1061148940 1048 368
1061148940 1049 368
1061148940 1049 368
1061148940 1050 369
1061148940 1051 369
1061148940 1052 369
1061148940 1052 369
1061148940 1053 370
1061148940 1053 370
1061148940 1054 370
1061148940 1055 370
1061148940 1056 371
1061148940 1057 371
1061148940 1058 371
1061148940 1059 372
1061148940 1060 372
1061148940 1061 372
1061148940 1062 373
1061148940 1063 373
1061148940 1064 373
1061148940 1065 374
1061148940 1066 374
1061148940 1067 374
1061148940 1068 374
1061148940 1069 375
1061148940 1070 375
1061148940 1071 375
1061148940 1071 375
1061148940 1071 375
1061148940 1072 375
1061148940 1073 376
1061148940 1074 376
1061148940 1075 376
1061148940 1076 377
1061148940 1077 377
1061148940 1078 378
1061148940 1079 378
1061148940 1080 379
1061148940 1081 379
1061148940 1081 379
1061148940 1082 379
1061148940 1083 380
1061148940 1083 380
1061148940 1084 381
1061148940 1084 381
1061148940 1085 381
1061148940 1086 382
1061148940 1087 382
1061148940 1088 382
1061148940 1089 383
1061148940 1090 383
1061148940 1091 383
1061148940 1092 384
1061148940 1093 384
1061148940 1094 384
1061148940 1095 385
1061148940 1096 385
1061148940 1097 385
1061148940 1098 386
1061148940 1099 386
1061148940 1100 386
1061148940 1101 387
1061148940 1102 387
1061148940 1103 387
1061148940 1104 387
1061148940 1104 387
1061148940 1105 388
1061148940 1106 388
1061148940 1107 388
1061148940 1108 389
1061148940 1109 389
1061148940 1110 389
1061148940 1111 389
1061148940 1112 390
1061148940 1112 390
1061148940 1113 390
1061148940 1114 390
1061148940 1115 390
1061148940 1116 391
1061148940 1117 391
1061148940 1118 391
1061148940 1119 392
1061148940 1120 392
1061148940 1121 392
1061148940 1122 393
1061148940 1123 393
1061148940 1123 393
1061148940 1124 393
1061148940 1125 394
1061148940 1126 395
1061148940 1127 395
1061148940 1128 395
1061148940 1129 395
1061148940 1130 396
1061148940 1131 396
1061148940 1132 396
1061148940 1133 397
1061148940 1134 397
1061148940 1135 397
1061148940 1136 398
1061148940 1137 398
1061148940 1138 398
1061148940 1139 398
1061148940 1140 399
1061148940 1141 399
1061148940 1142 399
1061148940 1143 400
1061148940 1143 400
1061148940 1144 400
1061148940 1145 400
1061148940 1146 401
1061148940 1147 401
1061148940 1148 401
1061148940 1149 402
1061148940 1150 402
1061148940 1151 402
1061148940 1152 402
1061148940 1153 403
1061148940 1154 403
1061148940 1155 403
1061148940 1155 403
1061148940 1156 404
1061148940 1157 404
1061148940 1158 404
1061148940 1159 405
1061148940 1160 405
1061148940 1161 405
1061148940 1162 406
1061148940 1163 406
1061148940 1164 406
1061148940 1165 406
1061148940 1166 407
1061148940 1167 407
1061148940 1167 407
1061148940 1167 407
1061148940 1167 407
1061148940 1168 408
1061148940 1169 408
1061148940 1170 409
1061148940 1170 409
1061148940 1170 409
1061148940 1171 409
1061148940 1172 409
1061148940 1173 409
1061148940 1174 410
1061148940 1175 410
1061148940 1176 411
1061148940 1177 412
1061148940 1178 412
1061148940 1179 412
1061148940 1180 413
1061148940 1181 413
1061148940 1181 413
1061148940 1182 413
1061148940 1183 414
1061148940 1184 414
1061148940 1185 414
1061148940 1186 414
1061148940 1187 415
1061148940 1188 415
1061148940 1189 415
1061148940 1190 416
1061148940 1190 416
1061148940 1191 416
1061148940 1192 416
1061148940 1193 416
1061148940 1194 417
1061148940 1195 417
1061148940 1196 418
1061148940 1197 418
1061148940 1198 418
1061148940 1199 419
1061148940 1200 419
1061148940 1201 420
1061148940 1202 420
1061148940 1202 420
1061148940 1203 420
1061148940 1204 421
1061148940 1204 421
1061148940 1205 421
1061148940 1205 421
1061148940 1206 421
1061148940 1207 421
1061148940 1208 422
1061148940 1209 422
1061148940 1209 422
1061148940 1210 423
1061148940 1211 423
1061148940 1212 423
1061148940 1213 423
1061148940 1214 424
1061148940 1214 424
1061148940 1215 424
1061148940 1216 425
1061148940 1216 425
1061148940 1217 425
1061148940 1218 425
1061148940 1219 426
1061148940 1220 426
1061148940 1221 426
1061148940 1222 427
1061148940 1223 427
1061148940 1224 427
1061148940 1225 428
1061148940 1226 428
1061148940 1227 428
1061148940 1228 428
1061148940 1229 429
1061148940 1230 429
1039107707 1231 429
1039107707 1232 430
1039107707 1233 430
1039107707 1233 430
1039107707 1234 430
1039107707 1235 430
1039107707 1236 431
1039107707 1237 431
1039107707 1238 431
1039107707 1239 432
1039107707 1239 432
1039107707 1239 432
1039107707 1239 432
1039107707 1240 432
1039107707 1241 433
1039107707 1242 434
1039107707 1243 434
1039107707 1243 434
1039107707 1244 435
1039107707 1245 436
1039107707 1246 436
1039107707 1247 436
1039107707 1248 436
1039107707 1249 437
1039107707 1250 437
1039107707 1250 437
1039107707 1250 437
1039107707 1251 437
1039107707 1252 438
1039107707 1252 438
1039107707 1253 438
1039107707 1254 438
1039107707 1255 439
1039107707 1256 439
1039107707 1257 439
1039107707 1258 439
1039107707 1259 440
1039107707 1260 440
1039107707 1261 441
1039107707 1262 441
1039107707 1263 441
1039107707 1264 441
1039107707 1264 441
1039107707 1265 442
1039107707 1266 442
1039107707 1266 442
1039107707 1266 442
1039107707 1267 442
1039107707 1268 443
1039107707 1269 443
1039107707 1270 443
1039107707 1271 443
1039107707 1272 444
1039107707 1273 444
1039107707 1274 445
1039107707 1275 445
1039107707 1276 445
1039107707 1277 445
1039107707 1278 446
1039107707 1278 446
1039107707 1279 446
1039107707 1280 446
1039107707 1281 447
1039107707 1282 447
1039107707 1283 447
1039107707 1284 448
1039107707 1285 448
1039107707 1285 448
1039107707 1286 448
1039107707 1286 448
1039107707 1287 448
1039107707 1287 448
1039107707 1288 449
1039107707 1288 449
1039107707 1289 449
1039107707 1290 449
1039107707 1291 450
1039107707 1291 450
1039107707 1291 450
1039107707 1292 450
1039107707 1293 450
1039107707 1294 450
1039107707 1294 450
1039107707 1295 451
1039107707 1296 451
1039107707 1297 451
1039107707 1298 452
1039107707 1299 452
1039107707 1300 452
1039107707 1301 452
1039107707 1302 453
1039107707 1303 453
1039107707 1304 454
1039107707 1305 454
1039107707 1306 454
1039107707 1307 455
1039107707 1308 455
1039107707 1308 455
1039107707 1309 455
1039107707 1310 455
1039107707 1310 455
1039107707 1311 456
1039107707 1312 456
1039107707 1313 457
1039107707 1314 457
1039107707 1315 457
1039107707 1316 457
1039107707 1317 458
1039107707 1318 458
1039107707 1319 458
1039107707 1320 458
1039107707 1321 459
1039107707 1322 460
1039107707 1322 460
1039107707 1323 460
1039107707 1324 460
1039107707 1325 461
1039107707 1326 461
1039107707 1327 462
1039107707 1328 462
1039107707 1329 462
1039107707 1330 462
1039107707 1331 463
1039107707 1332 463
1039107707 1333 463
1039107707 1333 463
1039107707 1334 464
1039107707 1335 464
1039107707 1336 464
1039107707 1337 465
1039107707 1337 465
1039107707 1338 465
1039107707 1339 465
1039107707 1340 465
1039107707 1341 466
1039107707 1341 466
1039107707 1342 466
1039107707 1343 466
1039107707 1343 466
1039107707 1344 466
1039107707 1344 466
1039107707 1345 467
1039107707 1345 467
1039107707 1346 467
1039107707 1347 467
1039107707 1348 468
1039107707 1349 468
1039107707 1350 468
1039107707 1350 468
1039107707 1351 468
1039107707 1352 469
1039107707 1352 469
1039107707 1353 470
1039107707 1354 470
1039107707 1355 471
1039107707 1356 471
1039107707 1357 471
1039107707 1358 472
1039107707 1359 472
1039107707 1360 472
1039107707 1361 473
1039107707 1362 473
1039107707 1362 473
1039107707 1363 473
1039107707 1364 474
1039107707 1365 474
1039107707 1366 474
1039107707 1367 474
1039107707 1368 475
1039107707 1369 475
1039107707 1370 476
1039107707 1371 476
1039107707 1372 476
1039107707 1373 477
1039107707 1374 477
1039107707 1375 478
1039107707 1376 478
1039107707 1377 478
1039107707 1378 479
1039107707 1379 479
1039107707 1380 479
1039107707 1381 479
1039107707 1382 480
1039107707 1383 480
1039107707 1384 480
1039107707 1385 481
1039107707 1386 481
1039107707 1387 481
1039107707 1388 481
1039107707 1389 482
1039107707 1390 482
1039107707 1391 482
1039107707 1392 483
1039107707 1393 483
1039107707 1394 483
1039107707 1395 484
1039107707 1396 484
1039107707 1397 484
1039107707 1398 485
1039107707 1399 485
1039107707 1400 485
1039107707 1401 486
1039107707 1402 486
1039107707 1403 486
1039107707 1404 486
1039107707 1405 487
1039107707 1406 487
1039107707 1407 487
1039107707 1408 487
1039107707 1409 488
1039107707 1410 488
1039107707 1411 488
1039107707 1411 488
1039107707 1412 489
1039107707 1413 489
944536692 1414 489
944536692 1415 490
944536692 1415 490
944536692 1416 490
944536692 1417 490
944536692 1418 491
944536692 1419 491
944536692 1420 492
944536692 1421 493
944536692 1422 493
944536692 1423 494
944536692 1424 494
944536692 1425 494
944536692 1426 494
944536692 1427 495
944536692 1428 495
944536692 1429 495
944536692 1430 496
944536692 1431 496
944536692 1432 497
944536692 1433 497
944536692 1434 498
944536692 1434 498
944536692 1435 498
944536692 1436 499
944536692 1436 499
944536692 1437 499
944536692 1438 500
944536692 1439 500
944536692 1440 500
944536692 1441 501
944536692 1442 501
944536692 1443 502
944536692 1444 502
944536692 1444 502
944536692 1444 502
944536692 1445 502
944536692 1446 503
944536692 1447 504
944536692 1448 504
944536692 1449 504
944536692 1450 505
944536692 1451 505
944536692 1452 505
944536692 1453 506
944536692 1454 506
944536692 1455 506
944536692 1456 506
944536692 1457 507
944536692 1457 507
944536692 1457 507
944536692 1458 507
944536692 1459 507
944536692 1460 508
944536692 1461 508
944536692 1461 508
944536692 1462 509
944536692 1463 509
944536692 1464 509
944536692 1465 510
944536692 1466 510
944536692 1467 510
944536692 1467 510
944536692 1468 511
944536692 1469 511
944536692 1470 511
944536692 1471 512
944536692 1472 512
944536692 1473 512
944536692 1474 513
944536692 1475 513
944536692 1476 513
944536692 1477 514
944536692 1478 514
944536692 1479 514
944536692 1480 515
944536692 1480 515
944536692 1480 515
944536692 1481 515
944536692 1482 516
944536692 1483 516
944536692 1484 516
944536692 1485 516
944536692 1486 517
944536692 1487 518
944536692 1487 518
944536692 1488 518
944536692 1489 518
944536692 1490 519
944536692 1491 519
944536692 1492 519
944536692 1493 519
944536692 1494 520
944536692 1494 520
944536692 1495 521
944536692 1496 522
944536692 1497 522
944536692 1498 522
944536692 1499 522
944536692 1499 522
944536692 1500 523
944536692 1501 523
944536692 1501 523
944536692 1501 523
944536692 1502 524
944536692 1503 525
944536692 1504 526
944536692 1505 526
944536692 1506 527
944536692 1507 527
944536692 1508 527
944536692 1509 527
944536692 1510 528
944536692 1511 528
944536692 1511 528
944536692 1512 528
944536692 1513 529
944536692 1513 529
944536692 1514 529
944536692 1515 530
944536692 1516 531
944536692 1517 531
944536692 1518 531
944536692 1519 531
944536692 1519 531
944536692 1520 532
944536692 1520 532
944536692 1521 532
944536692 1521 532
944536692 1521 532
944536692 1522 532
944536692 1523 532
944536692 1524 533
944536692 1525 533
944536692 1526 533
944536692 1527 534
944536692 1527 534
944536692 1528 534
944536692 1528 534
944536692 1529 534
944536692 1530 535
944536692 1531 535
944536692 1532 535
944536692 1533 535
944536692 1534 536
944536692 1535 537
944536692 1536 537
944536692 1537 537
944536692 1538 538
944536692 1539 539
944536692 1540 540
944536692 1541 540
944536692 1542 540
944536692 1542 540
944536692 1543 540
944536692 1544 541
944536692 1545 541
944536692 1545 541
944536692 1546 541
944536692 1547 542
944536692 1547 542
944536692 1548 543
944536692 1549 543
944536692 1550 543
944536692 1550 543
944536692 1550 543
944536692 1551 544
944536692 1552 544
944536692 1553 544
944536692 1554 544
944536692 1555 545
944536692 1556 545
944536692 1557 545
944536692 1558 546
944536692 1559 546
944536692 1560 546
944536692 1561 547
944536692 1562 547
944536692 1563 547
944536692 1564 548
944536692 1565 549
944536692 1566 549
944536692 1566 549
944536692 1567 549
944536692 1567 549
944536692 1568 550
944536692 1568 550
944536692 1568 550
944536692 1569 550
944536692 1570 550
944536692 1571 550
944536692 1572 551
944536692 1573 551
944536692 1574 551
944536692 1575 552
944536692 1576 552
944536692 1577 552
944536692 1578 552
944536692 1579 553
944536692 1580 553
944536692 1581 553
944536692 1582 554
944536692 1583 554
944536692 1584 554
944536692 1585 554
944536692 1586 555
944536692 1587 555
944536692 1587 555
944536692 1588 556
944536692 1589 556
944536692 1590 556
944536692 1591 556
944536692 1592 557
944536692 1593 557
944536692 1594 558
944536692 1595 558
944536692 1596 558
944536692 1596 558
944536692 1596 558
944536692 1597 559
944536692 1598 559
944536692 1598 559
944536692 1599 559
944536692 1600 559
944536692 1600 560
944536692 1601 560
944536692 1602 560
944536692 1603 561
944536692 1604 561
944536692 1605 562
944536692 1606 562
944536692 1607 562
944536692 1608 562
944536692 1609 563
944536692 1610 563
944536692 1611 565
944536692 1612 565
944536692 1613 566
944536692 1614 566
944536692 1615 566
944536692 1616 567
944536692 1617 567
944536692 1618 568
944536692 1619 568
944536692 1620 569
944536692 1621 569
944536692 1622 569
944536692 1623 570
944536692 1624 571
944536692 1625 571
944536692 1625 571
944536692 1625 571
944536692 1626 572
944536692 1627 572
944536692 1628 572
944536692 1629 573
944536692 1629 573
944536692 1630 573
944536692 1631 573
944536692 1632 573
944536692 1633 574
944536692 1634 574
944536692 1635 574
944536692 1636 575
944536692 1637 575
944536692 1638 575
944536692 1639 576
944536692 1639 576
944536692 1640 576
944536692 1641 576
944536692 1642 577
944536692 1643 577
944536692 1643 577
944536692 1644 577
944536692 1645 578
944536692 1646 578
944536692 1646 578
944536692 1647 578
944536692 1648 579
944536692 1649 579
944536692 1650 580
944536692 1651 580
944536692 1652 580
944536692 1653 581
944536692 1653 581
944536692 1654 581
944536692 1655 581
944536692 1655 581
944536692 1656 581
944536692 1657 582
944536692 1658 582
944536692 1659 582
944536692 1660 583
944536692 1661 583
944536692 1662 583
944536692 1663 584
944536692 1664 584
944536692 1665 585
944536692 1666 585
944536692 1667 585
944536692 1667 585
944536692 1668 586
944536692 1669 586
944536692 1670 586
944536692 1671 587
944536692 1671 587
944536692 1672 587
944536692 1673 587
944536692 1674 587
944536692 1675 588
944536692 1676 589
944536692 1677 589
944536692 1678 589
944536692 1679 589
944536692 1680 590
944536692 1681 590
944536692 1682 590
944536692 1683 591
944536692 1684 591
944536692 1685 591
944536692 1686 591
944536692 1687 592
944536692 1687 592
944536692 1688 592
944536692 1689 593
944536692 1689 593
944536692 1689 593
944536692 1690 593
944536692 1691 594
944536692 1692 595
944536692 1693 595
944536692 1694 595
944536692 1695 595
944536692 1696 596
944536692 1697 597
944536692 1698 597
944536692 1699 597
944536692 1700 597
944536692 1700 597
944536692 1701 598
944536692 1702 598
944536692 1703 598
944536692 1704 599
944536692 1705 599
944536692 1705 599
944536692 1706 599
944536692 1707 600
944536692 1708 601
