2186385826 1 3
2186385826 2 3
1159321655 3 3
1159321655 4 3
1159321655 5 4
1159321655 6 4
1159321655 6 4
1159321655 7 4
1159321655 8 5
1159321655 9 5
1159321655 10 5
1159321655 11 6
1159321655 12 6
1159321655 13 6
1159321655 13 6
1159321655 14 6
1159321655 15 7
1159321655 16 7
1159321655 17 7
1159321655 18 7
1159321655 19 8
1159321655 20 8
1159321655 21 8
1159321655 22 9
1159321655 23 9
1159321655 24 9
1159321655 25 10
1159321655 26 10
1159321655 27 11
1159321655 28 11
1159321655 29 12
1159321655 30 12
1159321655 31 12
1159321655 32 12
1159321655 33 13
1159321655 34 13
1159321655 35 13
1159321655 36 13
1159321655 36 13
1159321655 37 14
1159321655 38 14
1115217956 39 14
1115217956 40 15
1115217956 40 15
1115217956 41 15
1115217956 42 15
1115217956 42 15
1115217956 43 16
1115217956 44 16
1115217956 44 16
1115217956 45 16
1115217956 46 17
1115217956 47 18
1115217956 48 18
1115217956 49 18
1115217956 50 18
1115217956 51 19
1115217956 52 19
1115217956 53 19
1115217956 54 20
1115217956 55 20
1115217956 56 20
1115217956 57 21
1115217956 58 21
1115217956 59 21
1115217956 60 22
1115217956 61 22
1115217956 62 23
1115217956 63 23
1115217956 63 23
1115217956 64 24
1115217956 65 24
1115217956 65 24
1115217956 66 25
1115217956 67 26
1115217956 68 26
1115217956 69 26
1115217956 69 26
1115217956 69 27
1115217956 70 27
1115217956 71 27
1115217956 72 27
1115217956 73 28
1115217956 74 28
1115217956 75 28
1115217956 76 28
1115217956 77 30
1115217956 78 30
1115217956 79 30
1115217956 79 30
1115217956 80 31
1115217956 80 31
1115217956 80 31
1115217956 81 31
1115217956 82 31
1115217956 82 31
1115217956 83 32
1115217956 84 32
1115217956 85 32
1115217956 86 33
1115217956 87 33
1115217956 88 33
1115217956 89 34
1115217956 90 34
1115217956 91 34
1115217956 92 35
1115217956 93 35
1115217956 94 35
1115217956 94 35
1115217956 95 36
1115217956 96 36
1115217956 97 37
1115217956 97 37
1115217956 98 37
1115217956 98 37
1115217956 99 37
1115217956 100 38
1115217956 101 38
1115217956 102 38
1115217956 103 39
1115217956 103 39
1115217956 104 40
1115217956 105 40
1115217956 106 40
1115217956 106 40
1115217956 107 40
1115217956 107 40
1115217956 108 41
1115217956 109 41
1115217956 110 41
1115217956 111 42
1115217956 111 42
1115217956 112 42
1115217956 113 43
1115217956 114 43
1115217956 115 43
1115217956 116 44
1115217956 117 44
1115217956 118 45
1115217956 119 46
1115217956 120 46
1115217956 121 46
1115217956 122 47
1115217956 123 48
1115217956 124 48
1115217956 125 48
1115217956 126 48
1115217956 127 49
1115217956 128 49
1115217956 129 49
1115217956 130 50
1115217956 131 50
1115217956 131 50
1115217956 132 50
1115217956 133 51
1115217956 134 51
1115217956 135 51
1115217956 136 52
1115217956 137 52
1115217956 138 52
1115217956 139 53
1115217956 140 54
1115217956 141 54
1115217956 142 55
1115217956 143 56
1115217956 144 56
1115217956 145 56
1115217956 145 56
1115217956 146 57
1115217956 147 57
1115217956 148 57
1115217956 149 58
1115217956 150 58
1115217956 151 59
1115217956 151 59
1115217956 152 59
1115217956 153 59
1115217956 154 59
1115217956 155 60
1115217956 156 60
1115217956 157 60
1115217956 158 61
1115217956 159 61
1115217956 160 61
1115217956 161 61
1115217956 162 62
1115217956 163 62
1115217956 164 63
1115217956 165 63
1115217956 166 63
1115217956 167 63
1115217956 168 64
1115217956 169 64
1115217956 170 64
1115217956 171 66
1115217956 172 66
1115217956 173 66
1115217956 174 66
1115217956 175 67
1115217956 175 67
1115217956 176 67
1115217956 177 67
1115217956 178 68
1115217956 179 69
1115217956 180 69
1115217956 180 69
1115217956 181 69
1115217956 182 70
1115217956 182 70
1115217956 183 71
1115217956 184 71
1115217956 185 71
1115217956 186 71
1115217956 187 72
1115217956 188 72
1115217956 189 73
1115217956 190 73
1115217956 191 73
1115217956 192 73
1115217956 193 74
1115217956 194 74
1115217956 195 74
1115217956 196 74
1115217956 197 75
1115217956 198 75
1115217956 198 75
1115217956 199 75
1115217956 200 76
1115217956 201 76
1115217956 202 76
1115217956 202 76
1115217956 203 77
1115217956 204 77
1115217956 205 77
1115217956 206 78
1115217956 206 78
1115217956 207 78
1115217956 208 79
1115217956 209 79
1115217956 210 79
1115217956 211 80
1115217956 212 80
1115217956 213 80
1115217956 213 80
1115217956 214 81
1115217956 214 81
1115217956 215 81
1115217956 216 81
1115217956 217 82
1115217956 218 82
1115217956 219 82
1115217956 220 82
1115217956 221 83
1115217956 222 84
1115217956 223 84
1115217956 224 84
1115217956 225 84
1115217956 226 85
1115217956 227 85
1115217956 228 86
1115217956 229 87
1115217956 230 87
1115217956 231 88
1115217956 232 88
1115217956 233 88
1115217956 234 89
1115217956 235 89
1115217956 236 89
1115217956 237 90
1115217956 237 90
1115217956 238 90
1115217956 239 91
1115217956 239 91
1115217956 240 91
1115217956 241 91
1115217956 242 91
1115217956 243 92
1115217956 244 92
1115217956 245 92
1115217956 246 93
1115217956 246 93
1115217956 247 93
1115217956 248 94
1115217956 248 94
1115217956 248 94
1115217956 249 94
1115217956 250 94
1115217956 251 94
1115217956 252 95
1115217956 253 95
1115217956 253 95
1115217956 254 96
1115217956 255 96
1115217956 255 96
1115217956 256 96
1115217956 256 96
1115217956 256 96
1115217956 257 97
1115217956 258 97
1115217956 259 97
1115217956 259 97
1115217956 260 98
1115217956 261 98
1115217956 262 98
1115217956 263 99
1115217956 264 99
1115217956 265 99
1115217956 266 100
1115217956 267 100
1115217956 268 100
1115217956 269 101
1115217956 270 101
1115217956 271 102
1115217956 272 102
1115217956 273 102
1115217956 274 103
1115217956 275 103
1115217956 276 103
1115217956 277 104
1115217956 277 104
1115217956 278 104
1115217956 279 105
1115217956 280 105
1115217956 280 105
1115217956 281 106
1115217956 282 107
1115217956 283 107
1115217956 284 107
1115217956 284 107
1115217956 284 107
1115217956 285 107
1115217956 285 107
1115217956 286 108
1115217956 287 108
1115217956 288 108
1115217956 289 109
1115217956 290 109
1115217956 291 109
1115217956 292 109
1115217956 293 110
1115217956 294 110
1115217956 295 110
1115217956 296 110
1115217956 297 111
1115217956 298 111
1115217956 299 111
1115217956 300 112
1115217956 301 112
1115217956 302 112
1115217956 303 113
1115217956 304 113
1115217956 305 113
1115217956 306 114
1115217956 307 114
1115217956 308 115
1115217956 309 115
1115217956 310 116
1115217956 311 116
1115217956 312 116
1115217956 313 117
1115217956 314 118
1115217956 315 118
1115217956 315 118
1115217956 316 118
1115217956 317 118
1115217956 318 119
1115217956 319 119
1115217956 320 119
1115217956 321 120
1115217956 322 120
1115217956 322 120
1115217956 323 120
1115217956 324 120
1115217956 325 121
1115217956 326 122
1115217956 327 122
1115217956 328 123
1115217956 329 123
1115217956 330 123
1115217956 331 123
1115217956 331 124
1115217956 332 124
1115217956 333 124
1115217956 334 124
1115217956 334 124
1115217956 334 124
1115217956 335 125
1115217956 336 125
1115217956 337 126
1115217956 338 126
1115217956 339 126
1115217956 340 127
1115217956 341 127
1115217956 342 127
1115217956 343 127
1115217956 344 128
1115217956 345 128
1115217956 346 128
1115217956 347 129
1115217956 348 129
1115217956 349 129
1115217956 350 129
1115217956 351 130
1115217956 352 130
1115217956 353 130
1115217956 354 131
1115217956 354 131
1115217956 355 131
1115217956 356 131
1115217956 357 131
1115217956 358 132
1115217956 358 132
1115217956 359 132
1115217956 360 132
1115217956 361 133
1115217956 362 133
1115217956 363 133
1115217956 364 134
1115217956 365 134
1035643495 366 135
1035643495 367 135
1035643495 367 135
1035643495 368 135
1035643495 368 135
1035643495 369 135
1035643495 370 136
1035643495 371 136
1035643495 372 136
1035643495 373 136
1035643495 374 136
1035643495 374 136
1035643495 375 137
1035643495 376 137
1035643495 377 137
1035643495 378 138
1035643495 379 138
1035643495 380 138
1035643495 381 139
1035643495 382 139
1035643495 382 139
1035643495 383 139
1035643495 384 139
1035643495 385 140
1035643495 385 140
1035643495 386 140
1035643495 387 141
1035643495 388 141
1035643495 389 141
1035643495 390 142
1035643495 391 143
1035643495 392 143
1035643495 393 143
1035643495 394 144
1035643495 395 144
1035643495 396 145
1035643495 397 146
1035643495 398 147
1035643495 399 147
1035643495 400 148
1035643495 401 149
1035643495 402 149
1035643495 403 149
1035643495 404 150
1035643495 405 150
1035643495 406 150
1035643495 407 151
1035643495 407 151
1035643495 408 152
1035643495 408 152
1035643495 409 152
1035643495 410 152
1035643495 411 153
1035643495 412 153
1035643495 413 153
1035643495 413 153
1035643495 414 154
1035643495 414 154
1035643495 415 154
1035643495 416 154
1035643495 417 154
1035643495 418 155
1035643495 419 155
1035643495 420 155
1035643495 421 155
1035643495 422 156
1035643495 423 156
1035643495 424 156
1035643495 425 156
1035643495 426 157
1035643495 427 158
1035643495 428 158
1035643495 429 159
1035643495 430 159
1035643495 431 159
1035643495 431 159
1035643495 431 159
1035643495 432 159
1035643495 433 160
1035643495 433 160
1035643495 434 160
1035643495 435 161
1035643495 436 162
1035643495 437 162
1035643495 438 162
1035643495 439 162
1035643495 440 163
1035643495 441 163
1035643495 441 163
1035643495 442 163
1035643495 442 163
1035643495 443 164
1035643495 444 164
1035643495 445 165
1035643495 445 165
1035643495 446 165
1035643495 446 165
1035643495 447 165
1035643495 448 166
1035643495 449 166
1035643495 450 166
1035643495 451 166
1035643495 452 167
1035643495 453 167
1035643495 454 167
1035643495 455 168
1035643495 456 169
1035643495 457 169
1035643495 458 169
1035643495 459 170
1035643495 459 170
1035643495 460 170
1035643495 461 170
1035643495 462 171
1035643495 462 171
1035643495 463 171
1035643495 464 171
1035643495 465 171
1035643495 466 172
1035643495 467 172
1035643495 468 173
1035643495 469 173
1035643495 470 173
1035643495 471 173
1035643495 472 174
1035643495 473 174
1035643495 474 174
1035643495 475 175
1035643495 476 175
1035643495 477 175
1035643495 478 176
1035643495 479 176
1035643495 480 177
1035643495 481 177
1035643495 482 178
1035643495 483 178
1035643495 484 178
1035643495 485 179
1035643495 486 179
1035643495 487 180
1035643495 488 180
1035643495 489 180
1035643495 490 180
1035643495 490 180
1035643495 491 181
1035643495 492 181
1035643495 493 181
1035643495 494 182
1035643495 494 182
1035643495 495 182
1035643495 495 182
1035643495 495 182
1035643495 496 183
1035643495 496 183
1035643495 497 183
1035643495 498 183
1035643495 499 185
1035643495 499 185
1035643495 500 185
1035643495 501 185
1035643495 502 185
1035643495 502 185
1035643495 503 186
1035643495 504 186
1035643495 504 186
1035643495 505 186
1035643495 505 186
1035643495 505 186
1035643495 506 187
1035643495 507 188
1035643495 508 188
1035643495 509 189
1035643495 510 189
1035643495 511 189
1035643495 512 190
1035643495 513 190
1035643495 514 190
1035643495 515 191
1035643495 516 191
1035643495 517 191
1035643495 518 192
1035643495 519 192
1035643495 520 192
1035643495 521 192
1035643495 522 193
1035643495 523 193
1035643495 523 193
1035643495 523 193
1035643495 524 193
1035643495 524 193
1035643495 525 194
1035643495 525 194
1035643495 526 194
1035643495 527 194
1035643495 528 195
1035643495 528 195
1035643495 528 195
1035643495 529 195
1035643495 530 195
1035643495 531 196
1035643495 532 196
1035643495 533 196
1035643495 534 197
1035643495 534 197
1035643495 535 197
1035643495 536 197
1035643495 536 197
1035643495 537 197
1035643495 538 198
1035643495 539 198
1035643495 540 199
1035643495 541 199
1035643495 542 200
1035643495 543 200
1035643495 544 200
1035643495 545 200
1035643495 546 201
1035643495 547 201
1035643495 548 201
957282405 549 201
957282405 550 202
957282405 551 203
957282405 552 203
957282405 553 203
957282405 554 204
957282405 555 204
957282405 555 204
957282405 556 204
957282405 556 204
957282405 557 205
957282405 558 205
957282405 559 205
957282405 560 206
957282405 561 206
957282405 562 206
957282405 563 206
957282405 564 207
957282405 565 207
957282405 566 208
957282405 567 209
957282405 568 209
957282405 569 209
957282405 570 210
957282405 571 210
957282405 572 210
957282405 573 211
957282405 574 211
957282405 575 211
957282405 575 211
957282405 575 211
957282405 576 212
957282405 576 212
957282405 577 212
957282405 578 212
957282405 579 213
957282405 579 213
957282405 580 213
957282405 581 213
957282405 582 213
957282405 583 214
957282405 584 214
957282405 585 214
957282405 586 215
957282405 587 215
957282405 588 215
957282405 589 215
957282405 590 215
957282405 591 216
957282405 592 216
957282405 593 217
957282405 594 218
957282405 595 218
957282405 596 218
957282405 597 218
957282405 598 219
957282405 599 219
957282405 600 219
957282405 601 219
957282405 602 220
957282405 603 220
957282405 604 220
957282405 604 220
957282405 605 221
957282405 606 221
957282405 607 221
957282405 608 222
957282405 609 222
957282405 610 222
957282405 611 223
957282405 612 223
957282405 613 223
957282405 614 223
957282405 615 224
957282405 616 224
957282405 617 224
957282405 618 224
957282405 619 225
957282405 620 225
957282405 621 225
957282405 622 225
957282405 622 225
957282405 623 226
957282405 624 226
957282405 625 226
957282405 626 227
957282405 626 227
957282405 627 227
957282405 628 228
957282405 629 228
957282405 630 228
957282405 631 229
957282405 632 229
957282405 633 229
957282405 634 230
957282405 635 231
957282405 636 231
957282405 637 231
957282405 638 232
957282405 639 232
957282405 640 232
957282405 641 232
957282405 642 233
957282405 643 233
957282405 644 234
957282405 645 234
957282405 646 235
957282405 647 235
957282405 648 235
957282405 649 236
957282405 650 236
957282405 651 236
957282405 651 236
957282405 652 237
957282405 653 238
957282405 653 238
957282405 654 238
957282405 655 238
957282405 656 238
957282405 657 239
957282405 658 240
957282405 659 240
957282405 660 241
957282405 661 241
957282405 661 241
957282405 662 241
957282405 663 241
957282405 664 242
957282405 665 242
957282405 666 243
957282405 667 244
957282405 668 244
957282405 669 244
957282405 670 245
957282405 671 245
957282405 672 245
957282405 673 246
957282405 674 246
957282405 675 246
957282405 676 246
957282405 676 246
957282405 677 247
957282405 677 247
957282405 677 247
957282405 678 247
957282405 679 248
957282405 680 248
957282405 681 248
957282405 682 248
957282405 683 249
957282405 684 250
957282405 685 250
957282405 685 250
957282405 686 250
957282405 687 251
957282405 688 251
957282405 689 251
957282405 690 251
957282405 691 252
957282405 692 252
957282405 692 252
957282405 693 252
957282405 694 253
957282405 695 254
957282405 696 254
957282405 696 254
957282405 697 254
957282405 698 255
957282405 699 256
957282405 700 256
957282405 701 257
957282405 702 258
957282405 703 258
957282405 704 258
957282405 705 259
957282405 705 259
957282405 705 259
957282405 706 259
957282405 707 259
957282405 708 260
957282405 709 260
957282405 710 260
957282405 711 260
957282405 712 261
957282405 713 261
957282405 714 261
957282405 715 261
957282405 716 262
957282405 717 262
957282405 718 262
957282405 719 263
957282405 720 263
957282405 721 263
957282405 721 263
957282405 722 263
957282405 722 263
957282405 722 263
957282405 723 264
957282405 724 264
957282405 725 264
957282405 726 264
957282405 727 265
957282405 727 265
957282405 727 265
957282405 728 265
957282405 729 265
957282405 730 266
957282405 731 266
957282405 732 266
957282405 733 267
957282405 734 267
957282405 735 268
957282405 736 268
957282405 737 268
957282405 738 269
957282405 739 269
957282405 739 269
957282405 740 269
957282405 741 270
957282405 742 270
957282405 743 271
957282405 743 271
957282405 744 272
957282405 745 272
957282405 746 272
957282405 747 272
957282405 747 272
957282405 748 273
957282405 749 273
957282405 750 273
957282405 751 274
957282405 752 274
957282405 753 274
957282405 754 275
957282405 755 275
957282405 755 275
957282405 756 275
957282405 757 276
957282405 758 276
957282405 759 276
957282405 760 276
957282405 761 277
957282405 762 277
957282405 763 277
957282405 764 278
957282405 765 278
957282405 765 278
957282405 766 278
957282405 767 279
957282405 768 280
957282405 769 280
957282405 770 281
957282405 771 281
957282405 772 282
957282405 773 282
957282405 773 282
957282405 774 283
957282405 775 283
957282405 776 284
957282405 777 284
957282405 778 284
957282405 779 285
957282405 780 285
957282405 781 285
957282405 782 286
957282405 783 286
957282405 784 286
957282405 785 287
957282405 786 287
957282405 787 287
957282405 788 288
957282405 789 288
957282405 790 289
957282405 791 289
957282405 792 290
957282405 793 290
957282405 794 290
957282405 795 290
957282405 796 291
957282405 797 291
957282405 798 291
957282405 799 291
957282405 800 292
957282405 801 292
957282405 802 292
957282405 803 293
957282405 804 293
957282405 805 293
957282405 806 293
957282405 807 294
957282405 808 294
957282405 809 294
957282405 810 294
957282405 810 294
957282405 810 294
957282405 811 296
957282405 812 296
957282405 813 296
957282405 814 296
957282405 815 297
957282405 816 297
957282405 817 297
957282405 818 298
957282405 819 298
957282405 820 298
957282405 821 299
957282405 822 299
957282405 823 299
957282405 824 300
957282405 825 300
957282405 826 300
957282405 827 300
957282405 828 301
957282405 829 301
957282405 830 301
957282405 831 302
957282405 832 302
957282405 832 302
957282405 833 302
957282405 834 303
957282405 835 303
957282405 836 303
957282405 836 303
957282405 837 303
957282405 838 304
957282405 839 304
957282405 840 304
957282405 840 304
957282405 841 305
957282405 842 305
957282405 843 305
957282405 843 305
957282405 844 305
957282405 845 306
957282405 846 306
957282405 847 307
957282405 848 307
957282405 849 308
957282405 849 308
957282405 850 308
957282405 851 308
957282405 852 309
957282405 853 309
957282405 854 309
957282405 855 309
957282405 855 309
957282405 856 310
957282405 857 310
957282405 858 310
957282405 859 311
957282405 860 311
957282405 861 311
957282405 862 312
957282405 862 312
957282405 863 312
957282405 864 312
957282405 865 313
957282405 865 313
957282405 866 313
957282405 867 313
957282405 868 314
957282405 869 314
957282405 870 314
957282405 871 315
957282405 872 315
957282405 873 315
957282405 874 315
957282405 874 316
957282405 874 316
957282405 874 316
957282405 874 316
957282405 875 316
957282405 876 316
957282405 877 317
957282405 878 318
957282405 879 318
957282405 880 318
957282405 881 319
957282405 882 319
957282405 883 320
957282405 884 320
957282405 885 320
957282405 886 320
957282405 886 320
957282405 886 320
957282405 886 320
957282405 887 321
957282405 888 322
957282405 889 322
957282405 890 322
957282405 891 322
957282405 892 323
957282405 893 323
957282405 894 323
957282405 895 324
957282405 896 324
957282405 897 324
957282405 898 325
957282405 899 325
957282405 900 325
957282405 900 325
957282405 901 325
957282405 902 326
957282405 903 326
957282405 903 326
957282405 904 326
957282405 905 327
957282405 906 327
957282405 907 327
957282405 908 327
957282405 908 327
957282405 909 329
957282405 910 329
957282405 911 329
957282405 912 329
957282405 913 330
957282405 913 330
957282405 914 330
957282405 915 331
957282405 915 331
957282405 916 332
957282405 917 332
957282405 918 333
957282405 918 333
957282405 919 333
957282405 920 333
957282405 920 333
957282405 921 334
957282405 922 334
957282405 923 334
957282405 923 334
957282405 924 335
957282405 925 335
957282405 926 336
957282405 927 336
957282405 928 336
957282405 929 336
957282405 929 336
957282405 930 337
957282405 930 337
957282405 931 337
957282405 932 338
957282405 933 338
957282405 934 338
957282405 935 338
957282405 935 338
957282405 936 338
957282405 937 339
957282405 938 339
957282405 939 339
957282405 940 340
957282405 941 340
957282405 942 340
957282405 943 340
957282405 944 341
957282405 945 341
957282405 946 341
957282405 947 342
957282405 948 342
957282405 949 342
957282405 950 342
957282405 951 343
957282405 951 343
957282405 952 343
957282405 953 343
957282405 954 343
957282405 955 344
957282405 956 344
957282405 957 344
957282405 958 344
957282405 958 344
957282405 959 345
957282405 960 345
957282405 961 346
957282405 962 346
957282405 963 346
957282405 964 347
957282405 965 347
957282405 966 347
957282405 966 347
957282405 967 348
957282405 967 348
957282405 968 348
957282405 968 348
957282405 969 348
957282405 970 349
957282405 970 349
957282405 971 349
957282405 972 350
957282405 973 350
957282405 973 350
957282405 974 350
957282405 975 350
957282405 976 351
957282405 976 351
957282405 977 351
957282405 978 352
957282405 979 352
957282405 980 352
957282405 981 353
957282405 982 353
957282405 983 353
957282405 984 354
957282405 985 354
957282405 985 354
957282405 986 354
957282405 987 355
957282405 988 355
957282405 989 356
957282405 990 356
957282405 991 357
957282405 992 358
957282405 993 358
957282405 993 358
957282405 994 358
957282405 995 358
957282405 996 359
957282405 997 359
957282405 998 359
957282405 999 360
957282405 999 360
957282405 999 360
957282405 1000 360
957282405 1001 361
957282405 1002 361
957282405 1002 361
957282405 1003 362
957282405 1004 362
957282405 1005 363
957282405 1006 364
957282405 1007 364
957282405 1007 364
957282405 1008 365
957282405 1008 365
957282405 1009 365
957282405 1010 365
957282405 1011 366
957282405 1011 366
957282405 1011 366
957282405 1012 366
957282405 1013 366
957282405 1014 366
957282405 1014 366
957282405 1015 367
957282405 1016 367
957282405 1017 368
957282405 1018 368
957282405 1019 368
957282405 1020 369
957282405 1021 369
957282405 1022 369
957282405 1022 369
957282405 1022 369
957282405 1022 369
957282405 1023 370
957282405 1024 370
957282405 1025 370
957282405 1025 370
957282405 1025 370
957282405 1026 370
957282405 1027 371
957282405 1028 371
957282405 1029 371
957282405 1030 372
957282405 1031 372
957282405 1032 373
957282405 1033 374
957282405 1034 374
957282405 1035 374
957282405 1036 374
957282405 1037 375
957282405 1038 376
957282405 1039 376
957282405 1040 376
957282405 1041 377
957282405 1042 377
957282405 1043 377
957282405 1044 377
957282405 1045 378
957282405 1046 378
957282405 1047 378
957282405 1048 379
957282405 1049 380
957282405 1049 380
957282405 1050 381
957282405 1051 381
957282405 1052 382
957282405 1052 382
957282405 1052 382
957282405 1053 382
957282405 1054 382
957282405 1054 382
957282405 1055 382
957282405 1056 383
957282405 1057 383
957282405 1058 383
957282405 1059 384
957282405 1060 384
957282405 1060 384
957282405 1061 384
957282405 1061 384
957282405 1062 385
957282405 1063 386
957282405 1064 386
957282405 1065 387
957282405 1066 387
957282405 1067 387
957282405 1068 387
957282405 1068 387
957282405 1068 387
957282405 1069 388
957282405 1070 389
957282405 1071 389
957282405 1072 390
957282405 1073 390
957282405 1074 390
957282405 1075 390
957282405 1076 391
957282405 1077 392
957282405 1078 392
957282405 1079 392
957282405 1080 393
957282405 1080 393
957282405 1081 393
957282405 1082 393
957282405 1083 394
957282405 1084 394
957282405 1085 394
957282405 1086 394
957282405 1087 395
957282405 1088 395
957282405 1089 395
957282405 1090 396
957282405 1091 396
957282405 1092 396
957282405 1092 396
957282405 1093 397
957282405 1094 398
957282405 1095 398
957282405 1096 398
957282405 1097 398
957282405 1098 399
957282405 1099 399
957282405 1099 399
957282405 1099 400
957282405 1100 400
957282405 1101 400
957282405 1102 400
957282405 1103 401
957282405 1104 401
957282405 1105 401
957282405 1106 402
957282405 1107 402
957282405 1107 402
957282405 1108 403
957282405 1109 403
957282405 1110 403
957282405 1111 404
957282405 1112 405
957282405 1113 405
957282405 1114 405
957282405 1115 406
957282405 1116 406
957282405 1117 406
957282405 1117 406
957282405 1118 406
957282405 1119 407
957282405 1120 407
957282405 1121 407
957282405 1122 408
957282405 1123 408
957282405 1124 408
957282405 1125 409
957282405 1126 409
957282405 1126 409
957282405 1127 410
957282405 1128 410
957282405 1129 410
957282405 1130 410
957282405 1131 411
957282405 1132 411
957282405 1132 411
957282405 1133 411
957282405 1134 411
957282405 1135 412
957282405 1136 412
957282405 1137 413
957282405 1138 413
957282405 1139 414
957282405 1140 415
957282405 1141 416
957282405 1142 417
957282405 1143 417
957282405 1144 418
957282405 1145 418
957282405 1145 418
957282405 1146 418
957282405 1146 418
957282405 1146 418
957282405 1147 419
957282405 1148 419
957282405 1149 419
957282405 1150 420
957282405 1151 420
957282405 1152 420
957282405 1153 421
957282405 1154 422
957282405 1155 422
957282405 1156 422
957282405 1157 422
957282405 1158 423
957282405 1159 423
957282405 1160 423
957282405 1161 423
957282405 1162 424
957282405 1163 424
957282405 1164 424
957282405 1164 424
957282405 1164 424
957282405 1165 425
957282405 1166 425
957282405 1167 425
957282405 1168 425
957282405 1169 426
957282405 1170 426
957282405 1171 426
957282405 1172 427
957282405 1173 427
957282405 1174 427
957282405 1175 428
957282405 1176 428
957282405 1176 428
957282405 1176 428
957282405 1177 429
957282405 1178 429
957282405 1179 430
957282405 1180 430
957282405 1180 430
957282405 1181 431
957282405 1182 431
957282405 1183 432
957282405 1184 432
957282405 1185 432
957282405 1186 433
957282405 1187 433
957282405 1188 433
957282405 1188 433
957282405 1189 433
957282405 1190 434
957282405 1191 434
957282405 1192 435
957282405 1192 435
957282405 1193 435
957282405 1194 435
957282405 1195 436
957282405 1196 437
957282405 1197 438
957282405 1198 439
957282405 1198 439
957282405 1199 439
957282405 1200 439
957282405 1201 439
957282405 1202 440
957282405 1203 440
957282405 1203 440
957282405 1204 441
957282405 1205 441
957282405 1206 441
957282405 1207 441
957282405 1208 442
957282405 1209 443
957282405 1210 443
957282405 1211 443
957282405 1212 444
957282405 1213 444
957282405 1214 444
957282405 1215 444
957282405 1216 445
957282405 1217 445
957282405 1218 445
957282405 1219 446
957282405 1220 446
957282405 1221 446
957282405 1222 447
957282405 1223 447
957282405 1224 447
957282405 1224 447
957282405 1225 447
957282405 1226 448
957282405 1226 448
957282405 1227 448
957282405 1228 448
957282405 1229 448
957282405 1230 449
957282405 1231 449
957282405 1232 449
957282405 1233 450
957282405 1234 450
957282405 1235 450
957282405 1235 450
957282405 1236 451
957282405 1236 451
957282405 1236 451
957282405 1237 451
957282405 1238 451
957282405 1239 452
957282405 1240 452
957282405 1241 452
957282405 1241 452
957282405 1242 452
957282405 1242 452
957282405 1243 453
957282405 1243 453
957282405 1244 454
957282405 1245 454
957282405 1246 455
957282405 1246 455
957282405 1247 455
957282405 1248 455
957282405 1249 455
957282405 1250 456
957282405 1251 456
957282405 1252 456
957282405 1253 457
957282405 1254 457
957282405 1255 457
957282405 1256 457
957282405 1257 458
957282405 1258 458
957282405 1259 458
957282405 1260 458
957282405 1261 459
957282405 1262 459
957282405 1263 459
957282405 1264 460
957282405 1264 460
957282405 1265 460
957282405 1266 460
957282405 1266 460
957282405 1267 460
957282405 1268 461
957282405 1269 461
957282405 1270 461
957282405 1271 462
957282405 1272 462
957282405 1273 463
957282405 1274 463
957282405 1275 463
957282405 1276 464
957282405 1277 464
957282405 1277 464
957282405 1278 465
957282405 1279 465
957282405 1280 466
957282405 1281 467
957282405 1282 467
957282405 1283 468
957282405 1284 468
957282405 1285 468
957282405 1286 469
957282405 1287 470
957282405 1288 470
957282405 1289 470
957282405 1290 471
957282405 1291 471
957282405 1291 471
957282405 1292 471
957282405 1293 471
957282405 1294 472
957282405 1295 472
957282405 1295 472
957282405 1296 473
957282405 1297 474
957282405 1298 474
957282405 1299 475
957282405 1300 475
957282405 1301 476
957282405 1302 476
957282405 1303 476
957282405 1304 477
957282405 1305 477
957282405 1305 477
957282405 1306 477
957282405 1307 477
957282405 1308 478
957282405 1308 478
957282405 1309 478
957282405 1310 478
957282405 1311 479
957282405 1312 479
957282405 1313 479
957282405 1314 479
957282405 1315 480
957282405 1316 480
957282405 1317 480
957282405 1317 480
957282405 1318 480
957282405 1319 481
957282405 1319 481
957282405 1320 481
957282405 1321 481
957282405 1322 482
957282405 1323 482
957282405 1324 482
957282405 1325 482
957282405 1326 483
957282405 1327 483
957282405 1328 483
957282405 1329 483
957282405 1330 484
957282405 1331 484
957282405 1332 484
957282405 1333 484
957282405 1334 485
957282405 1335 485
957282405 1336 485
957282405 1337 486
957282405 1338 486
957282405 1339 486
957282405 1340 487
957282405 1340 487
957282405 1341 487
957282405 1342 487
957282405 1342 487
957282405 1342 487
957282405 1343 488
957282405 1344 488
957282405 1345 489
957282405 1346 489
957282405 1347 489
957282405 1348 490
957282405 1349 490
957282405 1350 490
957282405 1351 491
957282405 1352 491
957282405 1353 491
957282405 1354 492
957282405 1355 492
957282405 1356 492
957282405 1357 493
957282405 1358 493
957282405 1359 493
957282405 1360 493
957282405 1361 494
957282405 1362 494
957282405 1362 494
957282405 1363 495
957282405 1364 496
957282405 1365 496
957282405 1366 496
957282405 1367 496
957282405 1368 497
957282405 1369 497
957282405 1370 497
957282405 1371 498
957282405 1372 498
957282405 1373 498
957282405 1374 499
957282405 1375 499
957282405 1376 499
957282405 1377 499
957282405 1378 500
957282405 1379 500
957282405 1380 501
957282405 1381 502
957282405 1382 502
957282405 1383 502
957282405 1384 503
957282405 1385 503
957282405 1386 503
957282405 1387 503
957282405 1388 504
957282405 1389 504
957282405 1390 504
957282405 1391 505
957282405 1392 505
957282405 1392 505
957282405 1393 505
957282405 1394 506
957282405 1395 507
957282405 1396 508
957282405 1397 508
957282405 1398 508
957282405 1399 508
957282405 1399 508
957282405 1400 509
957282405 1401 509
957282405 1402 509
957282405 1402 509
957282405 1403 510
957282405 1404 510
957282405 1405 510
957282405 1406 510
957282405 1406 510
957282405 1407 511
957282405 1408 511
957282405 1409 511
957282405 1410 512
957282405 1411 512
957282405 1412 513
957282405 1413 513
957282405 1414 513
957282405 1415 513
957282405 1416 514
957282405 1417 514
957282405 1418 514
957282405 1419 515
957282405 1420 516
957282405 1420 516
957282405 1421 516
957282405 1422 516
957282405 1423 516
957282405 1424 517
957282405 1425 517
957282405 1426 517
957282405 1427 518
957282405 1428 518
957282405 1429 519
957282405 1430 519
957282405 1431 519
957282405 1432 519
957282405 1433 520
957282405 1433 520
957282405 1434 520
957282405 1435 520
957282405 1436 520
957282405 1437 521
957282405 1438 521
957282405 1439 521
957282405 1440 522
957282405 1441 522
957282405 1442 523
957282405 1443 523
957282405 1443 523
957282405 1444 523
957282405 1445 524
957282405 1446 524
957282405 1446 524
957282405 1447 524
957282405 1448 524
957282405 1449 525
957282405 1449 525
957282405 1450 525
957282405 1451 525
957282405 1452 526
957282405 1453 526
957282405 1454 526
957282405 1454 526
957282405 1454 526
957282405 1455 527
957282405 1456 527
957282405 1456 527
957282405 1457 527
957282405 1458 528
957282405 1459 528
957282405 1460 528
957282405 1460 528
957282405 1460 528
957282405 1461 529
957282405 1462 529
957282405 1463 530
957282405 1464 530
957282405 1465 530
957282405 1466 531
957282405 1467 531
957282405 1468 531
957282405 1469 532
957282405 1470 532
957282405 1471 532
957282405 1472 533
957282405 1473 533
957282405 1474 533
957282405 1475 533
957282405 1476 534
957282405 1477 534
957282405 1478 534
957282405 1479 535
957282405 1480 535
957282405 1480 535
957282405 1481 535
957282405 1482 535
957282405 1483 536
957282405 1483 536
957282405 1484 536
957282405 1485 537
957282405 1486 537
957282405 1487 537
957282405 1488 538
957282405 1489 538
957282405 1490 539
957282405 1491 539
957282405 1492 539
957282405 1493 540
957282405 1493 540
957282405 1494 541
957282405 1495 542
957282405 1496 542
957282405 1497 542
957282405 1498 542
957282405 1499 543
957282405 1499 543
957282405 1500 543
957282405 1501 543
957282405 1501 543
957282405 1502 543
957282405 1503 544
957282405 1504 544
957282405 1505 545
957282405 1506 545
957282405 1507 545
957282405 1507 545
957282405 1508 546
957282405 1509 546
957282405 1510 546
957282405 1511 546
957282405 1512 547
957282405 1513 547
957282405 1514 547
957282405 1514 547
957282405 1515 548
957282405 1516 548
957282405 1517 548
957282405 1518 548
957282405 1519 549
957282405 1520 549
957282405 1521 549
957282405 1521 549
957282405 1521 549
957282405 1522 550
957282405 1523 550
957282405 1524 550
957282405 1525 550
957282405 1525 550
957282405 1526 551
957282405 1527 551
957282405 1528 552
957282405 1529 552
957282405 1530 552
957282405 1531 552
957282405 1532 553
957282405 1533 553
957282405 1534 553
957282405 1535 553
957282405 1535 553
957282405 1536 554
957282405 1537 554
957282405 1538 554
957282405 1539 555
957282405 1540 556
957282405 1541 556
957282405 1542 556
957282405 1543 557
957282405 1543 557
957282405 1544 558
957282405 1545 558
957282405 1545 558
957282405 1545 558
957282405 1545 558
957282405 1546 558
957282405 1547 559
957282405 1548 559
957282405 1549 559
957282405 1550 560
957282405 1551 560
957282405 1552 560
957282405 1553 562
957282405 1554 562
957282405 1555 562
957282405 1556 563
957282405 1557 563
957282405 1558 563
957282405 1559 563
957282405 1560 564
957282405 1561 564
957282405 1562 564
957282405 1562 564
957282405 1563 565
957282405 1563 565
957282405 1564 565
957282405 1565 565
957282405 1566 565
957282405 1567 566
957282405 1568 566
957282405 1569 566
957282405 1570 566
957282405 1571 567
957282405 1572 567
957282405 1573 567
957282405 1574 568
957282405 1575 568
957282405 1576 568
957282405 1577 568
957282405 1578 569
957282405 1579 569
957282405 1580 570
957282405 1581 570
957282405 1582 570
957282405 1583 571
957282405 1584 571
957282405 1585 571
957282405 1586 572
957282405 1587 573
957282405 1588 574
957282405 1589 574
957282405 1590 574
957282405 1591 574
957282405 1592 575
957282405 1593 575
957282405 1594 575
957282405 1595 575
957282405 1596 576
957282405 1597 576
957282405 1598 576
957282405 1599 577
957282405 1599 577
957282405 1600 577
957282405 1600 577
957282405 1600 577
957282405 1601 577
957282405 1602 578
957282405 1603 579
957282405 1604 579
957282405 1605 580
957282405 1606 580
957282405 1607 580
957282405 1608 581
957282405 1609 581
957282405 1609 581
957282405 1610 581
957282405 1611 581
957282405 1612 582
957282405 1613 582
957282405 1614 582
957282405 1615 583
957282405 1616 583
957282405 1616 583
957282405 1617 583
957282405 1618 584
957282405 1619 584
957282405 1620 584
957282405 1621 585
957282405 1622 585
957282405 1623 586
957282405 1624 586
957282405 1624 586
957282405 1624 586
957282405 1625 586
957282405 1626 586
957282405 1627 587
957282405 1628 587
957282405 1629 587
957282405 1630 587
957282405 1631 588
957282405 1631 588
957282405 1631 588
957282405 1631 588
957282405 1631 588
957282405 1631 588
957282405 1632 588
957282405 1633 589
957282405 1634 589
957282405 1635 589
957282405 1636 590
957282405 1637 590
957282405 1638 590
957282405 1639 590
957282405 1640 591
957282405 1641 591
957282405 1641 591
957282405 1642 591
957282405 1643 592
957282405 1644 592
957282405 1645 592
957282405 1646 593
957282405 1646 593
957282405 1647 593
957282405 1648 594
957282405 1649 594
957282405 1650 595
957282405 1651 595
957282405 1652 595
957282405 1653 597
957282405 1654 597
957282405 1655 597
957282405 1656 597
957282405 1657 598
957282405 1658 598
957282405 1659 599
957282405 1660 599
957282405 1660 600
957282405 1661 600
957282405 1661 600
957282405 1661 600
957282405 1662 601
