3383604470 1 3
1807568208 2 4
1807568208 3 4
1807568208 4 5
1807568208 5 5
1807568208 6 6
1251189812 7 6
1251189812 8 7
1251189812 9 7
1251189812 9 7
1251189812 10 7
1251189812 11 8
1251189812 11 8
1251189812 12 8
1251189812 13 8
1251189812 14 8
1251189812 15 9
1251189812 15 9
1251189812 16 10
1251189812 17 10
1251189812 18 10
1251189812 19 11
1251189812 20 11
1251189812 20 11
1251189812 21 12
1251189812 22 12
1251189812 22 12
1251189812 23 12
1251189812 24 13
1251189812 24 13
1251189812 25 13
1251189812 26 14
1251189812 27 14
1251189812 28 14
1251189812 29 15
1251189812 30 16
1251189812 31 16
1251189812 32 16
1251189812 33 17
1251189812 34 17
1251189812 35 17
1251189812 36 18
1251189812 37 18
1251189812 37 18
1251189812 38 18
1251189812 39 18
1251189812 40 19
1251189812 41 19
1251189812 42 19
1251189812 43 20
1251189812 44 20
1251189812 45 20
1251189812 45 21
1251189812 45 21
1251189812 46 21
1251189812 47 22
1251189812 48 22
1251189812 49 22
1251189812 50 22
1251189812 50 22
1251189812 51 23
1251189812 52 23
1251189812 53 23
1251189812 54 23
1251189812 55 24
1251189812 55 24
1251189812 56 24
1251189812 57 24
1251189812 58 25
1251189812 59 25
1251189812 59 25
1251189812 60 25
1251189812 60 25
1251189812 61 26
1251189812 62 26
1251189812 62 26
1251189812 63 27
1251189812 64 27
1251189812 65 27
1251189812 66 27
1251189812 67 28
1251189812 68 28
1251189812 69 28
1251189812 70 28
1251189812 71 29
1251189812 72 29
1251189812 72 29
1251189812 73 30
1251189812 74 30
1251189812 75 31
1251189812 76 31
1251189812 77 31
1251189812 78 32
1251189812 79 32
1251189812 80 32
1251189812 81 32
1251189812 82 33
1244835496 83 33
1244835496 84 33
1244835496 85 34
1244835496 86 34
1244835496 86 34
1244835496 87 35
1244835496 88 36
1244835496 89 36
1244835496 90 36
1244835496 91 37
1244835496 92 37
1244835496 93 37
1244835496 94 38
1244835496 95 38
1244835496 95 38
1244835496 96 38
1244835496 97 39
1244835496 98 39
1244835496 98 39
1244835496 99 39
1244835496 100 39
1244835496 100 39
1244835496 101 40
1244835496 102 40
1244835496 103 40
1244835496 104 41
1244835496 105 41
1244835496 106 41
1244835496 107 42
1244835496 108 43
1244835496 109 43
1244835496 110 44
1244835496 111 44
1244835496 112 45
1244835496 113 45
1244835496 114 46
1244835496 115 46
1244835496 116 46
1244835496 117 47
1244835496 118 47
1244835496 119 47
1244835496 120 48
1244835496 121 48
1244835496 121 48
1244835496 122 48
1244835496 122 48
1244835496 123 49
1129218650 124 50
1129218650 124 50
1129218650 125 50
1129218650 126 51
1129218650 127 51
1129218650 128 51
1129218650 129 52
1129218650 129 52
1129218650 130 52
1129218650 131 52
1129218650 131 52
1129218650 131 52
1129218650 132 52
1129218650 133 53
1129218650 133 53
1129218650 134 53
1129218650 135 54
1129218650 136 54
1129218650 136 54
1129218650 137 54
1129218650 138 55
1129218650 139 55
1129218650 140 55
1129218650 141 56
1129218650 142 56
1129218650 143 56
1129218650 144 56
1129218650 145 57
1129218650 146 58
1129218650 147 58
1129218650 148 58
1129218650 149 59
1129218650 150 59
1129218650 151 59
1129218650 151 59
1129218650 152 60
1129218650 153 60
1129218650 154 60
1129218650 155 60
1129218650 156 61
1129218650 157 61
1129218650 157 61
1129218650 158 62
1129218650 159 62
1129218650 159 62
1129218650 160 62
1129218650 160 62
1129218650 160 62
1129218650 161 63
1129218650 161 63
1129218650 162 63
1129218650 163 63
1129218650 163 63
1129218650 164 64
1129218650 165 64
1129218650 166 64
1129218650 167 64
1129218650 168 65
1129218650 169 66
1129218650 169 66
1129218650 170 66
1129218650 171 66
1129218650 172 67
1129218650 173 67
1129218650 174 67
1129218650 174 67
1129218650 175 67
1129218650 176 68
1129218650 177 68
1129218650 178 68
1129218650 178 68
1129218650 179 69
1129218650 180 69
1129218650 181 69
1129218650 182 69
1129218650 182 69
1129218650 183 70
1129218650 184 70
1129218650 185 71
1129218650 186 72
1129218650 187 72
1129218650 187 72
1129218650 188 72
1129218650 188 72
1129218650 188 72
1129218650 189 72
1129218650 190 73
1129218650 191 73
1129218650 192 73
1129218650 193 74
1129218650 194 75
1129218650 195 76
1129218650 196 77
1129218650 196 77
1129218650 197 77
1129218650 198 77
1129218650 199 77
1129218650 200 78
1129218650 200 78
1129218650 201 78
1129218650 202 78
1129218650 202 78
1129218650 203 79
1129218650 203 79
1129218650 204 80
1129218650 205 80
1129218650 205 80
1129218650 206 80
1129218650 207 81
1129218650 207 81
1129218650 208 81
1129218650 208 81
1129218650 209 81
1129218650 210 81
1129218650 211 82
1129218650 212 82
1129218650 213 82
1129218650 214 83
1010025039 215 83
1010025039 216 83
1010025039 217 84
1010025039 218 84
1010025039 218 84
1010025039 219 84
1010025039 219 84
1010025039 220 84
1010025039 220 84
1010025039 220 84
1010025039 221 85
1010025039 222 85
1010025039 223 85
1010025039 224 85
1010025039 225 86
1010025039 226 86
1010025039 227 86
1010025039 228 87
1010025039 229 87
1010025039 230 87
1010025039 231 88
1010025039 232 88
1010025039 233 88
1010025039 234 88
1010025039 235 89
1010025039 236 89
1010025039 237 89
1010025039 237 89
1010025039 238 89
1010025039 238 89
1010025039 239 90
1010025039 240 90
1010025039 241 90
1010025039 242 91
1010025039 243 91
1010025039 244 91
1010025039 245 92
1010025039 246 92
1010025039 247 92
1010025039 248 93
1010025039 248 93
1010025039 249 93
1010025039 250 93
1010025039 251 94
1010025039 252 94
1010025039 253 94
1010025039 254 94
1010025039 255 95
1010025039 256 95
1010025039 257 95
1010025039 258 96
1010025039 259 96
1010025039 259 96
1010025039 260 96
1010025039 261 96
1010025039 261 96
1010025039 262 97
1010025039 263 97
1010025039 263 97
1010025039 264 97
1010025039 265 98
1010025039 266 98
1010025039 267 98
1010025039 267 98
1010025039 268 99
1010025039 269 99
1010025039 270 100
1010025039 271 100
1010025039 272 100
1010025039 273 101
1010025039 274 101
1010025039 275 101
1010025039 275 101
1010025039 276 101
1010025039 277 102
1010025039 278 103
1010025039 279 103
1010025039 280 103
1010025039 281 103
1010025039 281 103
1010025039 282 104
1010025039 283 104
1010025039 284 104
1010025039 285 105
1010025039 286 105
1010025039 287 106
1010025039 288 106
1010025039 289 106
1010025039 290 106
1010025039 290 106
1010025039 291 107
1010025039 292 107
1010025039 293 107
1010025039 293 107
1010025039 294 108
1010025039 295 108
1010025039 296 108
1010025039 297 109
1010025039 298 109
1010025039 299 109
1010025039 300 110
1010025039 301 110
1010025039 302 110
1010025039 303 111
1010025039 304 111
1010025039 305 112
1010025039 306 112
1010025039 307 112
1010025039 308 112
1010025039 309 113
1010025039 310 113
1010025039 311 114
1010025039 312 114
1010025039 313 115
1010025039 314 115
1010025039 315 115
1010025039 316 116
1010025039 317 116
1010025039 318 117
1010025039 319 117
1010025039 320 118
1010025039 321 118
1010025039 321 118
1010025039 322 119
1010025039 323 119
1010025039 324 120
1010025039 325 120
1010025039 326 120
1010025039 327 121
1010025039 327 121
1010025039 328 121
1010025039 329 122
1010025039 330 122
1010025039 331 122
1010025039 332 123
1010025039 333 123
1010025039 334 123
1010025039 335 124
1010025039 336 124
1010025039 337 124
1010025039 338 124
1010025039 339 125
1010025039 340 125
1010025039 341 125
1010025039 342 126
1010025039 343 126
1010025039 344 126
1010025039 345 127
1010025039 346 127
1010025039 347 127
1010025039 348 128
1010025039 349 129
1010025039 350 129
1010025039 351 130
1010025039 352 130
1010025039 353 130
1010025039 354 130
1010025039 354 130
1010025039 355 131
1010025039 356 131
1010025039 357 131
1010025039 358 132
1010025039 359 132
1010025039 360 133
1010025039 361 133
1010025039 362 133
1010025039 362 133
1010025039 363 134
1010025039 364 134
1010025039 364 134
1010025039 365 134
1010025039 365 134
1010025039 366 135
1010025039 367 135
1010025039 368 136
1010025039 369 136
1010025039 370 136
1010025039 371 136
1010025039 371 136
1010025039 371 136
1010025039 371 136
1010025039 372 137
1010025039 373 138
1010025039 374 138
1010025039 375 138
1010025039 376 139
1010025039 377 139
1010025039 377 139
1010025039 377 139
1010025039 378 139
1010025039 379 139
1010025039 380 140
1010025039 381 140
1010025039 382 140
1010025039 382 140
1010025039 383 140
1010025039 384 141
1010025039 385 141
1010025039 386 141
1010025039 387 142
1010025039 388 142
1010025039 389 142
1010025039 390 142
1010025039 391 143
1010025039 392 143
1010025039 393 144
1010025039 394 144
1010025039 395 144
1010025039 396 144
1010025039 396 144
1010025039 397 145
1010025039 397 146
1010025039 398 146
1010025039 399 146
1010025039 400 146
1010025039 401 147
1010025039 402 147
1010025039 403 147
1010025039 404 148
1010025039 405 149
1010025039 406 149
1010025039 407 149
1010025039 408 149
1010025039 409 150
1010025039 410 151
1010025039 410 151
1010025039 411 151
1010025039 412 151
1010025039 413 152
1010025039 414 152
1010025039 415 152
1010025039 416 153
1010025039 417 153
1010025039 418 153
1010025039 419 154
1010025039 420 154
1010025039 421 154
1010025039 422 154
1010025039 423 155
1010025039 424 155
1010025039 425 155
1010025039 426 156
1010025039 427 156
1010025039 428 157
1010025039 429 157
1010025039 430 157
1010025039 431 158
1010025039 431 158
1010025039 431 158
1010025039 432 158
1010025039 433 159
1010025039 434 160
1010025039 435 160
1010025039 436 161
1010025039 437 161
1010025039 438 161
1010025039 439 161
1010025039 440 162
1010025039 441 163
1010025039 441 163
1010025039 442 163
1010025039 443 163
1010025039 443 164
1010025039 444 164
1010025039 445 164
1010025039 446 165
1010025039 447 165
1010025039 448 165
1010025039 448 165
1010025039 449 166
1010025039 449 166
1010025039 450 166
1010025039 451 167
1010025039 452 167
1010025039 453 167
1010025039 454 167
1010025039 455 168
1010025039 456 168
1010025039 457 169
1010025039 458 169
1010025039 459 170
1010025039 460 170
1010025039 461 170
1010025039 462 170
1010025039 463 171
1010025039 464 172
1010025039 465 172
1010025039 466 173
1010025039 467 173
1010025039 468 173
1010025039 468 173
1010025039 469 174
1010025039 470 174
1010025039 471 174
1010025039 472 175
1010025039 472 175
1010025039 473 175
1010025039 474 175
1010025039 475 176
1010025039 476 176
1010025039 476 176
1010025039 477 176
1010025039 478 177
1010025039 479 177
1010025039 479 177
1010025039 480 178
1010025039 481 178
1010025039 481 178
1010025039 482 178
1010025039 483 179
1010025039 483 179
1010025039 484 179
1010025039 485 179
1010025039 486 180
1010025039 486 180
1010025039 487 180
1010025039 488 181
1010025039 489 182
1010025039 490 182
1010025039 491 182
1010025039 492 182
1010025039 493 183
1010025039 494 184
1010025039 495 184
1010025039 495 184
1010025039 495 184
1010025039 496 184
1010025039 497 185
1010025039 498 186
1010025039 498 186
1010025039 499 187
1010025039 500 187
1010025039 501 187
1010025039 501 187
1010025039 502 187
1010025039 503 188
1010025039 504 188
1010025039 504 188
1010025039 505 188
1010025039 506 189
1010025039 507 189
1010025039 508 189
1010025039 509 189
1010025039 510 190
1010025039 510 190
1010025039 511 190
1010025039 512 190
1010025039 513 191
1010025039 514 191
1010025039 515 191
1010025039 516 192
1010025039 517 192
1010025039 518 192
1010025039 518 192
1010025039 519 194
1010025039 520 194
1010025039 521 194
1010025039 522 195
1010025039 523 195
1010025039 524 195
1010025039 525 195
1010025039 525 195
1010025039 526 196
1010025039 526 196
1010025039 527 197
1010025039 528 197
1010025039 529 198
1010025039 529 198
1010025039 530 198
1010025039 531 198
1010025039 532 199
1010025039 533 199
1010025039 534 200
1010025039 535 200
1010025039 536 201
1010025039 537 201
1010025039 538 201
1010025039 539 201
1010025039 540 202
1010025039 541 202
1010025039 542 203
1010025039 543 203
1010025039 544 203
1010025039 545 203
1010025039 546 204
1010025039 547 204
1010025039 548 204
1010025039 549 205
1010025039 550 205
1010025039 551 205
1010025039 552 205
1010025039 553 206
1010025039 553 206
1010025039 554 207
1010025039 555 207
1010025039 555 207
1010025039 556 207
1010025039 557 207
1010025039 558 208
1010025039 559 208
1010025039 560 209
1010025039 561 209
1010025039 562 209
1010025039 563 210
1010025039 563 210
1010025039 564 210
1010025039 565 211
1010025039 566 211
1010025039 567 212
1010025039 567 212
1010025039 568 212
1010025039 569 212
1010025039 569 212
1010025039 570 213
1010025039 571 213
1010025039 572 213
1010025039 573 214
1010025039 574 214
1010025039 574 214
1010025039 575 214
1010025039 576 214
1010025039 577 215
1010025039 577 215
1010025039 578 215
1010025039 578 215
1010025039 579 216
1010025039 580 216
1010025039 581 216
1010025039 582 216
1010025039 583 217
1010025039 583 217
1010025039 584 217
1010025039 585 217
1010025039 586 218
1010025039 587 218
1010025039 588 219
1010025039 589 219
1010025039 590 219
1010025039 591 219
1010025039 592 220
1010025039 593 220
1010025039 594 220
1010025039 595 221
1010025039 595 221
1010025039 596 221
1010025039 597 221
1010025039 598 222
1010025039 599 222
1010025039 600 222
1010025039 601 223
1010025039 602 223
1010025039 602 223
1010025039 603 223
1010025039 604 224
1010025039 605 224
1010025039 606 224
1010025039 607 224
1010025039 608 225
1010025039 609 225
1010025039 610 225
1010025039 611 226
1010025039 612 226
1010025039 612 226
1010025039 612 226
1010025039 613 227
1010025039 613 227
1010025039 614 227
1010025039 614 227
1010025039 615 228
1010025039 616 228
1010025039 617 228
1010025039 618 229
1010025039 619 229
1010025039 620 229
1010025039 621 230
1010025039 622 230
1010025039 623 230
1010025039 624 230
1010025039 625 231
1010025039 626 231
1010025039 627 232
1010025039 628 232
1010025039 629 232
1010025039 629 232
1010025039 630 233
1010025039 631 233
1010025039 632 233
1010025039 633 234
1010025039 634 234
1010025039 634 234
1010025039 635 234
1010025039 636 235
1010025039 636 235
1010025039 637 235
1010025039 638 235
1010025039 639 235
1010025039 640 236
1010025039 641 236
1010025039 641 236
1010025039 642 236
1010025039 643 237
1010025039 644 237
1010025039 645 237
1010025039 646 238
1010025039 647 238
1010025039 648 239
1010025039 649 239
1010025039 650 239
1010025039 650 240
1010025039 650 240
1010025039 651 240
1010025039 652 241
1010025039 653 241
1010025039 654 241
1010025039 654 241
1010025039 654 241
1010025039 655 241
1010025039 656 242
1010025039 656 242
1010025039 657 242
1010025039 658 242
1010025039 659 243
1010025039 660 243
1010025039 661 243
1010025039 662 243
1010025039 663 244
1010025039 664 245
1010025039 665 246
1010025039 666 246
1010025039 666 246
1010025039 667 247
1010025039 668 247
1010025039 669 247
1010025039 670 247
1010025039 671 248
1010025039 672 249
1010025039 672 249
1010025039 673 249
1010025039 674 249
1010025039 675 250
1010025039 676 250
1010025039 677 250
1010025039 678 250
1010025039 679 251
1010025039 680 251
1010025039 681 251
1010025039 682 252
1010025039 683 252
1010025039 684 252
1010025039 685 253
1010025039 686 253
1010025039 687 254
1010025039 687 254
1010025039 688 254
1010025039 689 254
1010025039 690 255
1010025039 691 255
1010025039 692 256
1010025039 693 256
1010025039 693 256
1010025039 694 256
1010025039 695 257
1010025039 696 257
1010025039 696 257
1010025039 697 257
1010025039 697 257
1010025039 698 258
1010025039 699 258
1010025039 700 258
1010025039 701 259
1010025039 702 259
1010025039 703 259
1010025039 704 259
1010025039 705 260
1010025039 706 260
1010025039 707 260
1010025039 708 261
1010025039 709 262
1010025039 710 262
1010025039 711 262
1010025039 712 263
1010025039 713 263
1010025039 714 263
1010025039 715 264
1010025039 716 264
1010025039 717 264
1010025039 718 264
1010025039 719 265
1010025039 719 265
1010025039 720 265
1010025039 721 266
1010025039 722 266
1010025039 723 267
1010025039 724 267
1010025039 725 267
1010025039 726 267
1010025039 727 268
1010025039 728 268
1010025039 728 268
1010025039 729 268
1010025039 730 268
1010025039 731 269
1010025039 732 269
1010025039 733 269
1010025039 734 270
1010025039 735 270
1010025039 736 270
1010025039 737 271
1010025039 738 271
1010025039 739 271
1010025039 740 272
1010025039 741 273
1010025039 742 273
1010025039 743 273
1010025039 744 273
1010025039 745 274
1010025039 746 274
1010025039 747 274
1010025039 748 275
1010025039 749 275
1010025039 750 275
1010025039 751 276
1010025039 752 276
1010025039 753 276
1010025039 754 276
1010025039 755 277
1010025039 756 277
1010025039 757 277
1010025039 758 278
1010025039 759 278
1010025039 760 279
1010025039 761 279
1010025039 762 279
1010025039 763 280
1010025039 764 280
1010025039 765 280
1010025039 766 280
1010025039 767 281
1010025039 768 281
1010025039 769 281
1010025039 770 281
1010025039 771 282
1010025039 772 282
1010025039 773 282
1010025039 774 283
1010025039 775 283
1010025039 776 283
1010025039 777 284
1010025039 778 284
1010025039 779 284
1010025039 780 285
1010025039 781 285
1010025039 782 285
1010025039 783 286
1010025039 784 286
1010025039 785 286
1010025039 785 286
1010025039 786 286
1010025039 787 287
1010025039 788 287
1010025039 789 287
1010025039 790 288
1010025039 791 288
1010025039 792 288
1010025039 793 288
1010025039 794 289
1010025039 795 289
1010025039 796 290
1010025039 797 291
1010025039 798 291
1010025039 799 292
1010025039 799 292
1010025039 800 292
1010025039 801 293
1010025039 802 293
1010025039 803 293
1010025039 804 294
1010025039 805 295
1010025039 806 295
1010025039 806 295
1010025039 807 296
1010025039 808 296
1010025039 809 296
1010025039 809 296
1010025039 810 297
1010025039 811 297
1010025039 812 297
1010025039 813 297
1010025039 814 298
1010025039 815 298
1010025039 816 298
1010025039 816 298
1010025039 817 298
1010025039 818 299
1010025039 818 299
1010025039 819 299
1010025039 819 299
1010025039 820 299
1010025039 821 300
1010025039 822 300
1010025039 823 301
1010025039 824 302
1010025039 825 302
1010025039 826 302
1010025039 826 302
1010025039 827 303
1010025039 828 303
1010025039 828 303
1010025039 829 303
1010025039 829 303
1010025039 830 303
1010025039 831 303
1010025039 831 304
1010025039 832 304
1010025039 833 304
1010025039 834 305
1010025039 835 306
1010025039 835 306
1010025039 836 306
1010025039 837 306
1010025039 838 306
1010025039 839 307
1010025039 840 307
1010025039 841 307
1010025039 842 308
1010025039 843 308
1010025039 844 308
1010025039 845 308
1010025039 846 309
1010025039 847 309
1010025039 848 309
1010025039 849 309
1010025039 850 310
1010025039 850 310
1010025039 851 310
1010025039 852 311
1010025039 853 311
1010025039 854 311
1010025039 854 311
1010025039 855 311
1010025039 856 312
1010025039 857 312
1010025039 858 313
1010025039 859 313
1010025039 860 313
1010025039 860 313
1010025039 860 313
1010025039 861 314
1010025039 861 314
1010025039 862 314
1010025039 863 314
1010025039 864 315
1010025039 865 315
1010025039 866 315
1010025039 867 316
1010025039 868 316
1010025039 869 317
1010025039 870 317
1010025039 870 317
1010025039 871 318
1010025039 871 318
1010025039 872 319
1010025039 873 319
1010025039 874 319
1010025039 875 319
1010025039 876 320
1010025039 877 320
1010025039 878 320
1010025039 878 320
1010025039 879 321
1010025039 880 321
1010025039 881 321
1010025039 882 322
1010025039 883 322
1010025039 884 322
1010025039 885 323
1010025039 886 323
1010025039 887 323
1010025039 888 324
1010025039 889 324
1010025039 889 324
1010025039 890 324
1010025039 891 325
1010025039 892 325
1010025039 893 325
1010025039 894 326
1010025039 895 326
1010025039 896 326
1010025039 897 327
1010025039 897 327
1010025039 898 327
1010025039 899 328
1010025039 900 328
1010025039 901 328
1010025039 902 329
1010025039 903 329
1010025039 904 329
1010025039 905 330
1010025039 906 331
1010025039 907 331
1010025039 908 331
1010025039 909 332
1010025039 910 332
1010025039 911 332
1010025039 911 332
1010025039 912 333
1010025039 913 333
1010025039 914 334
1010025039 915 334
1010025039 916 334
1010025039 917 334
1010025039 918 335
1010025039 919 335
1010025039 920 336
1010025039 920 336
1010025039 920 336
1010025039 921 336
1010025039 922 336
1010025039 923 337
1010025039 924 337
1010025039 925 337
1010025039 925 337
1010025039 926 337
1010025039 927 338
1010025039 927 338
1010025039 928 338
1010025039 929 338
1010025039 930 338
1010025039 931 339
1010025039 932 339
1010025039 933 339
1010025039 934 340
1010025039 935 340
1010025039 936 340
1010025039 937 340
1010025039 937 340
1010025039 938 341
1010025039 939 341
1010025039 940 342
1010025039 941 342
1010025039 942 342
1010025039 943 343
1010025039 943 343
1010025039 944 343
1010025039 945 343
1010025039 946 343
1010025039 947 344
1010025039 948 344
1010025039 949 344
1010025039 949 344
1010025039 950 345
1010025039 951 346
1010025039 951 346
1010025039 952 346
1010025039 953 346
1010025039 954 347
1010025039 955 347
1010025039 956 348
1010025039 957 348
1010025039 958 348
1010025039 959 349
1010025039 960 349
1010025039 961 349
1010025039 962 349
1010025039 963 350
1010025039 964 350
1010025039 965 350
1010025039 966 351
1010025039 966 351
1010025039 967 351
1010025039 968 351
1010025039 969 351
1010025039 970 352
1010025039 971 352
1010025039 972 352
1010025039 973 353
1010025039 973 353
1010025039 974 353
1010025039 974 353
1010025039 975 353
1010025039 976 354
1010025039 977 354
1010025039 978 354
1010025039 979 355
1010025039 980 355
1010025039 981 355
1010025039 981 355
1010025039 982 356
1010025039 983 356
1010025039 984 356
1010025039 984 356
1010025039 985 357
1010025039 986 357
1010025039 987 357
1010025039 987 357
1010025039 987 357
1010025039 988 358
1010025039 989 358
1010025039 990 358
1010025039 991 359
1010025039 992 359
1010025039 993 359
1010025039 994 359
1010025039 995 360
1010025039 995 360
1010025039 996 360
1010025039 997 360
1010025039 998 361
1010025039 999 361
1010025039 1000 361
1010025039 1001 361
1010025039 1002 362
1010025039 1003 362
1010025039 1004 362
1010025039 1004 362
1010025039 1005 363
1010025039 1006 363
1010025039 1007 363
1010025039 1008 364
1010025039 1009 364
1010025039 1009 364
1010025039 1010 364
1010025039 1011 364
1010025039 1012 365
1010025039 1012 365
1010025039 1013 365
1010025039 1014 365
1010025039 1015 366
1010025039 1016 366
1010025039 1017 367
1010025039 1018 367
1010025039 1019 367
1010025039 1020 367
1010025039 1021 368
1010025039 1022 368
1010025039 1023 368
1010025039 1024 369
1010025039 1025 369
1010025039 1025 369
1010025039 1026 369
1010025039 1027 370
1010025039 1028 370
1010025039 1029 370
1010025039 1030 371
1010025039 1031 371
1010025039 1032 371
1010025039 1032 371
1010025039 1032 371
1010025039 1033 371
1010025039 1034 372
1010025039 1035 372
1010025039 1036 372
1010025039 1037 373
1010025039 1038 374
1010025039 1039 374
1010025039 1039 374
1010025039 1040 374
1010025039 1040 374
1010025039 1041 374
1010025039 1041 374
1010025039 1042 375
1010025039 1042 375
1010025039 1043 375
1010025039 1044 375
1010025039 1045 375
1010025039 1046 376
1010025039 1047 376
1010025039 1048 377
1010025039 1049 377
1010025039 1050 377
1010025039 1051 377
1010025039 1052 378
1010025039 1053 378
1010025039 1054 378
1010025039 1054 378
1010025039 1055 378
1010025039 1056 379
1010025039 1057 379
1010025039 1057 379
1010025039 1058 379
1010025039 1059 380
1010025039 1060 380
1010025039 1061 380
1010025039 1061 381
1010025039 1062 381
1010025039 1063 381
1010025039 1064 382
1010025039 1065 382
1010025039 1066 382
1010025039 1067 383
1010025039 1067 383
1010025039 1068 383
1010025039 1069 383
1010025039 1070 384
1010025039 1071 385
1010025039 1072 385
1010025039 1073 385
1010025039 1073 385
1010025039 1074 386
1010025039 1075 386
1010025039 1076 386
1010025039 1077 386
1010025039 1078 387
1010025039 1079 387
1010025039 1080 388
1010025039 1080 388
1010025039 1081 388
1010025039 1082 388
1010025039 1083 389
1010025039 1084 389
1010025039 1085 389
1010025039 1085 389
1010025039 1086 390
1010025039 1086 390
1010025039 1087 390
1010025039 1088 390
1010025039 1089 390
1010025039 1090 392
1010025039 1091 392
1010025039 1092 393
1010025039 1093 393
1010025039 1094 394
1010025039 1095 394
1010025039 1096 395
1010025039 1097 395
1010025039 1098 395
1010025039 1099 396
1010025039 1100 396
1010025039 1101 396
1010025039 1102 397
1010025039 1103 397
1010025039 1104 398
1010025039 1105 398
1010025039 1105 398
1010025039 1106 398
1010025039 1107 399
1010025039 1107 399
1010025039 1108 399
1010025039 1108 399
1010025039 1108 399
1010025039 1109 400
1010025039 1110 400
1010025039 1111 400
1010025039 1112 401
1010025039 1113 401
1010025039 1114 402
1010025039 1114 402
1010025039 1115 402
1010025039 1116 403
1010025039 1117 403
1010025039 1118 403
1010025039 1119 404
1010025039 1120 404
1010025039 1121 404
1010025039 1121 404
1010025039 1121 404
1010025039 1122 404
1010025039 1122 404
1010025039 1123 405
1010025039 1124 405
1010025039 1125 406
1010025039 1126 406
1010025039 1127 406
1010025039 1127 406
1010025039 1128 406
1010025039 1129 407
1010025039 1130 407
1010025039 1131 407
1010025039 1132 408
1010025039 1133 408
1010025039 1134 408
1010025039 1135 408
1010025039 1136 409
1010025039 1137 410
1010025039 1137 410
1010025039 1138 410
1010025039 1139 410
1010025039 1140 411
1010025039 1141 411
1010025039 1141 411
1010025039 1141 411
1010025039 1142 411
1010025039 1143 412
1010025039 1144 412
1010025039 1145 412
1010025039 1146 413
1010025039 1147 413
1010025039 1148 413
1010025039 1149 413
1010025039 1150 414
1010025039 1151 414
1010025039 1152 414
1010025039 1153 415
1010025039 1154 415
1010025039 1155 415
1010025039 1156 416
1010025039 1157 416
1010025039 1158 416
1010025039 1158 416
1010025039 1159 416
1010025039 1160 417
1010025039 1160 417
1010025039 1161 417
1010025039 1162 417
1010025039 1163 418
1010025039 1164 418
1010025039 1165 419
1010025039 1166 419
1010025039 1167 419
1010025039 1168 420
1010025039 1169 420
1010025039 1170 420
1010025039 1171 420
1010025039 1172 421
1010025039 1173 421
1010025039 1174 421
1010025039 1175 422
1010025039 1176 423
1010025039 1177 423
1010025039 1178 423
1010025039 1178 423
1010025039 1179 424
1010025039 1180 424
1010025039 1180 424
1010025039 1181 424
1010025039 1182 424
1010025039 1183 425
1010025039 1184 425
1010025039 1185 425
1010025039 1186 426
1010025039 1187 426
1010025039 1187 426
1010025039 1188 427
1010025039 1188 427
1010025039 1189 427
1010025039 1190 427
1010025039 1190 427
1010025039 1191 428
1010025039 1192 428
1010025039 1192 428
1010025039 1193 428
1010025039 1193 428
1010025039 1193 428
1010025039 1194 428
1010025039 1195 429
1010025039 1196 429
1010025039 1197 430
1010025039 1198 430
1010025039 1199 430
1010025039 1200 430
1010025039 1201 431
1010025039 1202 431
1010025039 1202 431
1010025039 1202 431
1010025039 1203 431
1010025039 1204 432
1010025039 1205 432
1010025039 1206 432
1010025039 1207 433
1010025039 1208 433
1010025039 1208 433
1010025039 1209 433
1010025039 1209 433
1010025039 1210 434
1010025039 1210 434
1010025039 1211 434
1010025039 1212 434
1010025039 1213 435
1010025039 1214 435
1010025039 1214 435
1010025039 1215 435
1010025039 1216 436
1010025039 1217 436
1010025039 1218 436
1010025039 1219 436
1010025039 1220 437
1010025039 1220 437
1010025039 1221 438
1010025039 1222 438
1010025039 1223 438
1010025039 1224 439
1010025039 1225 439
1010025039 1226 439
1010025039 1227 440
1010025039 1227 440
1010025039 1228 440
1010025039 1229 440
1010025039 1230 441
1010025039 1231 441
1010025039 1232 442
1010025039 1233 442
1010025039 1234 443
1010025039 1235 443
1010025039 1236 444
1010025039 1237 444
1010025039 1238 444
1010025039 1238 444
1010025039 1239 445
1010025039 1240 445
1010025039 1240 445
1010025039 1241 445
1010025039 1242 445
1010025039 1243 446
1010025039 1244 446
1010025039 1245 446
1010025039 1246 447
1010025039 1246 447
1010025039 1247 447
1010025039 1248 447
1010025039 1249 448
1010025039 1250 448
1010025039 1251 448
1010025039 1252 449
1010025039 1253 449
1010025039 1254 449
1010025039 1255 450
1010025039 1256 451
1010025039 1257 451
1010025039 1258 452
1010025039 1259 452
1010025039 1259 452
1010025039 1260 453
1010025039 1261 453
1010025039 1262 453
1010025039 1263 453
1010025039 1263 453
1010025039 1264 454
1010025039 1265 454
1010025039 1266 454
1010025039 1267 455
1010025039 1268 455
1010025039 1269 455
1010025039 1270 455
1010025039 1271 456
1010025039 1272 456
1010025039 1273 456
1010025039 1274 456
1010025039 1274 456
1010025039 1275 457
1010025039 1276 457
1010025039 1277 457
1010025039 1278 457
1010025039 1279 458
1010025039 1280 458
1010025039 1281 458
1010025039 1282 459
1010025039 1283 459
1010025039 1284 459
1010025039 1285 460
1010025039 1286 460
1010025039 1287 461
1010025039 1287 461
1010025039 1288 461
1010025039 1288 461
1010025039 1289 461
1010025039 1290 461
1010025039 1291 462
1010025039 1292 462
1010025039 1293 462
1010025039 1294 463
1010025039 1295 463
1010025039 1296 463
1010025039 1296 463
1010025039 1297 463
1010025039 1297 463
1010025039 1297 463
1010025039 1298 464
1010025039 1299 464
1010025039 1300 464
1010025039 1301 464
1010025039 1302 465
1010025039 1302 465
1010025039 1303 465
1010025039 1304 465
1010025039 1305 466
1010025039 1305 466
1010025039 1306 466
1010025039 1307 466
1010025039 1308 466
1010025039 1309 467
1010025039 1310 467
1010025039 1311 467
1010025039 1312 468
1010025039 1313 468
1010025039 1313 468
1010025039 1314 468
1010025039 1315 468
1010025039 1316 469
1010025039 1317 469
1010025039 1318 469
1010025039 1319 470
1010025039 1320 471
1010025039 1321 471
1010025039 1321 471
1010025039 1322 472
1010025039 1323 472
1010025039 1324 472
1010025039 1325 473
1010025039 1326 473
1010025039 1326 473
1010025039 1327 473
1010025039 1328 473
1010025039 1328 473
1010025039 1329 474
1010025039 1330 475
1010025039 1331 475
1010025039 1331 475
1010025039 1332 475
1010025039 1333 475
1010025039 1334 476
1010025039 1335 476
1010025039 1336 477
1010025039 1337 477
1010025039 1338 477
1010025039 1338 477
1010025039 1338 478
1010025039 1339 478
1010025039 1340 478
1010025039 1341 479
1010025039 1342 479
1010025039 1343 480
1010025039 1344 480
1010025039 1345 481
1010025039 1346 481
1010025039 1347 481
1010025039 1347 481
1010025039 1348 481
1010025039 1349 482
1010025039 1350 483
1010025039 1351 483
1010025039 1352 483
1010025039 1353 483
1010025039 1354 484
1010025039 1355 484
1010025039 1356 484
1010025039 1357 484
1010025039 1358 485
1010025039 1359 485
1010025039 1360 486
1010025039 1360 486
1010025039 1361 487
1010025039 1361 487
1010025039 1362 487
1010025039 1363 487
1010025039 1364 487
1010025039 1365 488
1010025039 1366 489
1010025039 1367 489
1010025039 1368 489
1010025039 1369 490
1010025039 1369 490
1010025039 1370 490
1010025039 1371 490
1010025039 1372 491
1010025039 1373 492
1010025039 1374 492
1010025039 1375 492
1010025039 1376 493
1010025039 1377 493
1010025039 1378 493
1010025039 1379 493
1010025039 1380 494
1010025039 1381 494
1010025039 1382 494
1010025039 1382 494
1010025039 1383 495
1010025039 1384 495
1010025039 1385 496
1010025039 1386 496
1010025039 1387 496
1010025039 1387 496
1010025039 1388 497
1010025039 1389 498
1010025039 1390 498
1010025039 1391 498
1010025039 1392 498
1010025039 1393 499
1010025039 1394 499
1010025039 1394 499
1010025039 1394 499
1010025039 1395 499
1010025039 1396 500
1010025039 1397 500
1010025039 1398 500
1010025039 1399 501
1010025039 1400 501
1010025039 1401 502
1010025039 1402 502
1010025039 1403 502
1010025039 1404 503
1010025039 1405 503
1010025039 1406 504
1010025039 1407 504
1010025039 1408 505
1010025039 1409 505
1010025039 1410 505
1010025039 1411 506
1010025039 1412 507
1010025039 1413 507
1010025039 1414 507
1010025039 1415 508
1010025039 1416 509
1010025039 1417 509
1010025039 1418 510
1010025039 1419 510
1010025039 1420 511
1010025039 1421 511
1010025039 1422 511
1010025039 1423 512
1010025039 1424 512
1010025039 1425 513
1010025039 1426 513
1010025039 1427 514
1010025039 1428 514
1010025039 1429 514
1010025039 1430 515
1010025039 1431 515
1010025039 1432 515
1010025039 1433 516
1010025039 1434 516
1010025039 1435 517
1010025039 1436 517
1010025039 1437 517
1010025039 1438 518
1010025039 1438 518
1010025039 1439 518
1010025039 1440 519
1010025039 1441 519
1010025039 1442 519
1010025039 1443 519
1010025039 1444 520
1010025039 1445 520
1010025039 1446 520
1010025039 1447 521
1010025039 1448 522
1010025039 1448 522
1010025039 1448 522
1010025039 1449 522
1010025039 1449 522
1010025039 1450 522
1010025039 1451 522
1010025039 1452 523
1010025039 1453 523
1010025039 1454 523
1010025039 1455 523
1010025039 1455 523
1010025039 1456 524
1010025039 1457 524
1010025039 1457 524
1010025039 1458 525
1010025039 1459 525
1010025039 1459 525
1010025039 1460 526
1010025039 1461 526
1010025039 1462 526
1010025039 1463 527
1010025039 1464 527
1010025039 1465 527
1010025039 1465 527
1010025039 1465 527
1010025039 1466 528
1010025039 1467 528
1010025039 1468 528
1010025039 1468 528
1010025039 1469 529
1010025039 1469 529
1010025039 1470 529
1010025039 1471 530
1010025039 1472 530
1010025039 1473 530
1010025039 1474 531
1010025039 1475 531
1010025039 1476 531
1010025039 1477 532
1010025039 1478 532
1010025039 1479 532
1010025039 1480 533
1010025039 1481 533
1010025039 1482 533
1010025039 1483 533
1010025039 1484 534
1010025039 1485 534
1010025039 1486 534
1010025039 1487 534
1010025039 1488 535
1010025039 1489 535
1010025039 1490 535
1010025039 1491 535
1010025039 1491 535
1010025039 1492 536
1010025039 1493 536
1010025039 1494 536
1010025039 1494 536
1010025039 1495 537
1010025039 1496 537
1010025039 1497 538
1010025039 1497 538
1010025039 1498 538
1010025039 1499 538
1010025039 1500 538
1010025039 1501 539
1010025039 1502 539
1010025039 1502 539
1010025039 1503 539
1010025039 1504 539
1010025039 1505 540
1010025039 1506 540
1010025039 1507 540
1010025039 1508 540
1010025039 1508 540
1010025039 1509 541
1010025039 1510 541
1010025039 1511 541
1010025039 1512 542
1010025039 1513 543
1010025039 1514 543
1010025039 1515 543
1010025039 1516 543
1010025039 1517 544
1010025039 1518 544
1010025039 1519 544
1010025039 1520 544
1010025039 1521 545
1010025039 1522 545
1010025039 1523 545
1010025039 1524 546
1010025039 1525 546
1010025039 1526 546
1010025039 1527 546
1010025039 1528 547
1010025039 1529 547
1010025039 1530 547
1010025039 1530 547
1010025039 1531 548
1010025039 1532 548
1010025039 1533 548
1010025039 1534 549
1010025039 1534 549
1010025039 1535 549
1010025039 1536 549
1010025039 1537 550
1010025039 1538 550
1010025039 1539 550
1010025039 1540 551
1010025039 1541 551
1010025039 1542 551
1010025039 1542 551
1010025039 1543 552
1010025039 1543 552
1010025039 1544 552
1010025039 1545 552
1010025039 1546 553
1010025039 1547 553
1010025039 1547 553
1010025039 1547 553
1010025039 1548 553
1010025039 1549 554
1010025039 1550 554
1010025039 1551 554
1010025039 1552 555
1010025039 1553 555
1010025039 1553 555
1010025039 1554 555
1010025039 1555 556
1010025039 1556 556
1010025039 1557 557
1010025039 1558 557
1010025039 1559 557
1010025039 1560 557
1010025039 1561 558
1010025039 1562 558
1010025039 1562 558
1010025039 1563 558
1010025039 1564 558
1010025039 1565 559
1010025039 1566 559
1010025039 1567 559
1010025039 1567 559
1010025039 1568 560
1010025039 1569 560
1010025039 1570 560
1010025039 1571 560
1010025039 1572 561
1010025039 1573 562
1010025039 1574 562
1010025039 1575 562
1010025039 1576 563
1010025039 1577 563
1010025039 1578 563
1010025039 1579 564
1010025039 1580 564
1010025039 1581 564
1010025039 1582 565
1010025039 1583 565
1010025039 1584 565
1010025039 1584 565
1010025039 1585 566
1010025039 1586 566
1010025039 1587 566
1010025039 1588 567
1010025039 1588 567
1010025039 1589 567
1010025039 1590 567
1010025039 1591 567
1010025039 1591 567
1010025039 1592 568
1010025039 1593 568
1010025039 1594 569
1010025039 1595 569
1010025039 1596 569
1010025039 1597 570
1010025039 1598 570
1010025039 1599 570
1010025039 1600 571
1010025039 1601 571
1010025039 1602 571
1010025039 1603 572
1010025039 1604 572
1010025039 1605 572
1010025039 1606 573
1010025039 1607 573
1010025039 1608 573
1010025039 1609 574
1010025039 1610 574
1010025039 1611 574
1010025039 1612 574
1010025039 1613 575
1010025039 1614 575
1010025039 1615 575
1010025039 1616 576
1010025039 1617 576
1010025039 1618 577
1010025039 1619 577
1010025039 1620 577
1010025039 1621 577
1010025039 1621 577
1010025039 1622 578
1010025039 1623 578
1010025039 1624 579
1010025039 1625 579
1010025039 1626 580
1010025039 1627 580
1010025039 1628 581
1010025039 1629 581
1010025039 1630 582
1010025039 1631 582
1010025039 1632 583
1010025039 1633 583
1010025039 1634 583
1010025039 1635 583
1010025039 1636 584
1010025039 1636 584
1010025039 1637 585
1010025039 1638 585
1010025039 1639 586
1010025039 1640 586
1010025039 1641 586
1010025039 1642 587
1010025039 1643 588
1010025039 1644 588
1010025039 1645 588
1010025039 1646 588
1010025039 1647 589
1010025039 1648 589
1010025039 1649 589
1010025039 1650 590
1010025039 1651 590
1010025039 1652 590
1010025039 1653 590
1010025039 1654 591
1010025039 1655 591
1010025039 1656 591
1010025039 1657 592
1010025039 1658 592
1010025039 1659 592
1010025039 1660 592
1010025039 1661 593
1010025039 1662 593
1010025039 1663 593
1010025039 1664 594
1010025039 1665 595
1010025039 1666 595
1010025039 1666 595
1010025039 1667 595
1010025039 1668 596
1010025039 1669 596
1010025039 1669 596
1010025039 1670 596
1010025039 1671 597
1010025039 1672 597
1010025039 1673 598
1010025039 1674 598
1010025039 1675 598
1010025039 1676 598
1010025039 1677 599
1010025039 1678 599
1010025039 1679 599
1010025039 1680 600
1010025039 1681 600
1010025039 1682 600
1010025039 1683 601
