3044840469 1 4
3044840469 2 4
3044840469 3 4
2859714987.1255 4 4
1730219788 5 5
1730219788 6 5
1730219788 7 5
1730219788 8 6
1730219788 8 6
1730219788 8 6
1312647887 9 6
1312647887 10 6
1312647887 10 6
1312647887 11 7
1312647887 12 7
1312647887 13 7
1312647887 14 8
1312647887 15 8
1312647887 15 8
1312647887 16 8
1312647887 16 8
1312647887 17 8
1312647887 18 9
1312647887 19 9
1312647887 20 9
1312647887 20 9
1312647887 21 10
1312647887 22 10
1312647887 22 10
1312647887 23 11
1312647887 24 11
1312647887 25 11
1312647887 26 12
1312647887 27 13
1312647887 28 13
1312647887 29 13
1312647887 30 14
1312647887 31 15
1312647887 32 15
1312647887 33 16
1312647887 34 16
1312647887 35 17
1312647887 36 17
1312647887 37 17
1312647887 38 18
1312647887 39 18
1312647887 40 18
1312647887 41 19
1312647887 42 19
1312647887 43 19
1312647887 44 20
1312647887 45 20
1312647887 46 20
1312647887 47 21
1312647887 48 21
1312647887 49 21
1312647887 50 21
1312647887 51 22
1312647887 51 22
1312647887 52 22
1312647887 53 23
1312647887 54 23
1312647887 55 24
1312647887 55 24
1312647887 56 25
1312647887 57 25
1312647887 58 25
1312647887 58 25
1312647887 58 25
1312647887 59 25
1312647887 59 25
1312647887 59 25
1312647887 60 26
1312647887 61 26
1312647887 62 26
1312647887 63 27
1312647887 64 27
1312647887 65 27
1312647887 66 27
1312647887 67 28
1312647887 67 28
1312647887 68 28
1312647887 69 28
1312647887 70 28
1312647887 71 29
1312647887 72 29
1312647887 73 29
1312647887 73 29
1312647887 74 29
1312647887 75 30
1312647887 76 30
1312647887 77 31
1312647887 77 31
1312647887 78 31
1312647887 79 32
1312647887 80 32
1312647887 81 32
1312647887 82 33
1312647887 83 33
1312647887 84 34
1312647887 85 34
1312647887 85 34
1312647887 86 34
1312647887 87 35
1312647887 88 35
1312647887 88 35
1312647887 89 35
1312647887 90 35
1312647887 91 36
1312647887 92 36
1312647887 93 36
1312647887 94 37
1312647887 95 37
1312647887 95 37
1312647887 96 37
1312647887 97 38
1312647887 98 39
1312647887 99 39
1312647887 100 40
1312647887 101 40
1312647887 102 40
1312647887 103 40
1312647887 104 41
1312647887 105 42
1312647887 106 42
1312647887 107 42
1312647887 108 43
1312647887 108 43
1312647887 108 43
1312647887 109 43
1312647887 109 43
1312647887 110 43
1312647887 110 43
1312647887 110 43
1312647887 111 44
1312647887 112 44
1312647887 113 44
1312647887 114 45
1312647887 115 45
1312647887 115 45
1312647887 116 45
1312647887 117 45
1312647887 118 46
1312647887 119 46
1312647887 120 46
1312647887 121 47
1312647887 122 47
1312647887 122 47
1312647887 123 47
1312647887 124 48
1312647887 125 48
1312647887 125 48
1312647887 126 48
1312647887 127 49
1312647887 128 49
1312647887 129 49
1312647887 129 49
1312647887 130 49
1312647887 131 50
1312647887 131 50
1312647887 131 50
1312647887 132 50
1312647887 133 50
1312647887 134 51
1312647887 135 51
1312647887 136 51
1312647887 137 52
1312647887 138 52
1312647887 139 52
1312647887 140 52
1312647887 141 53
1312647887 142 53
1312647887 143 53
1312647887 144 53
1312647887 144 53
1312647887 144 53
1312647887 145 54
1312647887 146 54
1312647887 147 55
1312647887 147 55
1312647887 147 55
1312647887 148 55
1312647887 149 55
1278985485 150 55
1278985485 151 56
1278985485 152 56
1278985485 152 56
1278985485 153 56
1278985485 154 56
1278985485 155 57
1278985485 156 57
1278985485 157 57
1278985485 158 57
1278985485 158 57
1278985485 159 58
1278985485 160 58
1278985485 161 59
1278985485 162 59
1278985485 163 59
1278985485 164 60
1278985485 165 60
1278985485 166 60
1278985485 167 60
1278985485 168 61
1278985485 169 61
1278985485 169 61
1278985485 170 61
1278985485 171 62
1278985485 172 63
1278985485 173 63
1278985485 174 63
1278985485 175 63
1278985485 176 64
1278985485 177 64
1278985485 178 64
1278985485 179 65
1278985485 180 65
1278985485 181 65
1278985485 182 66
1278985485 183 66
1278985485 183 66
1278985485 184 66
1083635790 185 67
1083635790 186 67
1083635790 187 67
1083635790 188 68
1083635790 189 68
1083635790 190 68
1083635790 190 68
1083635790 191 69
1083635790 192 69
1083635790 193 69
1083635790 194 69
1083635790 195 70
1083635790 196 70
1083635790 197 70
1083635790 198 70
1083635790 199 71
1083635790 200 71
1083635790 201 72
1083635790 202 72
1083635790 203 72
1083635790 204 73
1083635790 205 73
1083635790 206 73
1083635790 207 73
1083635790 208 74
1083635790 209 74
1083635790 210 74
1083635790 211 75
1083635790 212 75
1083635790 213 75
1083635790 213 75
1083635790 214 75
1083635790 215 76
1083635790 216 76
1083635790 217 76
1083635790 218 77
1083635790 219 77
1083635790 219 78
1083635790 220 78
1083635790 221 78
1083635790 222 79
1083635790 223 80
1083635790 224 80
1083635790 225 80
1083635790 226 80
1083635790 227 81
1083635790 228 81
1083635790 229 81
1083635790 230 82
1083635790 231 82
1083635790 232 82
1083635790 233 82
1083635790 234 82
1083635790 235 83
1083635790 236 84
1083635790 237 84
1083635790 238 85
1083635790 239 85
1083635790 239 85
1083635790 240 85
1083635790 241 86
1083635790 242 86
1083635790 243 86
1083635790 244 87
1083635790 245 87
1083635790 246 88
1083635790 247 88
1083635790 248 89
1083635790 249 90
1083635790 250 90
1083635790 251 90
1083635790 252 91
1083635790 253 91
1083635790 253 91
1083635790 253 91
1083635790 254 91
1083635790 255 92
1083635790 255 92
1083635790 256 92
1083635790 256 92
1083635790 257 93
1083635790 257 93
1083635790 258 93
1083635790 259 94
1083635790 260 94
1083635790 261 95
1083635790 262 95
1083635790 263 95
1083635790 264 96
1083635790 265 96
1083635790 266 96
1083635790 266 96
1083635790 267 96
1083635790 268 97
1083635790 268 97
1083635790 269 97
1083635790 269 98
1083635790 270 98
1083635790 271 98
1083635790 272 98
1083635790 272 98
1083635790 273 99
1083635790 274 99
1083635790 275 99
1083635790 276 100
1083635790 276 100
1083635790 277 100
1083635790 278 100
1083635790 279 101
1083635790 280 101
1083635790 281 101
1083635790 282 101
1083635790 282 101
1083635790 283 102
1083635790 284 102
1083635790 285 102
1083635790 286 103
1083635790 287 104
1083635790 287 104
1083635790 287 104
1083635790 288 104
1083635790 289 104
1083635790 290 105
1083635790 290 105
1083635790 291 105
1083635790 292 105
1083635790 293 105
1083635790 294 106
1083635790 295 106
1083635790 296 106
1083635790 297 107
1083635790 298 107
1083635790 299 108
1083635790 299 108
1083635790 300 109
1083635790 300 109
1083635790 301 109
1083635790 302 109
1083635790 303 110
1083635790 304 110
1083635790 305 110
1083635790 306 110
1083635790 307 111
1083635790 308 111
1083635790 309 111
1083635790 310 111
1083635790 311 112
1083635790 312 112
1083635790 313 112
1083635790 313 112
1083635790 314 113
1083635790 315 113
1083635790 316 113
1083635790 317 113
1083635790 318 114
1083635790 319 114
1083635790 320 114
1083635790 321 115
1083635790 322 116
1083635790 323 116
1083635790 324 116
1083635790 325 117
1083635790 326 117
1083635790 327 118
1083635790 328 118
1083635790 329 118
1083635790 330 119
1083635790 331 119
1083635790 332 119
1083635790 333 119
1083635790 333 119
1083635790 334 120
1083635790 335 120
1083635790 335 120
1083635790 336 121
1083635790 337 121
1083635790 338 121
1083635790 339 122
1083635790 340 122
1083635790 341 123
1083635790 342 123
1083635790 343 124
1083635790 344 124
1083635790 345 125
1083635790 346 125
1083635790 347 125
1083635790 347 125
1083635790 348 126
1083635790 349 126
1083635790 350 126
1083635790 351 127
1083635790 352 127
1083635790 353 127
1083635790 354 127
1083635790 355 128
1083635790 356 128
1083635790 357 128
1083635790 358 129
1083635790 359 129
1083635790 359 129
1083635790 360 129
1083635790 361 129
1083635790 362 130
1083635790 363 130
1083635790 364 130
1083635790 365 131
1083635790 366 131
1083635790 367 131
1083635790 368 131
1083635790 369 132
1083635790 370 133
1083635790 371 133
1083635790 372 133
1083635790 373 134
1083635790 374 134
1083635790 375 134
1083635790 375 134
1083635790 376 135
1083635790 377 135
1083635790 377 135
1083635790 378 135
1083635790 379 135
1083635790 380 136
1083635790 381 136
1083635790 381 136
1083635790 382 136
1083635790 383 137
1083635790 384 137
1083635790 385 137
1083635790 386 139
1083635790 387 139
1083635790 388 139
1083635790 389 140
1083635790 390 141
1083635790 391 141
1083635790 392 141
1083635790 393 141
1083635790 393 141
1083635790 394 142
1083635790 395 142
1083635790 396 143
1083635790 397 143
1083635790 398 143
1083635790 399 144
1083635790 400 144
1083635790 401 144
1083635790 402 145
1083635790 403 145
1083635790 404 146
1083635790 405 146
1083635790 406 146
1083635790 407 148
1083635790 407 148
1083635790 408 148
1083635790 409 148
1083635790 409 148
1083635790 410 149
1083635790 411 149
1083635790 412 149
1083635790 413 150
1083635790 414 150
1083635790 415 150
1083635790 416 151
1083635790 417 151
1083635790 418 151
1083635790 418 151
1083635790 418 151
1083635790 419 152
1083635790 420 153
1083635790 421 153
1083635790 422 153
1083635790 423 154
1083635790 424 154
1083635790 425 154
1083635790 426 155
1083635790 427 155
1083635790 428 155
1083635790 429 156
1083635790 430 156
1083635790 431 156
1083635790 432 157
1083635790 433 158
1083635790 434 158
1083635790 435 159
1083635790 436 159
1083635790 437 159
1083635790 438 160
1083635790 438 160
1083635790 439 160
1083635790 440 160
1083635790 441 161
1083635790 441 161
1083635790 442 161
1083635790 443 161
1083635790 443 161
1083635790 444 162
1083635790 445 162
1083635790 446 162
1083635790 447 163
1083635790 447 163
1083635790 448 163
1083635790 449 164
1083635790 450 164
1083635790 451 165
1083635790 452 165
1083635790 453 165
1083635790 454 165
1083635790 454 165
1083635790 455 166
1083635790 456 166
1083635790 457 166
1083635790 458 167
1083635790 459 167
1083635790 460 168
1083635790 461 168
1083635790 462 169
1083635790 462 169
1083635790 463 169
1083635790 464 169
1083635790 465 170
1083635790 466 171
1083635790 467 171
1083635790 468 171
1083635790 469 171
1083635790 470 172
1083635790 471 172
1083635790 472 172
1083635790 473 173
1083635790 474 173
1083635790 475 173
1083635790 476 173
1083635790 477 174
1083635790 478 174
1083635790 479 174
1083635790 480 174
1083635790 481 175
1083635790 482 176
1083635790 483 176
1083635790 484 176
1083635790 485 177
1083635790 485 177
1083635790 486 177
1083635790 487 177
1083635790 488 177
1083635790 489 178
1083635790 490 178
1083635790 490 178
1083635790 491 178
1083635790 492 178
1083635790 493 179
1083635790 494 179
1083635790 495 179
1083635790 496 180
1083635790 497 180
1083635790 498 180
1083635790 498 180
1083635790 499 180
1083635790 500 181
1083635790 501 181
1083635790 502 181
1083635790 502 181
1083635790 503 181
1083635790 503 181
1083635790 504 182
1083635790 505 182
1083635790 506 182
1083635790 507 183
1083635790 508 183
1083635790 509 184
1083635790 510 185
1083635790 510 185
1083635790 511 186
1083635790 512 186
1083635790 513 186
1083635790 514 186
1083635790 515 187
1083635790 516 187
1083635790 517 187
1083635790 518 188
1083635790 518 188
1083635790 519 188
1083635790 519 188
1083635790 520 188
1083635790 521 188
1083635790 522 189
1083635790 523 189
1083635790 524 189
1083635790 525 190
1083635790 526 190
1083635790 527 190
1083635790 528 191
1083635790 529 191
1083635790 529 191
1083635790 530 192
1083635790 531 192
1083635790 532 192
1083635790 533 192
1083635790 534 193
1083635790 535 193
1083635790 536 193
1083635790 537 194
1083635790 538 194
1083635790 539 194
1083635790 540 195
1083635790 541 195
1083635790 541 195
1083635790 542 195
1083635790 543 195
1083635790 544 196
1083635790 545 196
1083635790 546 196
1083635790 547 197
1083635790 548 197
1083635790 549 197
1083635790 550 197
1083635790 551 198
1083635790 552 198
1083635790 553 198
1083635790 554 199
1083635790 555 199
1083635790 556 199
1083635790 557 200
1083635790 558 200
1083635790 559 201
1083635790 559 201
1083635790 559 201
1083635790 560 201
1083635790 561 202
1083635790 561 202
1083635790 562 202
1083635790 562 202
1083635790 563 202
1083635790 564 202
1083635790 564 202
1083635790 565 203
1083635790 565 203
1083635790 566 203
1083635790 567 203
1083635790 568 204
1083635790 569 204
1083635790 570 204
1083635790 571 205
1083635790 572 205
1083635790 573 205
1083635790 574 206
1083635790 575 206
1083635790 576 206
1083635790 577 207
1083635790 578 208
1083635790 578 208
1083635790 579 208
1083635790 580 208
1083635790 581 209
1083635790 582 209
1083635790 583 209
1083635790 584 209
1083635790 585 210
1083635790 585 210
1083635790 586 210
1083635790 587 210
1083635790 588 211
1083635790 589 212
1083635790 590 212
1083635790 591 212
1083635790 592 213
1083635790 593 213
1083635790 594 214
1083635790 595 214
1083635790 596 214
1083635790 597 215
1083635790 598 215
1083635790 599 215
1083635790 600 216
1083635790 601 216
1083635790 602 216
1083635790 603 217
1083635790 604 217
1083635790 605 217
1083635790 606 217
1083635790 607 218
1083635790 607 218
1083635790 608 218
1083635790 609 219
1083635790 610 219
1083635790 611 220
1083635790 612 221
1083635790 612 221
1083635790 613 221
1083635790 614 221
1083635790 615 221
1083635790 616 222
1083635790 617 222
1083635790 618 222
1083635790 619 223
1083635790 620 223
1083635790 621 223
1083635790 622 223
1083635790 623 224
1083635790 624 224
1083635790 625 224
1083635790 626 225
1083635790 627 225
1083635790 628 225
1083635790 628 225
1083635790 629 225
1083635790 630 226
1083635790 631 226
1083635790 632 227
1083635790 632 227
1083635790 633 227
1083635790 634 228
1083635790 635 228
1083635790 636 228
1083635790 637 229
1083635790 638 229
1083635790 639 229
1083635790 640 229
1083635790 641 230
1083635790 642 230
1083635790 643 230
1083635790 644 230
1083635790 645 231
1083635790 646 231
1083635790 647 231
1083635790 648 232
1083635790 649 232
1083635790 650 232
1083635790 651 233
1083635790 652 233
1083635790 652 233
1083635790 653 234
1083635790 654 234
1083635790 655 235
1083635790 656 235
1083635790 656 235
1083635790 657 236
1083635790 658 237
1083635790 659 237
1083635790 660 237
1083635790 661 237
1083635790 662 238
1083635790 663 238
1083635790 664 239
1083635790 665 239
1083635790 666 240
1083635790 667 240
1083635790 668 241
1083635790 669 241
1083635790 670 241
1083635790 671 242
1083635790 672 242
1083635790 673 242
1083635790 674 243
1083635790 675 243
1083635790 676 244
1083635790 676 244
1083635790 677 244
1083635790 678 244
1083635790 679 245
1083635790 680 245
1083635790 681 245
1083635790 682 246
1083635790 683 247
1083635790 684 247
1083635790 684 247
1083635790 685 247
1083635790 685 247
1083635790 686 248
1083635790 686 248
1083635790 686 248
1083635790 686 248
1083635790 687 248
1083635790 688 248
1083635790 689 249
1083635790 690 249
1083635790 690 249
1083635790 691 249
1083635790 692 250
1083635790 692 250
1083635790 693 251
1083635790 694 251
1083635790 695 251
1083635790 696 252
1083635790 697 252
1083635790 698 252
1083635790 699 253
1083635790 700 253
1083635790 701 253
1083635790 702 254
1083635790 703 254
1083635790 704 254
1083635790 705 255
1083635790 706 255
1083635790 707 256
1083635790 708 256
1083635790 709 257
1083635790 710 257
1083635790 711 257
1083635790 712 258
1083635790 713 258
1083635790 714 258
1083635790 715 259
1083635790 716 260
1083635790 717 260
1083635790 718 260
1083635790 719 261
1083635790 719 261
1083635790 719 261
1083635790 720 261
1083635790 720 261
1083635790 721 261
1083635790 722 262
1083635790 723 262
1083635790 724 262
1083635790 725 262
1083635790 726 263
1083635790 727 263
1083635790 728 263
1083635790 729 264
1083635790 730 264
1083635790 731 264
1083635790 731 264
1083635790 731 264
1083635790 732 264
1083635790 733 265
1083635790 734 265
1083635790 734 265
1083635790 735 265
1083635790 736 266
1083635790 737 266
1083635790 737 266
1083635790 738 266
1083635790 739 266
1083635790 740 267
1083635790 741 267
1083635790 742 267
1083635790 743 268
1083635790 743 268
1083635790 744 268
1083635790 745 268
1083635790 746 269
1083635790 747 269
1083635790 747 269
1083635790 748 269
1083635790 749 270
1083635790 750 271
1083635790 751 271
1083635790 752 271
1083635790 753 272
1083635790 753 272
1083635790 754 272
1083635790 755 273
1083635790 755 273
1083635790 756 274
1083635790 757 274
1083635790 758 274
1083635790 758 274
1083635790 759 274
1083635790 760 275
1083635790 760 275
1083635790 761 275
1083635790 762 275
1083635790 763 276
1083635790 764 277
1083635790 765 277
1083635790 766 278
1083635790 767 279
1083635790 768 279
1083635790 769 280
1083635790 770 280
1083635790 771 281
1083635790 772 281
1083635790 773 282
1083635790 774 283
1083635790 775 284
1083635790 776 284
1083635790 777 284
1083635790 778 285
1083635790 779 285
1083635790 780 285
1083635790 780 285
1083635790 781 286
1083635790 782 287
1083635790 783 287
1083635790 784 287
1083635790 784 287
1083635790 785 287
1083635790 786 288
1083635790 787 288
1083635790 788 289
1083635790 789 289
1083635790 790 290
1083635790 791 290
1083635790 792 291
1083635790 793 291
1083635790 794 291
1083635790 795 292
1083635790 796 292
1083635790 797 292
1083635790 798 292
1083635790 799 293
1083635790 800 293
1083635790 801 293
1083635790 802 293
1083635790 803 294
1083635790 804 294
1083635790 804 294
1083635790 805 295
1083635790 806 295
1083635790 807 295
1083635790 808 295
1083635790 809 296
1083635790 809 296
1083635790 810 296
1083635790 811 296
1083635790 812 297
1083635790 813 297
1083635790 814 297
1083635790 814 297
1083635790 815 298
1083635790 816 298
1083635790 816 298
1083635790 817 298
1083635790 818 298
1083635790 818 298
1083635790 819 299
1083635790 820 299
1083635790 821 300
1083635790 822 300
1083635790 823 300
1083635790 824 301
1083635790 825 301
1083635790 825 301
1083635790 826 301
1083635790 827 301
1083635790 828 302
1083635790 829 303
1083635790 829 303
1083635790 830 303
1083635790 830 303
1083635790 831 303
1083635790 832 303
1083635790 833 304
1083635790 834 304
1083635790 835 305
1083635790 836 305
1083635790 837 305
1083635790 838 306
1083635790 839 306
1083635790 840 306
1083635790 841 307
1083635790 842 307
1083635790 843 307
1083635790 843 308
1083635790 843 308
1083635790 844 308
1083635790 844 308
1083635790 845 309
1083635790 845 309
1083635790 846 310
1083635790 847 310
1083635790 848 310
1083635790 849 311
1083635790 850 311
1083635790 851 311
1083635790 852 312
1083635790 853 312
1083635790 854 312
1083635790 855 313
1083635790 856 313
1083635790 856 313
1083635790 857 313
1083635790 857 313
1083635790 858 313
1083635790 858 313
1083635790 859 314
1083635790 860 315
1083635790 861 315
1083635790 862 315
1083635790 862 315
1083635790 863 316
1083635790 863 316
1083635790 863 316
1083635790 864 316
1083635790 865 316
1083635790 866 316
1083635790 867 317
1083635790 868 318
1083635790 869 318
1083635790 870 318
1083635790 871 318
1083635790 872 319
1083635790 873 319
1083635790 874 319
1083635790 875 319
1083635790 876 320
1083635790 877 320
1083635790 878 320
1083635790 879 321
1083635790 880 321
1083635790 880 321
1083635790 881 321
1083635790 882 321
1083635790 882 321
1083635790 883 322
1083635790 884 322
1083635790 884 322
1083635790 885 322
1083635790 886 323
1083635790 886 323
1083635790 887 323
1083635790 888 323
1083635790 889 324
1083635790 890 324
1083635790 891 324
1083635790 891 324
1083635790 892 325
1083635790 892 325
1083635790 892 325
1083635790 893 325
1083635790 894 325
1083635790 895 326
1083635790 896 326
1083635790 897 327
1083635790 897 327
1083635790 897 327
1083635790 898 327
1083635790 899 327
998043111 900 327
998043111 901 328
998043111 902 328
998043111 903 328
998043111 904 328
998043111 905 329
998043111 906 329
998043111 907 329
998043111 908 330
998043111 909 330
998043111 910 330
998043111 911 330
998043111 912 331
998043111 913 331
998043111 914 331
998043111 915 331
998043111 916 332
998043111 916 332
998043111 917 332
998043111 918 333
998043111 919 333
998043111 919 333
998043111 920 333
998043111 921 334
998043111 922 334
998043111 923 335
998043111 924 335
998043111 925 335
998043111 926 335
998043111 927 336
998043111 928 336
998043111 929 337
998043111 930 337
998043111 931 337
998043111 932 338
998043111 933 338
998043111 934 338
998043111 934 338
998043111 935 338
998043111 935 338
998043111 936 340
998043111 937 340
998043111 938 340
998043111 939 340
998043111 940 341
998043111 941 341
998043111 942 341
998043111 943 342
998043111 944 342
998043111 945 342
998043111 946 342
998043111 947 343
998043111 947 343
998043111 948 343
998043111 948 343
998043111 949 344
998043111 950 344
998043111 951 345
998043111 952 345
998043111 953 345
998043111 954 345
998043111 955 346
998043111 956 346
998043111 957 346
998043111 958 347
998043111 959 347
998043111 959 347
998043111 960 347
998043111 961 348
998043111 962 349
998043111 963 349
998043111 964 349
998043111 965 350
998043111 965 350
998043111 966 350
998043111 967 350
998043111 968 350
998043111 968 350
998043111 969 351
998043111 970 351
998043111 971 351
998043111 971 351
998043111 972 352
998043111 973 352
998043111 974 352
998043111 975 353
998043111 976 354
998043111 977 354
998043111 978 354
998043111 979 355
998043111 980 355
998043111 981 355
998043111 982 356
998043111 983 356
998043111 984 356
998043111 985 357
998043111 986 357
998043111 987 357
998043111 988 357
998043111 989 358
998043111 990 359
998043111 991 359
998043111 992 360
998043111 993 360
998043111 994 360
998043111 995 361
998043111 996 362
998043111 997 362
998043111 998 362
998043111 999 362
998043111 1000 363
998043111 1001 363
998043111 1002 364
998043111 1003 364
998043111 1004 365
998043111 1005 365
998043111 1005 365
998043111 1005 365
998043111 1006 365
998043111 1007 365
998043111 1008 366
998043111 1008 366
998043111 1009 366
998043111 1010 366
998043111 1011 367
998043111 1011 367
998043111 1012 367
998043111 1013 367
998043111 1014 367
963751584 1015 368
963751584 1016 368
963751584 1017 368
963751584 1018 369
963751584 1019 369
963751584 1020 369
963751584 1020 369
963751584 1021 369
963751584 1022 370
963751584 1023 370
963751584 1024 370
963751584 1025 371
963751584 1026 371
963751584 1027 372
963751584 1028 372
963751584 1029 372
963751584 1030 372
963751584 1031 373
963751584 1032 373
963751584 1033 374
963751584 1034 374
963751584 1034 374
963751584 1035 374
963751584 1036 375
963751584 1037 375
963751584 1038 375
963751584 1039 376
963751584 1040 376
963751584 1041 377
963751584 1042 377
963751584 1043 377
963751584 1044 378
963751584 1045 378
963751584 1046 378
963751584 1047 378
963751584 1048 379
963751584 1049 380
963751584 1050 380
963751584 1051 380
963751584 1052 381
963751584 1053 382
963751584 1054 382
963751584 1055 382
963751584 1056 384
963751584 1057 384
963751584 1057 384
963751584 1058 384
963751584 1059 385
963751584 1060 385
963751584 1061 385
963751584 1061 385
963751584 1062 386
963751584 1063 387
963751584 1064 387
963751584 1065 387
963751584 1066 387
963751584 1067 388
963751584 1068 388
963751584 1069 388
963751584 1070 389
963751584 1071 389
963751584 1072 389
963751584 1072 389
963751584 1073 390
963751584 1073 390
963751584 1074 390
963751584 1075 390
963751584 1075 390
963751584 1075 390
963751584 1076 391
963751584 1077 391
963751584 1078 391
963751584 1079 392
963751584 1080 392
963751584 1081 393
963751584 1082 393
963751584 1083 393
963751584 1084 394
963751584 1085 394
963751584 1086 395
963751584 1087 395
963751584 1088 395
963751584 1089 396
963751584 1090 396
963751584 1091 396
963751584 1092 397
963751584 1093 397
963751584 1093 397
963751584 1094 397
963751584 1095 398
963751584 1096 398
963751584 1096 398
963751584 1096 398
963751584 1097 398
963751584 1098 398
963751584 1099 399
963751584 1100 399
963751584 1101 399
963751584 1102 400
963751584 1103 400
963751584 1104 400
963751584 1105 401
963751584 1106 401
963751584 1107 402
963751584 1108 402
963751584 1109 402
963751584 1110 402
963751584 1111 403
963751584 1112 403
963751584 1113 403
963751584 1114 403
963751584 1114 403
963751584 1114 403
963751584 1115 404
963751584 1116 405
963751584 1117 405
963751584 1118 405
963751584 1119 406
963751584 1120 406
963751584 1121 406
963751584 1122 406
963751584 1123 407
963751584 1123 407
963751584 1123 407
963751584 1124 407
963751584 1124 407
963751584 1125 408
963751584 1126 408
963751584 1127 408
963751584 1128 409
963751584 1129 409
963751584 1129 409
963751584 1130 409
963751584 1131 409
963751584 1132 410
963751584 1132 410
963751584 1133 410
963751584 1134 410
963751584 1135 411
963751584 1136 411
963751584 1137 411
963751584 1138 411
963751584 1139 412
963751584 1140 412
963751584 1141 413
963751584 1142 413
963751584 1143 413
963751584 1144 413
963751584 1145 414
963751584 1146 414
963751584 1147 415
963751584 1148 415
963751584 1149 416
963751584 1150 416
963751584 1150 416
963751584 1150 416
963751584 1151 416
963751584 1152 416
963751584 1153 417
963751584 1154 417
963751584 1154 417
963751584 1155 417
963751584 1156 418
963751584 1156 418
963751584 1157 418
963751584 1157 418
963751584 1158 419
963751584 1159 419
963751584 1159 419
963751584 1160 419
963751584 1161 420
963751584 1161 420
963751584 1161 420
963751584 1162 420
963751584 1163 420
963751584 1164 421
963751584 1164 421
963751584 1165 421
963751584 1165 421
963751584 1166 421
963751584 1167 422
963751584 1168 422
963751584 1169 422
963751584 1170 424
963751584 1170 424
963751584 1171 424
963751584 1172 424
963751584 1173 424
963751584 1174 425
963751584 1175 425
963751584 1176 425
963751584 1177 425
963751584 1178 426
963751584 1179 426
963751584 1180 426
963751584 1181 427
963751584 1182 427
963751584 1183 428
963751584 1184 428
963751584 1185 428
963751584 1186 428
963751584 1187 429
963751584 1188 429
963751584 1189 429
963751584 1190 429
963751584 1190 429
963751584 1190 429
963751584 1191 430
963751584 1192 430
963751584 1193 430
963751584 1193 430
963751584 1194 431
963751584 1195 431
963751584 1195 431
963751584 1196 431
963751584 1197 432
963751584 1198 432
963751584 1199 433
963751584 1200 433
963751584 1201 433
963751584 1202 433
963751584 1203 434
963751584 1203 434
963751584 1204 434
963751584 1205 434
963751584 1206 435
963751584 1207 435
963751584 1208 435
963751584 1209 435
963751584 1210 436
963751584 1210 436
963751584 1211 436
963751584 1211 436
963751584 1211 436
963751584 1212 436
963751584 1213 437
963751584 1214 437
963751584 1215 437
963751584 1216 437
963751584 1217 438
963751584 1218 438
963751584 1219 438
963751584 1220 439
963751584 1221 439
963751584 1222 439
963751584 1223 439
963751584 1224 440
963751584 1225 440
963751584 1226 440
963751584 1227 441
963751584 1228 441
963751584 1229 441
963751584 1230 441
963751584 1231 442
963751584 1232 442
963751584 1233 443
963751584 1233 443
963751584 1234 443
963751584 1235 444
963751584 1235 444
963751584 1236 444
963751584 1237 445
963751584 1238 445
963751584 1239 445
963751584 1240 445
963751584 1241 446
963751584 1242 446
963751584 1243 446
963751584 1244 446
963751584 1245 447
963751584 1246 447
963751584 1246 447
963751584 1247 447
963751584 1248 447
963751584 1249 448
963751584 1249 448
963751584 1250 448
963751584 1251 448
963751584 1252 449
963751584 1253 449
963751584 1254 450
963751584 1255 450
963751584 1255 450
963751584 1255 450
963751584 1256 450
963751584 1257 451
963751584 1258 451
963751584 1259 451
963751584 1260 452
963751584 1261 452
963751584 1262 452
963751584 1263 452
963751584 1264 453
963751584 1264 453
963751584 1265 453
963751584 1266 454
963751584 1267 454
963751584 1267 454
963751584 1268 454
963751584 1269 454
963751584 1270 455
963751584 1270 455
963751584 1271 455
963751584 1272 455
963751584 1273 455
963751584 1274 456
963751584 1275 456
963751584 1276 456
963751584 1276 456
963751584 1277 457
963751584 1278 457
963751584 1279 457
963751584 1280 457
963751584 1281 458
963751584 1282 458
963751584 1283 458
963751584 1284 458
963751584 1285 459
963751584 1286 460
963751584 1287 461
963751584 1288 461
963751584 1289 461
963751584 1290 461
963751584 1291 462
963751584 1292 462
963751584 1293 462
963751584 1293 462
963751584 1293 462
963751584 1294 462
963751584 1294 462
963751584 1295 463
963751584 1296 463
963751584 1297 463
963751584 1298 464
963751584 1299 464
963751584 1300 464
963751584 1301 464
963751584 1302 465
963751584 1303 465
963751584 1304 465
963751584 1305 466
963751584 1306 466
963751584 1307 466
963751584 1308 466
963751584 1309 467
963751584 1310 467
963751584 1311 467
963751584 1312 468
963751584 1313 468
963751584 1314 469
963751584 1315 469
963751584 1316 470
963751584 1317 470
963751584 1318 470
963751584 1319 470
963751584 1320 471
963751584 1321 471
963751584 1322 471
963751584 1322 471
963751584 1323 472
963751584 1324 472
963751584 1325 472
963751584 1326 472
963751584 1327 473
963751584 1328 473
963751584 1329 473
963751584 1330 473
963751584 1331 474
963751584 1332 474
963751584 1333 475
963751584 1334 475
963751584 1335 475
963751584 1336 476
963751584 1337 476
963751584 1338 476
963751584 1339 477
963751584 1340 477
963751584 1341 477
963751584 1342 477
963751584 1343 478
963751584 1344 478
963751584 1344 478
963751584 1345 478
963751584 1346 479
963751584 1347 479
963751584 1348 479
963751584 1349 479
963751584 1350 480
963751584 1351 480
963751584 1352 480
963751584 1353 480
963751584 1354 481
963751584 1355 481
963751584 1356 481
963751584 1357 481
963751584 1358 482
963751584 1359 482
963751584 1360 482
963751584 1361 482
963751584 1362 483
963751584 1363 483
963751584 1364 483
963751584 1365 483
963751584 1366 484
963751584 1367 484
963751584 1368 484
963751584 1369 484
963751584 1370 485
963751584 1371 485
963751584 1371 485
963751584 1372 486
963751584 1373 486
963751584 1374 486
963751584 1375 486
963751584 1376 487
963751584 1377 487
963751584 1378 487
963751584 1379 488
963751584 1380 488
963751584 1381 488
963751584 1382 488
963751584 1383 489
963751584 1384 489
963751584 1385 489
963751584 1386 489
963751584 1387 490
963751584 1388 490
963751584 1389 490
963751584 1390 491
963751584 1391 491
963751584 1392 491
963751584 1393 491
963751584 1394 492
963751584 1395 492
963751584 1395 492
963751584 1396 493
963751584 1397 493
963751584 1398 493
963751584 1399 493
963751584 1400 494
963751584 1401 494
963751584 1402 495
963751584 1403 495
963751584 1404 496
963751584 1405 496
963751584 1406 496
963751584 1406 496
963751584 1406 496
963751584 1407 497
963751584 1408 497
963751584 1409 497
963751584 1410 497
963751584 1411 498
963751584 1412 498
963751584 1413 498
963751584 1414 499
963751584 1415 499
963751584 1416 499
963751584 1416 499
963751584 1417 499
963751584 1418 500
963751584 1419 500
963751584 1420 500
963751584 1421 501
963751584 1421 501
963751584 1422 502
963751584 1422 502
963751584 1423 502
963751584 1424 502
963751584 1424 502
963751584 1424 502
963751584 1425 503
963751584 1426 503
963751584 1427 503
963751584 1428 503
963751584 1429 504
963751584 1430 504
963751584 1431 504
963751584 1432 504
963751584 1433 505
963751584 1433 505
963751584 1434 505
963751584 1435 505
963751584 1436 505
963751584 1437 506
963751584 1438 506
963751584 1439 506
963751584 1440 507
963751584 1441 507
963751584 1442 507
963751584 1443 507
963751584 1443 507
963751584 1444 508
963751584 1445 508
963751584 1446 508
963751584 1447 509
963751584 1448 510
963751584 1448 510
963751584 1449 510
963751584 1450 511
963751584 1450 511
963751584 1451 511
963751584 1451 511
963751584 1452 511
963751584 1453 512
963751584 1454 512
963751584 1455 513
963751584 1456 513
963751584 1456 513
963751584 1457 513
963751584 1458 514
963751584 1459 514
963751584 1460 515
963751584 1461 515
963751584 1462 515
963751584 1463 516
963751584 1464 516
963751584 1465 516
963751584 1466 516
963751584 1467 517
963751584 1467 517
963751584 1468 517
963751584 1469 517
963751584 1470 517
963751584 1471 518
963751584 1472 518
963751584 1473 519
963751584 1474 519
963751584 1475 519
963751584 1476 520
963751584 1476 520
963751584 1477 520
963751584 1478 521
963751584 1478 521
963751584 1479 521
963751584 1480 521
963751584 1480 521
963751584 1481 522
963751584 1482 522
963751584 1483 523
963751584 1484 523
963751584 1485 524
963751584 1485 524
963751584 1485 524
963751584 1486 524
963751584 1487 524
963751584 1488 525
963751584 1488 525
963751584 1489 525
963751584 1490 526
963751584 1491 526
963751584 1492 526
963751584 1493 526
963751584 1493 526
963751584 1494 527
963751584 1495 527
963751584 1496 527
963751584 1497 528
963751584 1498 528
963751584 1499 529
963751584 1500 530
963751584 1501 530
963751584 1501 530
963751584 1502 531
963751584 1503 531
963751584 1504 531
963751584 1504 531
963751584 1505 531
963751584 1505 531
963751584 1506 532
963751584 1507 532
963751584 1508 532
963751584 1508 532
963751584 1509 533
963751584 1510 533
963751584 1511 533
963751584 1512 534
963751584 1513 534
963751584 1514 534
963751584 1514 534
963751584 1515 535
963751584 1516 535
963751584 1517 535
963751584 1518 535
963751584 1519 536
963751584 1520 537
963751584 1521 537
963751584 1522 537
963751584 1523 538
963751584 1524 539
963751584 1525 539
963751584 1526 540
963751584 1527 540
963751584 1528 540
963751584 1528 540
963751584 1529 540
963751584 1530 541
963751584 1530 541
963751584 1531 541
963751584 1532 542
963751584 1532 542
963751584 1533 543
963751584 1534 543
963751584 1535 543
963751584 1536 544
963751584 1537 544
963751584 1538 545
963751584 1539 545
963751584 1540 545
963751584 1541 545
963751584 1542 546
963751584 1543 547
963751584 1544 548
963751584 1544 548
963751584 1545 548
963751584 1546 548
963751584 1547 549
963751584 1548 549
963751584 1549 549
963751584 1550 550
963751584 1551 550
963751584 1552 550
963751584 1553 551
963751584 1554 551
963751584 1555 552
963751584 1556 552
963751584 1557 552
963751584 1558 553
963751584 1559 553
963751584 1560 553
963751584 1561 554
963751584 1562 554
963751584 1563 554
963751584 1564 554
963751584 1565 555
963751584 1566 555
963751584 1567 555
963751584 1568 556
963751584 1569 556
963751584 1570 556
963751584 1571 557
963751584 1572 558
963751584 1573 558
963751584 1574 558
963751584 1575 559
963751584 1576 559
963751584 1577 559
963751584 1577 559
963751584 1578 560
963751584 1579 560
963751584 1580 560
963751584 1580 560
963751584 1581 561
963751584 1581 561
963751584 1581 561
963751584 1582 561
963751584 1583 562
963751584 1584 562
963751584 1585 562
963751584 1585 562
963751584 1585 562
963751584 1585 562
963751584 1585 562
963751584 1586 563
963751584 1587 563
963751584 1588 563
963751584 1589 563
963751584 1590 564
963751584 1591 564
963751584 1592 565
963751584 1593 565
963751584 1594 565
963751584 1595 565
963751584 1596 566
963751584 1597 566
963751584 1598 566
963751584 1599 567
963751584 1600 567
963751584 1600 567
963751584 1601 567
963751584 1602 567
963751584 1603 568
963751584 1604 568
963751584 1605 568
963751584 1606 569
963751584 1607 570
963751584 1608 570
963751584 1609 570
963751584 1610 571
963751584 1611 572
963751584 1612 572
963751584 1613 573
963751584 1614 573
963751584 1615 574
963751584 1615 574
963751584 1616 574
963751584 1617 574
963751584 1618 575
963751584 1618 575
963751584 1618 575
963751584 1618 575
963751584 1619 575
963751584 1620 575
963751584 1621 576
963751584 1622 576
963751584 1623 576
963751584 1624 577
963751584 1625 577
963751584 1626 577
963751584 1627 577
963751584 1628 578
963751584 1629 579
963751584 1630 579
963751584 1631 579
963751584 1632 580
963751584 1633 581
963751584 1634 581
963751584 1634 581
963751584 1635 581
963751584 1636 582
963751584 1636 582
963751584 1637 582
963751584 1637 582
963751584 1638 582
963751584 1639 583
963751584 1640 583
963751584 1641 583
963751584 1642 583
963751584 1643 584
963751584 1644 584
963751584 1645 584
963751584 1645 584
963751584 1646 584
963751584 1647 585
963751584 1648 585
963751584 1649 585
963751584 1650 586
963751584 1651 586
963751584 1652 586
963751584 1653 587
963751584 1654 587
963751584 1655 587
963751584 1656 587
963751584 1657 589
963751584 1658 589
963751584 1659 589
963751584 1660 589
963751584 1661 590
963751584 1662 590
963751584 1662 590
963751584 1663 590
963751584 1663 590
963751584 1663 590
963751584 1664 591
963751584 1665 591
963751584 1666 592
963751584 1666 592
963751584 1667 592
963751584 1668 592
963751584 1669 592
963751584 1670 593
963751584 1671 593
963751584 1671 593
963751584 1672 594
963751584 1673 594
963751584 1674 594
963751584 1675 594
963751584 1676 595
963751584 1676 595
963751584 1676 595
963751584 1677 595
963751584 1678 596
963751584 1679 596
963751584 1679 596
963751584 1680 597
963751584 1681 597
963751584 1682 598
963751584 1683 598
963751584 1684 598
963751584 1685 599
963751584 1686 599
963751584 1686 599
963751584 1686 599
963751584 1687 599
963751584 1687 599
963751584 1688 600
963751584 1689 600
963751584 1690 600
963751584 1691 600
963751584 1692 601
