1e+77 0 0
2825778162 1 3
2825778162 2 4
1857962252 3 4
1857962252 4 5
1731049939.7903 5 5
1731049939.7903 6 5
1731049939.7903 6 5
1731049939.7903 7 6
1731049939.7903 8 7
1731049939.7903 9 7
1529316285 10 8
1529316285 11 8
1529316285 12 8
1529316285 13 9
1529316285 14 9
1529316285 15 9
1529316285 15 9
1529316285 16 9
1529316285 16 9
1529316285 17 10
1529316285 18 10
1529316285 18 10
1529316285 19 11
1529316285 20 11
1529316285 20 11
1529316285 21 11
1529316285 22 12
1529316285 23 13
1427607508 24 13
1427607508 25 13
1427607508 26 14
1427607508 26 14
1427607508 27 14
1427607508 28 14
1427607508 29 15
1427607508 30 15
1427607508 31 15
1427607508 32 15
1427607508 33 16
1427607508 34 16
1427607508 35 16
1427607508 36 17
1325218108 37 17
1325218108 37 17
1325218108 38 17
1325218108 39 18
1325218108 40 18
1325218108 41 18
1325218108 42 18
1325218108 43 19
1325218108 44 19
1325218108 45 19
1325218108 46 20
1325218108 46 20
1325218108 47 20
1325218108 48 20
1325218108 49 20
1325218108 50 21
1325218108 50 21
1325218108 51 21
1325218108 52 21
1325218108 53 21
1325218108 54 22
1325218108 55 22
1109639695.1145 56 22
1109639695.1145 57 23
1109639695.1145 58 23
1109639695.1145 58 23
1109639695.1145 59 23
1109639695.1145 59 23
1109639695.1145 60 24
1109639695.1145 61 24
1109639695.1145 62 24
1109639695.1145 63 25
1109639695.1145 64 25
1109639695.1145 65 25
1109639695.1145 66 26
1109639695.1145 67 26
1109639695.1145 68 27
1109639695.1145 68 27
1109639695.1145 69 27
1109639695.1145 70 27
1109639695.1145 71 27
1109639695.1145 72 28
1109639695.1145 73 28
1109639695.1145 74 28
1109639695.1145 75 28
1109639695.1145 76 29
1109639695.1145 77 29
1109639695.1145 78 30
1109639695.1145 79 30
1109639695.1145 80 30
1109639695.1145 81 31
1109639695.1145 82 31
1109639695.1145 83 31
1109639695.1145 84 31
1109639695.1145 85 32
1109639695.1145 85 32
1109639695.1145 86 32
1109639695.1145 86 32
1109639695.1145 87 32
1109639695.1145 88 33
1109639695.1145 89 33
1109639695.1145 90 33
1109639695.1145 91 33
1109639695.1145 91 33
1109639695.1145 91 33
1109639695.1145 92 33
1109639695.1145 92 33
1109639695.1145 93 34
1109639695.1145 94 34
1109639695.1145 95 34
1109639695.1145 96 35
1109639695.1145 96 35
1109639695.1145 97 35
1109639695.1145 98 35
1109639695.1145 99 35
1109639695.1145 100 36
1109639695.1145 101 36
1109639695.1145 102 36
1109639695.1145 103 36
1109639695.1145 104 37
1109639695.1145 105 37
1109639695.1145 106 38
1109639695.1145 106 38
1109639695.1145 107 38
1109639695.1145 108 39
1109639695.1145 109 39
1109639695.1145 110 39
1109639695.1145 111 40
1109639695.1145 112 40
1109639695.1145 113 41
1109639695.1145 113 41
1109639695.1145 114 41
1109639695.1145 114 41
1109639695.1145 115 41
1109639695.1145 116 42
1109639695.1145 117 42
1109639695.1145 118 42
1109639695.1145 119 43
1109639695.1145 120 43
1109639695.1145 121 44
1109639695.1145 121 44
1109639695.1145 122 44
1109639695.1145 123 44
1109639695.1145 123 44
1109639695.1145 124 45
1109639695.1145 125 45
1109639695.1145 126 45
1109639695.1145 127 46
1109639695.1145 127 46
1109639695.1145 128 46
1109639695.1145 129 46
1109639695.1145 130 47
1109639695.1145 131 47
1109639695.1145 132 47
1109639695.1145 133 47
1109639695.1145 134 48
1039309889 135 48
1039309889 136 49
1039309889 137 49
1039309889 137 49
1039309889 138 49
1039309889 138 49
1039309889 139 50
1039309889 140 50
1039309889 141 51
1039309889 142 51
1039309889 143 52
1039309889 144 52
1039309889 145 52
1039309889 146 53
1039309889 147 54
1039309889 147 54
1039309889 147 54
1039309889 148 54
1039309889 149 54
1039309889 150 54
1039309889 151 55
1039309889 152 55
1039309889 153 56
1039309889 154 56
1039309889 155 56
1039309889 156 56
1039309889 157 57
1039309889 158 57
1039309889 159 57
1039309889 160 57
1039309889 161 58
1039309889 162 59
1039309889 163 59
1039309889 164 59
1039309889 164 59
1039309889 165 59
1039309889 166 60
1039309889 167 60
1039309889 168 61
1039309889 169 61
1039309889 170 61
1039309889 170 61
1039309889 171 61
1039309889 172 62
1039309889 173 62
1039309889 174 62
1039309889 175 63
1039309889 175 63
1039309889 176 63
1039309889 177 63
1039309889 178 63
1039309889 179 64
1039309889 180 64
1039309889 181 64
1039309889 182 65
1039309889 183 65
1039309889 184 66
1039309889 185 66
1039309889 186 67
1039309889 187 67
1039309889 188 68
1039309889 189 68
1039309889 190 68
1039309889 191 69
1039309889 191 69
1039309889 192 69
1039309889 193 69
1039309889 194 70
1039309889 194 70
1039309889 194 70
1039309889 195 70
1039309889 196 70
1039309889 197 70
1039309889 198 71
1039309889 198 71
1039309889 199 71
1039309889 200 71
1039309889 201 71
1039309889 202 72
1039309889 203 72
1039309889 204 72
1039309889 205 73
1039309889 205 73
1039309889 205 73
1039309889 206 74
1039309889 206 74
1039309889 207 74
1039309889 208 74
1039309889 209 74
1039309889 210 75
1039309889 211 76
1039309889 211 76
1039309889 212 77
1039309889 213 78
1039309889 214 78
1039309889 215 78
1039309889 216 78
1039309889 217 79
1039309889 218 79
1039309889 219 80
1039309889 220 80
1039309889 221 81
1039309889 222 81
1039309889 223 81
1039309889 224 81
1039309889 225 81
1039309889 226 82
1039309889 227 82
1039309889 228 82
1039309889 229 83
1039309889 230 83
1039309889 231 83
1039309889 232 84
1039309889 233 84
1039309889 234 84
1039309889 235 84
1039309889 236 85
1039309889 236 85
1039309889 236 85
1039309889 236 85
1039309889 237 85
1039309889 238 85
1039309889 239 86
1039309889 240 86
1039309889 240 86
1039309889 241 86
1039309889 242 86
1039309889 243 87
1039309889 244 87
1039309889 245 87
1039309889 246 88
1039309889 247 88
1039309889 248 88
1039309889 249 88
1039309889 250 89
1039309889 251 89
1039309889 252 89
1039309889 253 90
1039309889 254 91
1039309889 255 92
1039309889 256 92
1039309889 257 93
1039309889 258 93
1039309889 259 93
1039309889 260 94
1039309889 260 94
1039309889 261 94
1039309889 262 94
1039309889 263 95
1039309889 264 95
1039309889 265 95
1039309889 266 95
1039309889 267 96
1039309889 268 96
1039309889 269 96
1039309889 270 97
1039309889 270 97
1039309889 271 97
1039309889 272 97
1039309889 273 98
1039309889 274 98
1039309889 274 98
1039309889 275 99
1039309889 276 99
1039309889 277 100
1039309889 278 100
1039309889 279 100
1039309889 280 101
1039309889 281 102
1039309889 282 102
1039309889 282 102
1039309889 283 103
1039309889 284 103
1039309889 284 103
1039309889 285 103
1039309889 286 104
1039309889 286 104
1039309889 287 104
1039309889 288 104
1039309889 289 105
1039309889 290 105
1039309889 291 105
1039309889 291 105
1039309889 292 105
1039309889 293 106
1039309889 294 106
1039309889 294 106
1039309889 295 106
1039309889 295 106
1039309889 296 107
1039309889 297 107
1039309889 297 107
1039309889 297 107
1039309889 298 107
1039309889 299 108
1039309889 300 108
1039309889 301 108
1039309889 302 109
1039309889 303 109
1039309889 304 109
1039309889 304 109
1039309889 305 109
1039309889 306 110
1039309889 307 110
1039309889 308 111
1039309889 309 111
1039309889 309 111
1039309889 310 111
1039309889 310 111
1039309889 311 112
1039309889 312 113
1039309889 313 113
1039309889 314 113
1039309889 315 113
1039309889 315 114
1039309889 316 114
1039309889 317 114
1039309889 318 115
1039309889 318 115
1039309889 319 115
1039309889 320 115
1039309889 321 116
1039309889 322 116
1039309889 323 116
1039309889 324 116
1039309889 325 117
1039309889 326 117
1039309889 327 117
1039309889 328 118
1039309889 328 118
1039309889 329 118
1039309889 330 118
1039309889 331 119
1039309889 332 119
1039309889 333 119
1039309889 334 120
1039309889 335 120
1039309889 336 121
1039309889 337 121
1039309889 338 121
1039309889 338 121
1039309889 339 122
1039309889 340 122
1039309889 341 122
1039309889 341 122
1039309889 342 123
1039309889 343 123
1039309889 344 123
1039309889 345 123
1039309889 346 124
1039309889 346 124
1039309889 347 125
1039309889 348 125
1039309889 349 125
1039309889 350 125
1039309889 351 126
1039309889 352 126
1039309889 353 126
1039309889 354 127
1039309889 355 127
1039309889 355 127
1039309889 356 127
1039309889 357 128
1039309889 358 128
1039309889 359 128
1039309889 359 128
1039309889 360 128
1039309889 360 128
1039309889 360 129
1039309889 361 129
1039309889 362 129
1039309889 363 129
1039309889 364 130
1039309889 365 130
1039309889 366 130
1039309889 367 131
1039309889 368 132
1039309889 369 132
1039309889 370 133
1039309889 371 133
1039309889 372 133
1039309889 373 134
1039309889 373 134
1039309889 374 134
1039309889 375 134
1039309889 376 135
1039309889 377 135
1039309889 378 135
1039309889 379 136
1039309889 380 136
1039309889 380 136
1039309889 381 136
1039309889 382 137
1039309889 383 137
1039309889 383 137
1039309889 384 137
1039309889 385 137
1039309889 386 138
1039309889 386 138
1039309889 387 138
1039309889 388 138
1039309889 389 138
1039309889 389 138
1039309889 390 139
1039309889 391 139
1039309889 392 139
1039309889 393 140
1039309889 394 140
1039309889 395 141
1039309889 396 141
1039309889 397 141
1039309889 398 141
1039309889 399 142
1039309889 400 142
1039309889 400 142
1039309889 401 142
1039309889 402 142
1039309889 403 143
1039309889 404 143
1039309889 405 143
1039309889 406 144
1039309889 407 144
1039309889 408 145
1039309889 409 145
1039309889 410 145
1039309889 411 146
1039309889 412 146
1039309889 413 147
1039309889 413 147
1039309889 414 147
1039309889 415 148
1039309889 416 148
1039309889 416 148
1039309889 417 149
1039309889 418 149
1039309889 419 149
1039309889 420 149
1039309889 421 150
1039309889 422 150
1039309889 423 151
1039309889 424 151
1039309889 425 151
1039309889 426 152
1039309889 427 152
1039309889 428 152
1039309889 428 152
1039309889 429 153
1039309889 430 153
1039309889 431 153
1039309889 432 153
1039309889 433 154
1039309889 434 154
1039309889 435 154
1039309889 436 155
1039309889 437 156
1039309889 438 156
1039309889 439 157
1039309889 440 157
1039309889 441 158
1039309889 441 158
1039309889 441 158
1039309889 442 158
1039309889 443 159
1039309889 444 159
1039309889 445 160
1039309889 446 160
1039309889 447 160
1039309889 448 161
1039309889 449 161
1039309889 450 162
1039309889 451 162
1039309889 452 162
1039309889 453 163
1039309889 454 163
1039309889 454 163
1039309889 455 163
1039309889 455 163
1039309889 456 164
1039309889 457 165
1039309889 458 165
1039309889 459 165
1039309889 460 166
1039309889 461 166
1039309889 462 166
1039309889 463 166
1039309889 464 167
1039309889 465 167
1039309889 466 167
1039309889 467 168
1039309889 467 168
1039309889 467 168
1039309889 468 168
1039309889 469 168
1039309889 470 169
1039309889 471 169
1039309889 472 170
1039309889 473 170
1039309889 474 170
1039309889 475 171
1039309889 476 171
1039309889 477 171
1039309889 478 172
1039309889 479 172
1039309889 479 172
1039309889 480 172
1039309889 481 172
1039309889 482 173
1039309889 482 173
1039309889 483 173
1039309889 484 173
1039309889 485 173
1039309889 486 174
1039309889 487 174
1039309889 488 174
1039309889 489 175
1039309889 490 175
1039309889 491 175
1039309889 492 176
1039309889 493 176
1039309889 494 177
1039309889 495 177
1039309889 496 177
1039309889 497 178
1039309889 498 178
1039309889 499 178
1039309889 500 178
1039309889 501 179
1039309889 502 179
1039309889 503 179
1039309889 504 180
1039309889 505 180
1039309889 506 181
1039309889 507 181
1039309889 508 181
1039309889 509 182
1039309889 510 182
1039309889 511 182
1039309889 512 183
1039309889 513 183
1039309889 514 183
1039309889 515 184
1039309889 516 184
1039309889 517 184
1039309889 517 184
1039309889 518 185
1039309889 518 185
1039309889 518 185
1039309889 519 185
1039309889 520 185
1039309889 520 185
1039309889 521 186
1039309889 522 186
1039309889 522 186
1039309889 523 186
1039309889 524 187
1039309889 525 188
1039309889 526 188
1039309889 527 188
1039309889 528 189
1039309889 529 189
1039309889 529 189
1039309889 530 189
1039309889 531 190
1039309889 532 190
1039309889 533 190
1039309889 534 191
1039309889 535 191
1039309889 536 191
1039309889 537 192
1039309889 538 192
1039309889 539 193
1039309889 540 193
1039309889 540 193
1039309889 541 194
1039309889 542 194
1039309889 543 195
1039309889 544 195
1039309889 545 195
1039309889 546 195
1039309889 547 196
1039309889 548 197
1039309889 549 197
1039309889 550 197
1039309889 551 198
1039309889 551 198
1039309889 552 199
1039309889 553 199
1039309889 554 199
1039309889 555 199
1039309889 556 200
1039309889 557 200
1039309889 558 200
1039309889 558 200
1039309889 559 201
1039309889 559 201
1039309889 559 201
1039309889 560 202
1039309889 560 202
1039309889 560 202
1039309889 560 202
1039309889 561 202
1039309889 562 202
1039309889 563 203
1039309889 564 203
1039309889 565 203
1039309889 566 204
1039309889 567 204
1039309889 568 204
1039309889 568 204
1039309889 569 205
1039309889 570 205
1039309889 570 205
1039309889 571 206
1039309889 572 206
1039309889 573 206
1039309889 574 207
1039309889 575 207
1039309889 576 207
1039309889 577 208
1039309889 578 208
1039309889 579 208
1039309889 579 208
1039309889 579 208
1039309889 580 209
1039309889 580 209
1039309889 581 210
1039309889 582 210
1039309889 583 210
1039309889 584 211
1039309889 585 212
1039309889 586 212
1039309889 587 212
1039309889 588 213
1039309889 589 213
1039309889 590 213
1039309889 591 214
1039309889 592 214
1039309889 593 214
1039309889 594 214
1039309889 595 215
1039309889 596 215
1039309889 597 215
1039309889 598 216
1039309889 598 216
1039309889 599 217
1039309889 600 218
1039309889 601 218
1039309889 602 218
1039309889 603 219
1039309889 604 219
1039309889 605 220
1039309889 606 220
1039309889 607 220
1039309889 608 221
1039309889 609 221
1039309889 610 221
1039309889 611 221
1039309889 611 221
1039309889 611 221
1039309889 611 222
1039309889 612 222
1039309889 613 222
1039309889 614 224
1039309889 615 224
1039309889 616 224
1039309889 617 224
1039309889 618 225
1039309889 618 226
1039309889 619 226
1039309889 620 226
1039309889 621 226
1039309889 622 227
1039309889 623 227
1039309889 623 227
1039309889 624 228
1039309889 625 228
1039309889 625 228
1039309889 626 229
1039309889 627 230
1039309889 627 230
1039309889 627 230
1039309889 628 230
1039309889 629 230
1039309889 630 231
1039309889 631 232
1039309889 631 232
1039309889 632 232
1039309889 632 232
1039309889 633 232
1039309889 634 232
1039309889 635 233
1039309889 636 234
1039309889 637 234
1039309889 638 235
1039309889 639 235
1039309889 640 236
1039309889 641 237
1039309889 641 237
1039309889 641 237
1039309889 642 237
1039309889 643 238
1039309889 643 238
1039309889 644 238
1039309889 645 239
1039309889 646 239
1039309889 647 239
1039309889 648 240
1039309889 648 240
1039309889 649 240
1039309889 650 240
1039309889 651 241
1039309889 652 241
1039309889 653 241
1039309889 654 242
1039309889 655 242
1039309889 656 242
1039309889 657 242
1039309889 657 242
1039309889 658 243
1039309889 659 244
1039309889 660 244
1039309889 661 244
1039309889 662 245
1039309889 663 245
1039309889 663 245
1039309889 664 245
1039309889 664 245
1039309889 665 246
1039309889 665 246
1039309889 666 246
1039309889 667 246
1039309889 668 247
1039309889 669 247
1039309889 669 247
1039309889 670 247
1039309889 671 248
1039309889 672 248
1039309889 673 248
1039309889 674 249
1039309889 675 249
1039309889 676 249
1039309889 677 250
1039309889 678 250
1039309889 679 250
1039309889 680 250
1039309889 681 251
1039309889 682 251
1039309889 683 252
1039309889 684 252
1039309889 685 252
1039309889 686 253
1039309889 687 254
1039309889 687 254
1039309889 688 254
1039309889 689 254
1039309889 690 255
1039309889 691 255
1039309889 692 255
1039309889 693 255
1039309889 694 256
1039309889 695 256
1039309889 695 256
1039309889 696 256
1039309889 697 257
1039309889 698 257
1039309889 699 258
1039309889 700 258
1039309889 701 258
1039309889 702 259
1039309889 703 260
1039309889 704 260
1039309889 705 260
1039309889 706 261
1039309889 706 261
1039309889 707 261
1039309889 708 261
1039309889 709 261
1039309889 710 262
1039309889 711 262
1039309889 712 262
1039309889 713 264
1039309889 714 264
1039309889 715 264
1039309889 716 264
1039309889 716 264
1039309889 717 265
1039309889 718 265
1039309889 719 265
1039309889 720 265
1039309889 721 266
1039309889 722 266
1039309889 723 266
1039309889 724 267
1039309889 725 267
1039309889 726 267
1039309889 727 267
1039309889 728 268
1039309889 729 268
1039309889 730 269
1039309889 731 269
1039309889 732 269
1039309889 733 270
1039309889 734 270
1039309889 735 271
1039309889 736 271
1039309889 737 271
1039309889 737 271
1039309889 738 271
1039309889 739 272
1039309889 740 273
1039309889 741 273
1039309889 742 273
1039309889 743 274
1039309889 744 274
1039309889 745 274
1039309889 746 274
1039309889 746 274
1039309889 747 275
1039309889 748 275
1039309889 749 275
1039309889 750 276
1039309889 751 276
1039309889 752 276
1039309889 753 276
1039309889 754 277
1039309889 755 277
1039309889 756 278
1039309889 756 278
1039309889 757 278
1039309889 758 278
1039309889 759 278
1039309889 759 278
1039309889 760 279
1039309889 761 279
1039309889 762 279
1039309889 763 280
1039309889 764 280
1039309889 765 280
1039309889 766 281
1039309889 767 281
1039309889 768 281
1039309889 768 281
1039309889 769 282
1039309889 769 282
1039309889 769 282
1039309889 770 282
1039309889 771 283
1039309889 771 283
1039309889 772 284
1039309889 772 284
1039309889 773 285
1039309889 773 285
1039309889 774 285
1039309889 775 285
1039309889 776 285
1039309889 777 286
1039309889 778 286
1039309889 779 286
1039309889 780 286
1039309889 781 287
1039309889 782 288
1039309889 783 288
1039309889 784 288
1039309889 785 289
1039309889 786 289
1039309889 787 289
1039309889 788 290
1039309889 789 290
1039309889 789 290
1039309889 790 290
1039309889 790 290
1039309889 791 291
1039309889 792 291
1039309889 793 291
1039309889 793 291
1039309889 793 291
1039309889 794 292
1039309889 794 292
1039309889 794 292
1039309889 795 292
1039309889 796 293
1039309889 797 293
1039309889 798 294
1039309889 799 294
1039309889 800 294
1039309889 801 294
1039309889 802 295
1039309889 803 295
1039309889 804 295
1039309889 805 296
1039309889 806 296
1039309889 807 296
1039309889 808 297
1039309889 809 297
1039309889 809 297
1039309889 810 297
1039309889 810 297
1039309889 811 298
1039309889 811 298
1039309889 812 298
1039309889 812 298
1039309889 813 298
1039309889 813 299
1039309889 814 299
1039309889 815 299
1039309889 815 299
1039309889 815 299
1039309889 816 300
1039309889 816 300
1039309889 817 301
1039309889 818 301
1039309889 819 301
1039309889 820 302
1039309889 821 302
1039309889 822 303
1039309889 823 303
1039309889 823 303
1039309889 824 304
1039309889 825 304
1039309889 826 304
1039309889 827 304
1039309889 828 305
1039309889 829 305
1039309889 830 305
1039309889 831 306
1039309889 832 306
1039309889 833 306
1039309889 833 306
1039309889 834 307
1039309889 835 307
1039309889 836 307
1039309889 837 307
1039309889 838 308
1039309889 839 308
1039309889 840 309
1039309889 841 309
1039309889 841 309
1039309889 842 309
1039309889 843 309
1039309889 843 309
1039309889 843 309
1039309889 844 310
1039309889 845 310
1039309889 846 310
1039309889 846 310
1039309889 847 311
1039309889 848 311
1039309889 849 311
1039309889 849 311
1039309889 850 312
1039309889 851 312
1039309889 851 312
1039309889 852 312
1039309889 853 313
1039309889 854 313
1039309889 855 313
1039309889 855 313
1039309889 855 313
1039309889 856 314
1039309889 857 314
1039309889 858 314
1039309889 859 315
1039309889 860 315
1039309889 861 315
1039309889 862 316
1039309889 863 316
1039309889 863 316
1039309889 864 316
1039309889 865 316
1039309889 866 317
1039309889 867 317
1039309889 868 318
1039309889 869 318
1039309889 870 318
1039309889 870 318
1039309889 871 319
1039309889 872 319
1039309889 873 319
1039309889 873 319
1039309889 874 320
1039309889 875 320
1039309889 876 320
1039309889 877 321
1039309889 877 321
1039309889 878 321
1039309889 879 322
1039309889 880 322
1039309889 880 322
1039309889 881 322
1039309889 882 323
1039309889 883 323
1039309889 884 323
1039309889 885 323
1039309889 886 324
1039309889 887 324
1039309889 888 324
1039309889 889 325
1039309889 889 325
1039309889 890 325
1039309889 890 325
1039309889 891 325
1039309889 892 325
1039309889 893 326
1039309889 894 326
1039309889 894 326
1039309889 894 326
1039309889 895 326
1039309889 895 326
1039309889 896 327
1039309889 897 327
1039309889 897 327
1039309889 898 327
1039309889 898 327
1039309889 899 327
1039309889 900 328
1039309889 901 328
1039309889 902 329
1039309889 903 329
1039309889 904 329
1039309889 905 330
1039309889 906 330
1039309889 907 330
1039309889 907 330
1039309889 908 330
1039309889 909 331
1039309889 910 331
1039309889 911 331
1039309889 912 332
1039309889 913 332
1039309889 914 332
1039309889 915 333
1039309889 916 333
1039309889 917 333
1039309889 918 333
1039309889 918 333
1039309889 919 334
1039309889 920 334
1039309889 921 334
1039309889 922 335
1039309889 923 335
1039309889 924 335
1039309889 925 335
1039309889 926 336
1039309889 927 336
1039309889 928 336
1039309889 929 336
1039309889 930 337
1039309889 930 337
1039309889 931 337
1039309889 932 338
1039309889 933 338
1039309889 934 339
1039309889 935 339
1039309889 936 340
1039309889 937 341
1039309889 938 341
1039309889 939 341
1039309889 940 341
1039309889 941 342
1039309889 942 342
1039309889 942 342
1039309889 943 342
1039309889 944 343
1039309889 945 343
1039309889 946 343
1039309889 947 344
1039309889 948 344
1039309889 949 344
1039309889 950 345
1039309889 951 345
1039309889 952 345
1039309889 952 345
1039309889 953 346
1039309889 954 346
1039309889 954 346
1039309889 955 346
1039309889 956 347
1039309889 957 348
1039309889 958 348
1039309889 958 348
1039309889 959 348
1039309889 960 349
1039309889 961 349
1039309889 962 349
1039309889 963 350
1039309889 964 350
1039309889 965 350
1039309889 965 350
1039309889 966 350
1039309889 967 351
1039309889 968 352
1039309889 969 352
1039309889 970 352
1039309889 971 353
1039309889 972 353
1039309889 972 353
1039309889 973 353
1039309889 974 354
1039309889 974 354
1039309889 975 354
1039309889 976 355
1039309889 977 355
1039309889 978 355
1039309889 979 355
1039309889 980 356
1039309889 981 356
1039309889 981 356
1039309889 982 356
1039309889 983 356
1039309889 984 357
1039309889 985 358
1039309889 986 358
1039309889 987 359
1039309889 988 360
1039309889 989 360
1039309889 990 360
1039309889 991 361
1039309889 992 362
1039309889 993 362
1039309889 994 363
1039309889 995 363
1039309889 996 363
1039309889 996 363
1039309889 997 364
1039309889 998 364
1039309889 999 365
1039309889 1000 365
1039309889 1001 365
1039309889 1002 366
1039309889 1003 366
1039309889 1004 366
1039309889 1005 367
1039309889 1006 367
1039309889 1007 367
1039309889 1007 367
1039309889 1008 368
1039309889 1009 368
1039309889 1009 368
1039309889 1010 368
1039309889 1011 369
1039309889 1012 369
1039309889 1013 369
1039309889 1014 370
1039309889 1015 371
1039309889 1016 371
1039309889 1017 371
1039309889 1018 372
1039309889 1019 372
1039309889 1020 372
1039309889 1021 373
1039309889 1022 373
1039309889 1023 373
1039309889 1024 373
1039309889 1025 374
1039309889 1026 374
1039309889 1027 375
1039309889 1028 375
1039309889 1029 375
1039309889 1030 376
1039309889 1031 376
1039309889 1031 376
1039309889 1032 376
1039309889 1032 376
1039309889 1033 377
1039309889 1034 377
1039309889 1035 377
1039309889 1036 378
1039309889 1037 380
1039309889 1038 380
1039309889 1039 380
1039309889 1040 381
1039309889 1041 381
1039309889 1042 381
1039309889 1043 382
1039309889 1044 383
1039309889 1045 383
1039309889 1045 383
1039309889 1046 383
1039309889 1047 384
1039309889 1048 384
1039309889 1049 385
1039309889 1050 385
1039309889 1051 385
1039309889 1052 386
1039309889 1053 386
1039309889 1054 386
1039309889 1055 387
1039309889 1056 387
1039309889 1057 387
1039309889 1058 388
1039309889 1059 388
1039309889 1060 388
1039309889 1061 389
1039309889 1062 389
1039309889 1063 390
1039309889 1064 390
1039309889 1064 390
1039309889 1065 390
1039309889 1065 390
1039309889 1066 390
1039309889 1066 390
1039309889 1067 391
1039309889 1068 391
1039309889 1069 391
1039309889 1069 391
1039309889 1070 392
1039309889 1071 393
1039309889 1071 393
1039309889 1072 393
1039309889 1072 393
1039309889 1073 393
1039309889 1074 393
1039309889 1075 394
1039309889 1076 395
1039309889 1076 395
1039309889 1077 395
1039309889 1078 395
1039309889 1079 396
1039309889 1080 397
1039309889 1081 397
1039309889 1082 397
1039309889 1083 398
1039309889 1084 398
1039309889 1085 398
1039309889 1086 399
1039309889 1087 399
1039309889 1088 399
1039309889 1089 400
1039309889 1090 400
1039309889 1091 400
1039309889 1092 401
1039309889 1093 401
1039309889 1094 401
1039309889 1095 402
1039309889 1095 402
1039309889 1096 402
1039309889 1097 402
1039309889 1098 403
1039309889 1099 403
1039309889 1099 403
1039309889 1100 404
1039309889 1101 404
1039309889 1102 404
1039309889 1103 404
1039309889 1104 405
1039309889 1105 405
1039309889 1106 405
1039309889 1107 406
1039309889 1108 406
1039309889 1109 406
1039309889 1110 406
1039309889 1111 407
1039309889 1112 408
1039309889 1113 408
1039309889 1113 408
1039309889 1114 408
1039309889 1115 409
1039309889 1116 409
1039309889 1117 410
1039309889 1118 410
1039309889 1119 410
1039309889 1119 410
1039309889 1120 411
1039309889 1120 411
1039309889 1121 411
1039309889 1121 411
1039309889 1122 411
1039309889 1123 412
1039309889 1124 412
1039309889 1124 412
1039309889 1125 412
1039309889 1126 413
1039309889 1127 413
1039309889 1128 413
1039309889 1129 414
1039309889 1130 414
1039309889 1131 414
1039309889 1132 415
1039309889 1133 415
1039309889 1134 415
1039309889 1135 416
1039309889 1136 416
1039309889 1137 417
1039309889 1138 417
1039309889 1139 417
1039309889 1140 418
1039309889 1140 418
1039309889 1141 418
1039309889 1142 418
1039309889 1143 419
1039309889 1144 419
1039309889 1145 419
1039309889 1146 419
1039309889 1147 420
1039309889 1148 420
1039309889 1149 420
1039309889 1150 421
1039309889 1151 421
1039309889 1151 421
1039309889 1152 421
1039309889 1153 422
1039309889 1154 422
1039309889 1155 422
1039309889 1156 423
1039309889 1157 423
1039309889 1158 423
1039309889 1159 424
1039309889 1160 424
1039309889 1161 424
1039309889 1162 425
1039309889 1163 425
1039309889 1164 426
1039309889 1165 426
1039309889 1166 426
1039309889 1167 426
1039309889 1167 426
1039309889 1168 427
1039309889 1169 427
1039309889 1170 427
1039309889 1171 428
1039309889 1172 428
1039309889 1173 428
1039309889 1174 429
1039309889 1175 429
1039309889 1176 430
1039309889 1177 430
1039309889 1178 431
1039309889 1179 431
1039309889 1180 432
1039309889 1181 432
1039309889 1182 432
1039309889 1183 433
1039309889 1184 433
1039309889 1185 433
1039309889 1186 433
1039309889 1187 434
1039309889 1188 434
1039309889 1189 434
1039309889 1190 435
1039309889 1191 436
1039309889 1192 436
1039309889 1193 436
1039309889 1194 436
1039309889 1194 437
1039309889 1195 437
1039309889 1196 437
1039309889 1197 437
1039309889 1198 438
1039309889 1199 439
1039309889 1199 439
1039309889 1199 439
1039309889 1200 439
1039309889 1201 439
1039309889 1202 440
1039309889 1203 440
1039309889 1203 440
1039309889 1204 440
1039309889 1205 441
1039309889 1206 442
1039309889 1207 442
1039309889 1208 443
1039309889 1209 443
1039309889 1210 443
1039309889 1211 444
1039309889 1212 445
1039309889 1213 445
1039309889 1214 445
1039309889 1215 446
1039309889 1216 446
1039309889 1216 446
1039309889 1217 446
1039309889 1218 446
1039309889 1219 447
1039309889 1220 447
1039309889 1220 447
1039309889 1221 447
1039309889 1222 447
1039309889 1223 448
1039309889 1223 448
1039309889 1224 448
1039309889 1225 448
1039309889 1226 449
1039309889 1227 449
1039309889 1228 450
1039309889 1229 450
1039309889 1230 450
1039309889 1231 451
1039309889 1232 451
1039309889 1233 451
1039309889 1234 451
1039309889 1235 452
1039309889 1235 452
1039309889 1236 452
1039309889 1237 453
1039309889 1238 453
1039309889 1238 453
1039309889 1239 453
1039309889 1240 454
1039309889 1241 455
1039309889 1241 455
1039309889 1242 456
1039309889 1243 456
1039309889 1244 456
1039309889 1245 457
1039309889 1245 457
1039309889 1246 457
1039309889 1246 457
1039309889 1247 457
1039309889 1248 458
1039309889 1249 458
1039309889 1250 458
1039309889 1251 459
1039309889 1252 459
1039309889 1253 459
1039309889 1254 460
1039309889 1255 460
1039309889 1256 460
1039309889 1257 461
1039309889 1257 461
1039309889 1257 461
1039309889 1258 461
1039309889 1259 462
1039309889 1260 462
1039309889 1261 462
1039309889 1262 463
1039309889 1263 463
1039309889 1264 463
1039309889 1265 463
1039309889 1266 464
1039309889 1267 465
1039309889 1268 465
1039309889 1268 465
1039309889 1269 466
1039309889 1270 466
1039309889 1271 466
1039309889 1271 466
1039309889 1272 466
1039309889 1273 467
1039309889 1274 469
1024022872 1275 469
1024022872 1275 469
1024022872 1276 469
1024022872 1277 470
1024022872 1277 470
1024022872 1278 470
1024022872 1279 470
1024022872 1280 471
1024022872 1281 471
1024022872 1282 471
1024022872 1283 472
1024022872 1283 472
1024022872 1284 472
1024022872 1285 473
1024022872 1286 473
1024022872 1286 473
1024022872 1287 474
1024022872 1288 474
1024022872 1289 474
1024022872 1290 475
1024022872 1290 475
1024022872 1290 475
1024022872 1291 475
1024022872 1292 475
1024022872 1293 475
1024022872 1294 476
1024022872 1295 476
1024022872 1296 476
1024022872 1297 477
1024022872 1298 477
1024022872 1299 477
1024022872 1300 478
1024022872 1300 478
1024022872 1301 478
1024022872 1302 479
1024022872 1303 479
1024022872 1304 479
1024022872 1305 479
1024022872 1306 480
1024022872 1307 480
1024022872 1308 480
1024022872 1308 480
1024022872 1309 481
1024022872 1310 481
1024022872 1311 481
1024022872 1312 482
1024022872 1313 482
1024022872 1314 482
1024022872 1315 482
1024022872 1316 483
1024022872 1316 483
1024022872 1317 483
1024022872 1318 483
1024022872 1318 483
1024022872 1319 484
1024022872 1319 484
1024022872 1320 484
1024022872 1321 485
1024022872 1321 485
1024022872 1322 485
1024022872 1323 486
1024022872 1324 486
1024022872 1325 486
1024022872 1326 486
1024022872 1327 487
1024022872 1328 488
1024022872 1329 488
1024022872 1330 488
1024022872 1331 489
1024022872 1332 489
1024022872 1333 489
1024022872 1334 489
1024022872 1335 490
1024022872 1336 490
1024022872 1336 490
1024022872 1337 490
1024022872 1338 491
1024022872 1339 491
1024022872 1340 491
1024022872 1341 492
1024022872 1342 492
1024022872 1343 493
1024022872 1344 493
1024022872 1345 493
1024022872 1346 493
1024022872 1347 494
1024022872 1347 494
1024022872 1348 494
1024022872 1349 494
1024022872 1350 494
1024022872 1351 495
1024022872 1352 495
1024022872 1353 495
1024022872 1354 496
1024022872 1355 496
1024022872 1356 496
1024022872 1357 497
1024022872 1358 497
1024022872 1359 497
1024022872 1360 498
1024022872 1361 498
1024022872 1362 498
1024022872 1362 498
1024022872 1363 499
1024022872 1364 499
1024022872 1365 500
1024022872 1366 500
1024022872 1367 500
1024022872 1368 501
1024022872 1369 501
1024022872 1370 501
1024022872 1371 502
1024022872 1372 502
1024022872 1373 502
1024022872 1374 502
1024022872 1374 502
1024022872 1374 502
1024022872 1375 503
1024022872 1376 503
1024022872 1377 503
1024022872 1378 504
1024022872 1379 504
1024022872 1379 504
1024022872 1380 505
1024022872 1381 505
1024022872 1382 505
1024022872 1383 506
1024022872 1384 506
1024022872 1385 506
1024022872 1385 506
1024022872 1386 507
1024022872 1387 507
1024022872 1388 507
1024022872 1388 507
1024022872 1389 507
1024022872 1389 507
1024022872 1390 508
1024022872 1391 508
1024022872 1392 509
1024022872 1393 509
1024022872 1394 509
1024022872 1395 510
1024022872 1396 510
1024022872 1397 511
1024022872 1398 511
1024022872 1399 512
1024022872 1400 512
1024022872 1400 512
1024022872 1401 512
1024022872 1402 513
1024022872 1402 513
1024022872 1403 513
1024022872 1404 513
1024022872 1405 513
1024022872 1405 513
1024022872 1406 514
1024022872 1407 514
1024022872 1407 514
1024022872 1408 515
1024022872 1408 515
1024022872 1409 515
1024022872 1410 516
1024022872 1411 516
1024022872 1411 516
1024022872 1412 516
1024022872 1413 516
1024022872 1414 517
1024022872 1415 517
1024022872 1416 517
1024022872 1417 517
1024022872 1417 518
1024022872 1418 518
1024022872 1419 518
1024022872 1420 519
1024022872 1421 519
1024022872 1422 519
1024022872 1423 519
1024022872 1423 519
1024022872 1424 519
1024022872 1425 520
1024022872 1425 520
1024022872 1426 520
1024022872 1427 520
1024022872 1428 520
1024022872 1429 521
1024022872 1429 521
1024022872 1430 521
1024022872 1431 521
1024022872 1431 521
1024022872 1432 522
1024022872 1433 522
1024022872 1434 522
1024022872 1435 522
1024022872 1436 523
1024022872 1437 523
1024022872 1438 524
1024022872 1439 525
1024022872 1440 525
1024022872 1440 525
1024022872 1441 526
1024022872 1442 526
1024022872 1443 526
1024022872 1444 526
1024022872 1445 527
1024022872 1445 527
1024022872 1445 527
1024022872 1446 527
1024022872 1447 527
1024022872 1448 527
1024022872 1449 528
1024022872 1450 528
1024022872 1451 529
1024022872 1452 529
1024022872 1453 529
1024022872 1454 529
1024022872 1455 530
1024022872 1456 530
1024022872 1456 530
1024022872 1457 531
1024022872 1458 531
1024022872 1458 531
1024022872 1459 532
1024022872 1459 532
1024022872 1460 532
1024022872 1461 532
1024022872 1462 533
1024022872 1462 533
1024022872 1463 533
1024022872 1464 534
1024022872 1465 534
1024022872 1466 534
1024022872 1467 535
1024022872 1468 535
1024022872 1469 535
1024022872 1470 535
1024022872 1471 536
1024022872 1472 537
1024022872 1473 537
1024022872 1474 537
1024022872 1475 538
1024022872 1476 539
1024022872 1476 539
1024022872 1477 539
1024022872 1478 539
1024022872 1479 540
1024022872 1480 540
1024022872 1480 540
1024022872 1481 541
1024022872 1482 541
1024022872 1483 541
1024022872 1484 541
1024022872 1485 542
1024022872 1486 542
1024022872 1487 542
1024022872 1488 543
1024022872 1489 543
1024022872 1490 543
1024022872 1490 543
1024022872 1491 544
1024022872 1491 544
1024022872 1491 544
1024022872 1492 544
1024022872 1493 545
1024022872 1494 545
1024022872 1494 545
1024022872 1495 546
1024022872 1496 546
1024022872 1497 547
1024022872 1498 547
1024022872 1498 547
1024022872 1499 547
1024022872 1500 548
1024022872 1501 548
1024022872 1502 548
1024022872 1503 548
1024022872 1504 549
1024022872 1505 549
1024022872 1506 549
1024022872 1507 550
1024022872 1508 550
1024022872 1509 550
1024022872 1510 551
1024022872 1511 551
1024022872 1512 551
1024022872 1513 552
1024022872 1514 553
1024022872 1515 553
1024022872 1516 553
1024022872 1517 554
1024022872 1517 554
1024022872 1518 554
1024022872 1519 555
1024022872 1520 556
1024022872 1521 556
1024022872 1522 556
1024022872 1523 557
1024022872 1524 557
1024022872 1525 557
1024022872 1526 558
1024022872 1527 558
1024022872 1528 558
1024022872 1529 559
1024022872 1530 559
1024022872 1531 560
1024022872 1532 560
1024022872 1533 560
1024022872 1534 561
1024022872 1535 561
1024022872 1536 561
1024022872 1536 561
1024022872 1537 562
1024022872 1538 562
1024022872 1539 562
1024022872 1540 562
1024022872 1541 563
1024022872 1542 563
1024022872 1543 563
1024022872 1544 564
1024022872 1544 564
1024022872 1545 564
1024022872 1546 564
1024022872 1546 564
1024022872 1547 564
1024022872 1548 565
1024022872 1549 565
1024022872 1550 566
1024022872 1551 566
1024022872 1551 566
1024022872 1552 566
1024022872 1553 566
1024022872 1554 567
1024022872 1555 567
1024022872 1556 568
1024022872 1556 568
1024022872 1557 568
1024022872 1558 568
1024022872 1559 568
1024022872 1560 569
1024022872 1561 569
1024022872 1562 570
1024022872 1562 570
1024022872 1563 570
1024022872 1564 571
1024022872 1565 571
1024022872 1565 571
1024022872 1566 571
1024022872 1566 571
1024022872 1567 571
1024022872 1568 572
1024022872 1569 572
1024022872 1569 572
1024022872 1570 572
1024022872 1571 573
1024022872 1572 573
1024022872 1572 573
1024022872 1573 573
1024022872 1574 573
1024022872 1575 574
1024022872 1576 574
1024022872 1577 574
1024022872 1578 574
1024022872 1579 575
1024022872 1580 575
1024022872 1581 576
1024022872 1581 576
1024022872 1582 576
1024022872 1583 577
1024022872 1584 578
1024022872 1585 578
1024022872 1586 578
1024022872 1587 579
1024022872 1588 579
1024022872 1589 579
1024022872 1589 579
1024022872 1590 579
1024022872 1591 580
1024022872 1592 580
1024022872 1593 580
1024022872 1594 580
1024022872 1594 580
1024022872 1595 581
1024022872 1596 581
1024022872 1596 581
1024022872 1596 581
1024022872 1597 581
1024022872 1598 582
1024022872 1599 582
1024022872 1600 582
1024022872 1601 583
1024022872 1602 583
1024022872 1602 583
1024022872 1603 583
1024022872 1603 583
1024022872 1603 583
1024022872 1604 584
1024022872 1605 584
1024022872 1606 584
1024022872 1607 584
1024022872 1608 585
1024022872 1609 585
1024022872 1610 585
1024022872 1611 586
1024022872 1612 586
1024022872 1612 586
1024022872 1613 586
1024022872 1614 587
1024022872 1615 588
1024022872 1616 588
1024022872 1617 588
1024022872 1618 589
1024022872 1619 589
1024022872 1619 589
1024022872 1619 589
1024022872 1620 589
1024022872 1621 590
1024022872 1622 590
1024022872 1623 590
1024022872 1624 590
1024022872 1625 592
1024022872 1626 592
1024022872 1627 592
1024022872 1627 592
1024022872 1627 592
1024022872 1628 592
1024022872 1629 593
1024022872 1630 593
1024022872 1631 593
1024022872 1632 593
1024022872 1633 594
1024022872 1634 594
1024022872 1634 594
1024022872 1634 594
1024022872 1635 594
1024022872 1636 595
1024022872 1637 595
1024022872 1637 595
1024022872 1638 595
1024022872 1639 595
1024022872 1640 596
1024022872 1641 596
1024022872 1642 596
1024022872 1643 596
1024022872 1644 597
1024022872 1645 597
1024022872 1646 598
1024022872 1647 599
1024022872 1648 600
1024022872 1649 600
1024022872 1650 600
1024022872 1650 600
1024022872 1651 601
