1744719061 1 3
1660591496 2 4
1660591496 3 5
1660591496 4 5
1539419514.5161 5 5
1539419514.5161 6 6
1539419514.5161 7 6
1539419514.5161 8 6
1539419514.5161 9 7
1539419514.5161 10 8
1539419514.5161 10 8
1539419514.5161 11 8
1539419514.5161 12 8
1539419514.5161 13 9
1539419514.5161 14 9
1539419514.5161 14 9
1539419514.5161 15 10
1539419514.5161 16 10
1539419514.5161 16 10
1539419514.5161 16 11
1539419514.5161 17 11
1539419514.5161 18 11
1539419514.5161 19 11
1539419514.5161 20 12
1539419514.5161 21 12
1539419514.5161 22 12
1539419514.5161 23 13
1539419514.5161 23 13
1424383651.2992 24 13
1424383651.2992 25 13
1424383651.2992 26 13
1424383651.2992 27 14
1424383651.2992 28 14
1424383651.2992 28 14
1424383651.2992 29 15
1424383651.2992 29 15
1424383651.2992 30 15
1424383651.2992 31 15
1424383651.2992 31 15
1424383651.2992 32 16
1424383651.2992 33 16
1424383651.2992 34 16
1424383651.2992 35 16
1424383651.2992 36 18
1424383651.2992 36 18
1424383651.2992 37 18
1424383651.2992 38 18
1424383651.2992 39 19
1424383651.2992 40 19
1424383651.2992 41 19
1424383651.2992 41 19
1424383651.2992 42 19
1424383651.2992 42 19
1424383651.2992 43 20
1424383651.2992 44 20
1424383651.2992 45 20
1424383651.2992 45 20
1424383651.2992 46 21
1424383651.2992 46 21
1424383651.2992 47 21
1424383651.2992 48 22
1424383651.2992 49 22
1424383651.2992 50 22
1424383651.2992 51 22
1424383651.2992 52 23
1424383651.2992 52 23
1424383651.2992 53 23
1424383651.2992 54 23
1424383651.2992 55 23
1424383651.2992 56 24
1424383651.2992 57 24
1424383651.2992 58 24
1424383651.2992 59 24
1424383651.2992 59 24
1424383651.2992 60 25
1424383651.2992 61 25
1424383651.2992 61 25
1424383651.2992 62 25
1424383651.2992 63 26
1424383651.2992 64 26
1424383651.2992 65 26
1424383651.2992 65 26
1424383651.2992 66 27
1424383651.2992 67 27
1424383651.2992 68 27
1424383651.2992 68 27
1424383651.2992 69 28
1424383651.2992 70 28
1424383651.2992 71 29
1424383651.2992 72 30
1424383651.2992 73 31
1424383651.2992 74 32
1424383651.2992 75 32
1424383651.2992 76 32
1424383651.2992 77 32
1424383651.2992 78 33
1424383651.2992 78 33
1424383651.2992 79 33
1424383651.2992 80 33
1424383651.2992 81 34
1424383651.2992 82 34
1424383651.2992 83 34
1424383651.2992 84 34
1424383651.2992 85 35
1424383651.2992 86 35
1424383651.2992 87 35
1424383651.2992 88 36
1424383651.2992 89 36
1424383651.2992 90 36
1424383651.2992 91 36
1424383651.2992 92 37
1424383651.2992 93 37
1424383651.2992 94 37
1424383651.2992 95 38
1424383651.2992 96 38
1424383651.2992 97 38
1424383651.2992 98 39
1424383651.2992 99 39
1424383651.2992 100 39
1424383651.2992 101 40
1424383651.2992 102 40
1424383651.2992 103 40
1424383651.2992 104 40
1424383651.2992 105 41
1424383651.2992 106 42
1424383651.2992 107 42
1424383651.2992 108 42
1424383651.2992 109 42
1424383651.2992 110 43
1424383651.2992 111 43
1424383651.2992 112 44
1424383651.2992 113 44
1424383651.2992 114 44
1424383651.2992 115 45
1424383651.2992 116 45
1424383651.2992 116 45
1424383651.2992 117 45
1424383651.2992 118 45
1424383651.2992 119 46
1424383651.2992 120 46
1424383651.2992 121 46
1424383651.2992 121 46
1424383651.2992 122 47
1371815244 123 47
1371815244 124 47
1371815244 125 48
1371815244 126 48
1371815244 127 48
1371815244 127 48
1371815244 127 48
1371815244 128 48
1371815244 129 49
1371815244 130 49
1371815244 131 49
1371815244 132 50
1371815244 133 51
1371815244 134 51
1371815244 135 51
1371815244 135 51
1371815244 136 52
1371815244 137 52
1371815244 138 52
1371815244 139 53
1371815244 140 53
1371815244 141 53
1371815244 142 54
1371815244 143 54
1371815244 144 54
1371815244 145 55
1371815244 146 55
1371815244 146 55
1371815244 147 55
1371815244 148 55
1371815244 148 55
1371815244 149 56
1371815244 150 56
1371815244 150 56
1371815244 150 56
1371815244 151 56
1371815244 152 57
1371815244 153 57
1371815244 154 57
1371815244 155 58
1371815244 156 58
1371815244 157 58
1371815244 157 58
1371815244 158 59
1371815244 159 59
1371815244 160 59
1371815244 161 60
1371815244 162 60
1371815244 163 60
1371815244 164 60
1371815244 165 61
1371815244 165 61
1371815244 166 61
1371815244 167 61
1371815244 168 62
1371815244 168 62
1371815244 169 62
1371815244 170 62
1371815244 171 63
1371815244 172 63
1371815244 173 64
1371815244 174 64
1371815244 175 65
1371815244 176 65
1371815244 177 65
1371815244 177 65
1371815244 178 65
1371815244 179 66
1371815244 180 66
1371815244 181 66
1371815244 182 67
1371815244 183 67
1371815244 184 68
1371815244 185 69
1371815244 186 69
1371815244 187 69
1371815244 188 69
1371815244 189 69
1371815244 190 70
1371815244 191 70
1371815244 192 70
1371815244 193 71
1371815244 194 71
1371815244 195 71
1279746655.9614 196 71
1279746655.9614 197 72
1279746655.9614 198 73
1279746655.9614 199 73
1279746655.9614 200 73
1279746655.9614 201 74
1279746655.9614 202 74
1279746655.9614 203 74
1279746655.9614 203 74
1279746655.9614 204 74
1279746655.9614 205 75
1279746655.9614 206 75
1279746655.9614 207 75
1279746655.9614 208 75
1279746655.9614 209 76
1279746655.9614 210 76
1279746655.9614 211 76
1279746655.9614 212 77
1279746655.9614 213 78
1279746655.9614 214 79
1279746655.9614 215 79
1279746655.9614 216 79
1279746655.9614 217 80
1279746655.9614 218 80
1279746655.9614 219 81
1279746655.9614 219 81
1279746655.9614 220 81
1279746655.9614 221 81
1279746655.9614 222 82
1279746655.9614 223 82
1279746655.9614 224 83
1279746655.9614 224 83
1279746655.9614 225 83
1279746655.9614 226 83
1279746655.9614 227 84
1279746655.9614 228 85
1279746655.9614 229 85
1279746655.9614 230 85
1279746655.9614 231 86
1279746655.9614 232 86
1279746655.9614 233 86
1279746655.9614 233 86
1279746655.9614 234 86
1279746655.9614 235 87
1279746655.9614 236 87
1279746655.9614 237 87
1279746655.9614 238 88
1279746655.9614 239 89
1279746655.9614 240 89
1279746655.9614 241 89
1279746655.9614 242 89
1279746655.9614 242 89
1279746655.9614 243 90
1279746655.9614 243 90
1279746655.9614 243 90
1279746655.9614 244 91
1279746655.9614 245 91
1279746655.9614 246 91
1279746655.9614 246 91
1279746655.9614 247 92
1279746655.9614 248 93
1279746655.9614 248 93
1279746655.9614 249 93
1279746655.9614 250 93
1279746655.9614 251 94
1279746655.9614 252 95
1279746655.9614 253 96
1279746655.9614 254 96
1279746655.9614 255 96
1279746655.9614 256 97
1279746655.9614 256 97
1279746655.9614 257 98
1279746655.9614 258 98
1279746655.9614 259 98
1279624113 260 99
1279624113 261 99
1279624113 262 99
1279624113 263 100
1279624113 264 100
1279624113 265 101
1279624113 266 101
1279624113 267 101
1279624113 267 101
1279624113 268 102
1279624113 269 102
1279624113 270 102
1279624113 271 103
1279624113 271 103
1279624113 271 103
1279624113 271 103
1279624113 272 103
1279624113 273 104
1279624113 274 104
1279624113 275 104
1279624113 276 105
1279624113 277 105
1279624113 278 105
1279624113 279 105
1279624113 280 106
1279624113 281 106
1279624113 282 106
1279624113 283 107
1279624113 284 107
1279624113 285 107
1279624113 286 108
1279624113 287 108
1279624113 287 108
1279624113 288 109
1279624113 289 109
1279624113 290 109
1279624113 291 109
1279624113 292 110
1279624113 293 111
1279624113 294 111
1279624113 295 112
1279624113 296 112
1279624113 296 112
1279624113 297 113
1279624113 298 113
1279624113 299 114
1279624113 300 114
1279624113 301 115
1279624113 301 115
1279624113 302 115
1279624113 303 115
1279624113 304 115
1279624113 305 116
1279624113 306 116
1279624113 307 116
1279624113 308 117
1279624113 309 117
1279624113 309 117
1279624113 310 118
1279624113 311 118
1279624113 312 118
1279624113 313 119
1279624113 314 119
1279624113 314 119
1279624113 315 119
1279624113 316 120
1279624113 317 120
1279624113 318 120
1279624113 319 121
1279624113 319 121
1279624113 320 122
1279624113 321 122
1279624113 322 122
1279624113 322 122
1279624113 322 122
1279624113 323 122
1279624113 324 123
1279624113 325 123
1279624113 326 123
1279624113 327 124
1279624113 328 124
1279624113 329 124
1279624113 329 124
1279624113 330 125
1279624113 330 125
1279624113 331 125
1279624113 332 125
1279624113 333 126
1279624113 334 126
1279624113 335 126
1279624113 336 127
1279624113 337 127
1279624113 338 127
1279624113 339 128
1279624113 340 128
1279624113 341 128
1279624113 342 128
1279624113 343 129
1279624113 344 129
1279624113 345 129
1279624113 345 129
1279624113 346 129
1279624113 347 130
1279624113 348 130
1279624113 348 130
1279624113 349 130
1279624113 350 130
1279624113 351 131
1279624113 352 131
1279624113 353 131
1279624113 354 132
1279624113 354 132
1279624113 354 132
1279624113 355 132
1279624113 355 132
1279624113 356 132
1279624113 356 132
1279624113 357 133
1279624113 358 133
1279624113 359 134
1279624113 360 134
1279624113 361 134
1279624113 362 135
1279624113 363 135
1279624113 364 136
1279624113 365 136
1279624113 366 136
1279624113 367 137
1279624113 368 137
1279624113 369 137
1279624113 370 137
1279624113 371 138
1279624113 371 138
1279624113 372 138
1279624113 372 138
1279624113 373 138
1279624113 374 138
1279624113 375 139
1279624113 376 139
1279624113 377 139
1279624113 378 140
1279624113 379 141
1279624113 379 141
1279624113 380 141
1279624113 381 141
1279624113 382 142
1279624113 383 143
1279624113 383 143
1279624113 384 143
1279624113 385 144
1279624113 386 144
1279624113 387 144
1279624113 388 145
1279624113 389 145
1279624113 390 145
1279624113 391 146
1279624113 392 147
1279624113 393 147
1279624113 394 147
1279624113 395 148
1279624113 396 149
1279624113 397 149
1279624113 398 149
1279624113 399 150
1279624113 400 150
1279624113 400 150
1279624113 401 151
1279624113 402 151
1279624113 403 151
1279624113 404 152
1279624113 405 152
1279624113 406 152
1279624113 407 153
1279624113 407 153
1279624113 408 153
1279624113 409 154
1279624113 410 154
1279624113 411 154
1279624113 411 154
1279624113 412 154
1279624113 413 155
1279624113 414 155
1279624113 415 156
1279624113 416 156
1279624113 417 156
1279624113 418 157
1279624113 419 158
1279624113 420 158
1279624113 421 158
1279624113 422 158
1279624113 423 159
1279624113 423 159
1279624113 424 159
1279624113 425 159
1279624113 426 160
1279624113 427 161
1279624113 428 161
1279624113 428 161
1279624113 429 161
1279624113 430 162
1279624113 431 162
1279624113 432 162
1279624113 433 162
1279624113 433 163
1279624113 434 163
1279624113 435 163
1279624113 436 163
1279624113 437 164
1279624113 438 164
1279624113 438 164
1279624113 439 164
1279624113 440 165
1279624113 441 165
1279624113 442 166
1279624113 443 166
1279624113 444 166
1130120809 445 167
1130120809 446 167
1130120809 447 167
1130120809 448 168
1130120809 449 168
1130120809 450 168
1130120809 451 168
1130120809 452 169
1130120809 453 169
1130120809 454 169
1130120809 455 170
1130120809 455 170
1130120809 456 170
1130120809 457 170
1130120809 458 170
1130120809 459 171
1130120809 460 171
1130120809 461 171
1130120809 462 172
1130120809 463 172
1130120809 464 172
1130120809 464 172
1130120809 465 173
1130120809 466 173
1130120809 467 173
1130120809 468 174
1130120809 469 174
1130120809 470 174
1130120809 471 174
1130120809 472 175
1130120809 472 175
1130120809 473 175
1130120809 473 175
1130120809 473 175
1130120809 474 175
1130120809 475 176
1130120809 476 176
1130120809 477 176
1130120809 478 176
1130120809 478 176
1032859651 479 177
1032859651 480 177
1032859651 481 177
1032859651 482 177
1032859651 483 178
1032859651 484 178
1032859651 484 178
1032859651 485 178
1032859651 486 178
1032859651 487 179
1032859651 488 179
1032859651 489 179
1032859651 490 180
1032859651 491 180
1032859651 492 180
1032859651 493 181
1032859651 494 181
1032859651 494 181
1032859651 495 181
1032859651 496 181
1032859651 497 182
1032859651 498 182
1032859651 499 182
1032859651 500 183
1032859651 501 183
1032859651 502 183
1032859651 503 183
1032859651 504 184
1032859651 505 184
1032859651 506 184
1032859651 507 185
1032859651 507 185
1032859651 508 185
1032859651 509 185
1032859651 510 185
1032859651 511 186
1032859651 511 186
1032859651 512 186
1032859651 513 186
1032859651 514 186
1032859651 515 187
1032859651 515 187
1032859651 516 187
1032859651 516 187
1032859651 517 187
1032859651 518 187
1032859651 519 188
1032859651 520 188
1032859651 521 188
1032859651 522 189
1032859651 523 189
1032859651 524 189
1032859651 525 189
1032859651 526 190
1032859651 527 190
1032859651 528 190
1032859651 529 191
1032859651 530 192
1032859651 531 192
1032859651 532 192
1032859651 533 193
1032859651 534 193
1032859651 535 193
1032859651 536 193
1032859651 537 194
1032859651 538 194
1032859651 538 194
1032859651 539 195
1032859651 540 196
1032859651 541 196
1032859651 542 196
1032859651 543 197
1032859651 544 197
1032859651 544 197
1032859651 545 197
1032859651 546 198
1032859651 546 198
1032859651 547 198
1032859651 548 199
1032859651 549 199
1032859651 550 199
1032859651 550 200
1032859651 551 200
1032859651 551 200
1032859651 552 200
1032859651 553 200
1032859651 554 201
1032859651 554 201
1032859651 555 201
1032859651 556 202
1032859651 557 202
1032859651 558 202
1032859651 559 202
1032859651 559 202
1032859651 560 203
1032859651 561 203
1032859651 562 203
1032859651 563 204
1032859651 564 204
1032859651 565 204
1032859651 566 204
1032859651 567 205
1032859651 568 205
1032859651 569 205
1032859651 570 205
1032859651 571 206
1032859651 571 206
1032859651 572 206
1032859651 573 206
1032859651 574 207
1032859651 575 207
1032859651 576 207
1032859651 577 208
1032859651 578 208
1032859651 579 208
1032859651 580 208
1032859651 581 209
1032859651 582 209
1032859651 583 209
1032859651 584 210
1032859651 584 210
1032859651 585 210
1032859651 586 210
1032859651 587 211
1032859651 588 211
1032859651 589 211
1032859651 590 211
1032859651 590 211
1032859651 591 212
1032859651 592 212
1032859651 592 212
1032859651 593 213
1032859651 594 213
1032859651 595 213
1032859651 596 213
1032859651 597 214
1032859651 598 215
1032859651 599 215
1032859651 600 215
1032859651 601 216
1032859651 602 217
1032859651 603 217
1032859651 604 217
1032859651 605 218
1032859651 606 219
1032859651 607 219
1032859651 607 219
1032859651 608 219
1032859651 609 220
1032859651 610 220
1032859651 611 220
1032859651 612 220
1032859651 613 221
1032859651 614 221
1032859651 614 221
1032859651 615 221
1032859651 616 222
1032859651 617 222
1032859651 618 222
1032859651 619 223
1032859651 620 223
1032859651 621 223
1032859651 622 223
1032859651 623 224
1032859651 623 224
1032859651 624 224
1032859651 625 224
1032859651 626 225
1032859651 626 225
1032859651 627 225
1032859651 628 225
1032859651 629 226
1032859651 629 226
1032859651 630 226
1032859651 631 226
1032859651 632 226
1032859651 633 227
1032859651 634 227
1032859651 634 227
1032859651 635 227
1032859651 636 227
1032859651 637 228
1032859651 638 228
1032859651 639 228
1032859651 640 229
1032859651 641 229
1032859651 642 229
1032859651 643 230
1032859651 644 230
1032859651 645 231
1032859651 646 231
1032859651 647 232
1032859651 648 232
1032859651 649 232
1032859651 650 233
1032859651 651 233
1032859651 652 234
1032859651 653 234
1032859651 654 234
1032859651 655 235
1032859651 656 235
1032859651 657 235
1032859651 657 235
1032859651 658 236
1032859651 659 236
1032859651 660 236
1032859651 661 237
1032859651 662 237
1032859651 663 237
1032859651 663 237
1032859651 663 237
1032859651 664 237
1032859651 665 238
1032859651 666 238
1032859651 666 238
1032859651 667 238
1032859651 668 239
1032859651 669 239
1032859651 670 240
1032859651 671 240
1032859651 672 240
1032859651 673 241
1032859651 674 241
1032859651 675 241
1032859651 676 241
1032859651 677 242
1032859651 678 242
1032859651 678 242
1032859651 679 242
1032859651 680 243
1032859651 681 243
1032859651 682 243
1032859651 683 244
1032859651 684 244
1032859651 685 245
1032859651 686 245
1032859651 687 245
1032859651 688 246
1032859651 689 246
1032859651 690 246
1032859651 691 247
1032859651 692 247
1032859651 693 247
1032859651 693 247
1032859651 693 247
1032859651 694 248
1032859651 694 248
1032859651 695 248
1032859651 696 248
1032859651 697 248
1032859651 698 249
1032859651 699 249
1032859651 700 249
1032859651 701 249
1032859651 702 250
1032859651 703 250
1032859651 703 250
1032859651 704 250
1032859651 705 251
1032859651 706 251
1032859651 707 251
1032859651 707 251
1032859651 708 252
1032859651 709 252
1032859651 709 252
1032859651 710 252
1032859651 711 253
1032859651 712 253
1032859651 713 253
1032859651 714 254
1032859651 715 254
1032859651 716 254
1032859651 716 254
1032859651 717 255
1032859651 717 255
1032859651 717 255
1032859651 718 255
1032859651 719 255
1032859651 720 256
1032859651 721 256
1032859651 722 257
1032859651 723 257
1032859651 724 258
1032859651 725 258
1032859651 725 258
1032859651 726 258
1032859651 727 259
1032859651 728 259
1032859651 729 259
1032859651 730 260
1032859651 731 260
1032859651 731 260
1032859651 732 261
1032859651 733 261
1032859651 734 261
1032859651 735 262
1032859651 735 262
1032859651 736 262
1032859651 737 262
1032859651 738 263
1032859651 739 263
1032859651 739 263
1032859651 740 263
1032859651 741 263
1032859651 742 264
1032859651 743 264
1032859651 744 264
1032859651 745 264
1032859651 746 265
1032859651 747 265
1032859651 748 265
1032859651 749 265
1032859651 750 266
1032859651 751 266
1032859651 752 266
1032859651 753 267
1032859651 754 267
1032859651 755 268
1032859651 756 268
1032859651 757 268
1032859651 758 269
1032859651 759 269
1032859651 760 269
1032859651 761 269
1032859651 762 270
1032859651 763 270
1032859651 764 270
1032859651 765 270
1032859651 766 271
1032859651 766 271
1032859651 767 271
1032859651 767 271
1032859651 768 271
1032859651 769 272
1032859651 770 272
1032859651 771 272
1032859651 771 272
1032859651 772 273
1032859651 773 274
1032859651 773 274
1032859651 774 274
1032859651 775 274
1032859651 775 274
1032859651 776 275
1032859651 777 275
1032859651 778 275
1032859651 779 276
1032859651 780 276
1032859651 781 276
1032859651 782 276
1032859651 783 277
1032859651 784 277
1032859651 784 277
1032859651 785 277
1032859651 786 278
1032859651 787 278
1032859651 788 278
1032859651 789 278
1032859651 789 278
1032859651 790 279
1032859651 791 279
1032859651 792 279
1032859651 792 279
1032859651 793 280
1032859651 793 280
1032859651 794 280
1032859651 794 280
1032859651 794 280
1032859651 795 280
1032859651 796 280
1032859651 796 280
1032859651 797 281
1032859651 798 281
1032859651 799 282
1032859651 800 282
1032859651 801 283
1032859651 802 283
1032859651 803 284
1032859651 804 284
1032859651 805 285
1032859651 806 285
1032859651 806 285
1032859651 807 286
1032859651 808 286
1032859651 809 287
1032859651 810 287
1032859651 811 287
1032859651 812 288
1032859651 813 288
1032859651 813 288
1032859651 814 288
1032859651 815 288
1032859651 816 289
1032859651 817 289
1032859651 818 289
1032859651 819 290
1032859651 820 290
1032859651 821 291
1032859651 822 291
1032859651 823 291
1032859651 824 292
1032859651 825 294
1032859651 826 294
1032859651 826 294
1032859651 827 294
1032859651 827 294
1032859651 827 294
1032859651 828 295
1032859651 829 295
1032859651 829 295
1032859651 829 295
1032859651 829 295
1032859651 830 295
1032859651 831 295
1032859651 831 295
1032859651 832 296
1032859651 833 297
1032859651 834 297
1032859651 835 297
1032859651 836 297
1032859651 837 298
1032859651 838 298
1032859651 838 298
1032859651 839 298
1032859651 839 298
1032859651 840 299
1032859651 841 299
1032859651 842 299
1032859651 843 300
1032859651 843 300
1032859651 844 300
1032859651 844 300
1032859651 845 301
1032859651 846 301
1032859651 846 301
1032859651 847 301
1032859651 848 301
1032859651 849 302
1032859651 850 302
1032859651 851 303
1032859651 852 303
1032859651 853 303
1032859651 854 303
1032859651 855 304
1032859651 856 304
1032859651 857 305
1032859651 858 305
1032859651 859 305
1032859651 860 306
1032859651 861 306
1032859651 862 306
1032859651 862 306
1032859651 863 307
1032859651 864 307
1032859651 865 307
1032859651 866 308
1032859651 867 308
1032859651 868 309
1032859651 869 309
1032859651 870 310
1032859651 871 310
1032859651 872 310
1032859651 873 311
1032859651 874 311
1032859651 875 311
1032859651 876 312
1032859651 877 312
1032859651 878 312
1032859651 879 312
1032859651 880 313
1032859651 881 313
1032859651 882 314
1032859651 883 314
1032859651 884 315
1032859651 885 315
1032859651 886 316
1032859651 887 316
1032859651 888 316
1032859651 889 316
1032859651 890 317
1032859651 891 317
1032859651 892 317
1032859651 893 317
1032859651 894 318
1032859651 895 318
1032859651 896 318
1032859651 896 318
1032859651 897 319
1032859651 898 319
1032859651 899 319
1032859651 900 320
1032859651 901 321
1032859651 901 321
1032859651 901 321
1032859651 902 321
1032859651 903 321
1032859651 903 321
1032859651 904 321
1032859651 905 322
1032859651 905 322
1032859651 906 322
1032859651 906 322
1032859651 907 322
1032859651 908 323
1032859651 909 323
1032859651 910 323
1032859651 911 324
1032859651 912 325
1032859651 913 325
1032859651 914 325
1032859651 915 326
1032859651 916 326
1032859651 917 326
1032859651 918 326
1032859651 919 327
1032859651 920 327
1032859651 921 328
1032859651 921 328
1032859651 921 328
1032859651 922 329
1032859651 923 329
1032859651 924 329
1032859651 925 329
1032859651 926 330
1032859651 927 331
1032859651 927 331
1032859651 928 331
1032859651 929 332
1032859651 929 332
1032859651 930 333
1032859651 930 333
1032859651 931 333
1032859651 932 333
1032859651 933 334
1032859651 934 334
1032859651 935 334
1032859651 936 335
1032859651 937 335
1032859651 938 335
1032859651 939 336
1032859651 940 336
1032859651 940 336
1032859651 941 336
1032859651 942 336
1032859651 943 337
1032859651 944 337
1032859651 945 337
1032859651 946 337
1032859651 947 338
1032859651 948 338
1032859651 949 338
1032859651 950 338
1032859651 951 339
1032859651 952 339
1032859651 952 339
1032859651 953 340
1032859651 954 340
1032859651 954 340
1032859651 954 340
1032859651 955 340
1032859651 955 340
1032859651 956 341
1032859651 957 341
1032859651 958 341
1032859651 959 342
1032859651 960 342
1032859651 961 342
1032859651 962 342
1032859651 963 343
1032859651 963 343
1032859651 964 343
1032859651 965 344
1032859651 966 344
1032859651 967 344
1032859651 968 344
1032859651 969 345
1032859651 970 345
1032859651 971 346
1032859651 972 346
1032859651 973 346
1032859651 974 347
1032859651 974 347
1032859651 975 347
1032859651 976 347
1032859651 976 347
1032859651 977 347
1032859651 978 348
1032859651 979 348
1032859651 980 348
1032859651 981 349
1032859651 982 349
1032859651 983 349
1032859651 984 350
1032859651 985 350
1032859651 986 350
1032859651 987 350
1032859651 988 351
1032859651 989 351
1032859651 989 351
1032859651 990 352
1032859651 991 352
1032859651 992 352
1032859651 992 352
1032859651 993 353
1032859651 994 353
1032859651 995 354
1032859651 996 354
1032859651 997 354
1032859651 997 354
1032859651 998 355
1032859651 999 356
1032859651 1000 356
1032859651 1001 356
1032859651 1002 357
1032859651 1003 357
1032859651 1003 357
1032859651 1004 357
1032859651 1005 357
1032859651 1006 358
1032859651 1007 358
1032859651 1008 358
1032859651 1009 358
1032859651 1010 359
1032859651 1011 360
1032859651 1011 360
1032859651 1012 360
1032859651 1013 360
1032859651 1013 360
1032859651 1014 361
1032859651 1014 361
1032859651 1015 361
1032859651 1016 361
1032859651 1017 361
1032859651 1018 362
1032859651 1019 362
1032859651 1020 362
1032859651 1021 363
1032859651 1022 363
1032859651 1023 363
1032859651 1024 363
1032859651 1025 364
1032859651 1025 364
1032859651 1026 364
1032859651 1027 365
1032859651 1028 366
1032859651 1029 366
1032859651 1030 367
1032859651 1031 368
1032859651 1031 368
1032859651 1032 368
1032859651 1033 368
1032859651 1034 369
1032859651 1035 369
1032859651 1036 369
1032859651 1037 369
1032859651 1038 370
1032859651 1039 370
1032859651 1040 370
1032859651 1041 371
1032859651 1042 371
1032859651 1043 371
1032859651 1044 372
1032859651 1045 372
1032859651 1046 373
1032859651 1047 373
1032859651 1048 373
1032859651 1049 374
1032859651 1050 374
1032859651 1051 375
1032859651 1052 376
1032859651 1053 376
1032859651 1054 376
1032859651 1055 377
1032859651 1055 377
1032859651 1056 377
1032859651 1056 377
1032859651 1056 377
1032859651 1057 377
1032859651 1058 378
1032859651 1059 378
1032859651 1060 379
1032859651 1060 379
1032859651 1061 379
1032859651 1062 379
1032859651 1062 379
1032859651 1063 380
1032859651 1064 380
1032859651 1065 380
1032859651 1066 381
1032859651 1066 381
1032859651 1067 381
1032859651 1068 381
1032859651 1068 381
1032859651 1068 381
1032859651 1069 381
1032859651 1070 382
1032859651 1071 382
1032859651 1072 383
1032859651 1073 383
1032859651 1073 383
1032859651 1074 383
1032859651 1075 383
1032859651 1076 384
1032859651 1076 384
1032859651 1077 385
1032859651 1078 385
1032859651 1078 385
1032859651 1079 385
1032859651 1080 385
1032859651 1080 385
1032859651 1081 386
1032859651 1082 386
1032859651 1083 386
1032859651 1084 386
1032859651 1084 386
1032859651 1084 386
1032859651 1085 387
1032859651 1086 387
1032859651 1087 388
1032859651 1088 388
1032859651 1088 388
1032859651 1089 389
1032859651 1090 389
1032859651 1091 389
1032859651 1092 390
1032859651 1093 390
1032859651 1093 390
1032859651 1093 390
1032859651 1094 391
1032859651 1095 391
1032859651 1096 391
1032859651 1097 391
1032859651 1098 392
1032859651 1099 392
1032859651 1100 392
1032859651 1101 393
1032859651 1101 393
1032859651 1102 393
1032859651 1103 393
1032859651 1104 393
1032859651 1105 394
1032859651 1105 394
1032859651 1106 394
1032859651 1107 394
1032859651 1108 395
1032859651 1109 395
1032859651 1110 396
1032859651 1111 396
1032859651 1112 396
1032859651 1113 396
1032859651 1114 397
1032859651 1115 398
1032859651 1116 398
1032859651 1117 399
1032859651 1118 399
1032859651 1119 399
1032859651 1120 400
1032859651 1121 400
1032859651 1122 401
1032859651 1123 401
1032859651 1124 401
1032859651 1124 401
1032859651 1125 402
1032859651 1126 402
1032859651 1127 403
1032859651 1128 403
1032859651 1129 403
1032859651 1129 403
1032859651 1130 403
1032859651 1131 404
1032859651 1132 404
1032859651 1133 404
1032859651 1133 404
1032859651 1134 405
1032859651 1134 405
1032859651 1135 406
1032859651 1136 406
1032859651 1137 406
1032859651 1138 407
1032859651 1138 407
1032859651 1139 407
1032859651 1140 407
1032859651 1141 408
1032859651 1142 408
1032859651 1143 408
1032859651 1144 409
1032859651 1144 409
1032859651 1145 409
1032859651 1146 410
1032859651 1146 410
1032859651 1147 410
1032859651 1147 410
1032859651 1148 411
1032859651 1149 411
1032859651 1149 411
1032859651 1149 411
1032859651 1150 411
1032859651 1151 411
1032859651 1152 412
1032859651 1153 412
1032859651 1154 413
1032859651 1155 414
1032859651 1156 414
1032859651 1156 414
1032859651 1157 415
1032859651 1158 415
1032859651 1159 416
1032859651 1160 416
1032859651 1161 416
1032859651 1162 417
1032859651 1163 417
1032859651 1164 417
1032859651 1165 418
1032859651 1166 418
1032859651 1167 418
1032859651 1168 419
1032859651 1169 419
1032859651 1170 420
1032859651 1171 420
1032859651 1172 420
1032859651 1173 420
1032859651 1174 420
1032859651 1175 421
1032859651 1176 421
1032859651 1177 422
1032859651 1178 422
1032859651 1179 422
1032859651 1180 423
1032859651 1181 423
1032859651 1182 423
1032859651 1182 423
1032859651 1183 424
1032859651 1184 424
1032859651 1185 424
1032859651 1186 425
1032859651 1187 425
1032859651 1188 425
1032859651 1189 425
1032859651 1190 426
1032859651 1190 426
1032859651 1191 426
1032859651 1191 426
1032859651 1192 426
1032859651 1193 427
1032859651 1194 427
1032859651 1195 427
1032859651 1195 427
1032859651 1195 427
1032859651 1196 428
1032859651 1197 429
1032859651 1198 429
1032859651 1199 429
1032859651 1200 430
1032859651 1201 430
1032859651 1202 430
1032859651 1202 430
1032859651 1202 430
1032859651 1203 430
1032859651 1204 431
1032859651 1205 431
1032859651 1206 431
1032859651 1207 431
1032859651 1208 432
1032859651 1209 432
1032859651 1210 432
1032859651 1210 432
1032859651 1210 432
1032859651 1211 432
1032859651 1212 433
1032859651 1213 433
1032859651 1214 433
1032859651 1215 434
1032859651 1215 434
1032859651 1216 434
1032859651 1217 435
1032859651 1217 435
1032859651 1218 435
1032859651 1219 435
1032859651 1220 436
1032859651 1221 436
1032859651 1222 436
1032859651 1223 437
1032859651 1223 437
1032859651 1224 437
1032859651 1225 437
1032859651 1226 438
1032859651 1227 438
1032859651 1228 438
1032859651 1229 438
1032859651 1230 439
1032859651 1231 439
1032859651 1232 439
1032859651 1233 440
1032859651 1234 440
1032859651 1235 440
1032859651 1236 441
1032859651 1237 442
1032859651 1238 442
1032859651 1239 442
1032859651 1240 443
1032859651 1241 443
1032859651 1242 444
1032859651 1243 444
1032859651 1244 444
1032859651 1245 444
1032859651 1246 445
1032859651 1247 445
1032859651 1248 445
1032859651 1248 445
1032859651 1249 445
1032859651 1250 446
1032859651 1250 446
1032859651 1251 446
1032859651 1252 446
1032859651 1253 447
1032859651 1254 447
1032859651 1255 447
1032859651 1256 448
1032859651 1257 448
1032859651 1258 448
1032859651 1259 449
1032859651 1260 450
1032859651 1261 450
1032859651 1262 450
1032859651 1263 450
1032859651 1264 451
1032859651 1265 451
1032859651 1266 452
1032859651 1267 452
1032859651 1268 452
1032859651 1269 453
1032859651 1270 453
1032859651 1270 453
1032859651 1271 453
1032859651 1271 453
1032859651 1272 453
1032859651 1273 453
1032859651 1274 454
1032859651 1275 454
1032859651 1276 454
1032859651 1277 454
1032859651 1278 455
1032859651 1278 455
1032859651 1279 455
1032859651 1280 455
1032859651 1281 455
1032859651 1282 456
1032859651 1283 457
1032859651 1283 457
1032859651 1284 457
1032859651 1285 457
1032859651 1286 458
1032859651 1287 458
1032859651 1288 458
1032859651 1289 459
1032859651 1290 459
1032859651 1291 459
1032859651 1292 459
1032859651 1293 460
1032859651 1294 460
1032859651 1295 460
1032859651 1296 461
1032859651 1296 461
1032859651 1297 461
1032859651 1298 461
1032859651 1298 461
1032859651 1299 461
1032859651 1300 462
1032859651 1300 462
1032859651 1301 462
1032859651 1302 462
1032859651 1303 463
1032859651 1304 463
1032859651 1305 463
1032859651 1305 463
1032859651 1305 463
1032859651 1306 463
1032859651 1306 463
1032859651 1307 464
1032859651 1308 464
1032859651 1309 464
1032859651 1310 464
1032859651 1311 465
1032859651 1312 465
1032859651 1313 465
1032859651 1313 465
1032859651 1314 465
1032859651 1315 466
1032859651 1316 466
1032859651 1317 466
1032859651 1317 466
1032859651 1318 467
1032859651 1319 467
1032859651 1320 467
1032859651 1321 468
1032859651 1322 468
1032859651 1322 468
1032859651 1323 468
1032859651 1324 469
1032859651 1325 469
1032859651 1326 469
1032859651 1327 470
1032859651 1328 470
1032859651 1329 470
1032859651 1330 471
1032859651 1331 471
1032859651 1332 471
1032859651 1333 471
1032859651 1334 472
1032859651 1335 472
1032859651 1335 472
1032859651 1336 472
1032859651 1337 472
1032859651 1338 473
1032859651 1338 473
1032859651 1339 473
1032859651 1340 473
1032859651 1341 474
1032859651 1342 474
1032859651 1343 474
1032859651 1343 474
1032859651 1344 475
1032859651 1345 476
1032859651 1345 476
1032859651 1346 476
1032859651 1346 476
1032859651 1347 476
1032859651 1348 477
1032859651 1349 477
1032859651 1350 477
1032859651 1351 477
1032859651 1352 478
1032859651 1353 478
1032859651 1354 478
1032859651 1354 478
1032859651 1355 479
1032859651 1356 479
1032859651 1357 479
1032859651 1358 479
1032859651 1359 480
1032859651 1360 480
1032859651 1361 481
1032859651 1362 481
1032859651 1363 482
1032859651 1364 482
1032859651 1365 483
1032859651 1366 483
1032859651 1367 483
1032859651 1368 484
1032859651 1368 484
1032859651 1369 484
1032859651 1369 484
1032859651 1369 484
1032859651 1370 484
1032859651 1371 484
1032859651 1372 485
1032859651 1373 485
1032859651 1374 485
1032859651 1375 486
1032859651 1376 486
1032859651 1377 487
1032859651 1377 487
1032859651 1378 487
1032859651 1379 487
1032859651 1380 488
1032859651 1381 488
1032859651 1382 488
1032859651 1383 489
1032859651 1384 489
1000569200 1385 489
1000569200 1386 490
1000569200 1387 490
1000569200 1388 490
1000569200 1389 490
1000569200 1390 491
1000569200 1391 491
1000569200 1392 491
1000569200 1393 492
1000569200 1394 492
1000569200 1395 492
1000569200 1396 492
1000569200 1396 492
1000569200 1397 493
1000569200 1398 493
1000569200 1399 494
1000569200 1400 494
1000569200 1401 494
1000569200 1402 495
1000569200 1403 495
1000569200 1404 495
1000569200 1405 496
1000569200 1406 496
1000569200 1407 497
1000569200 1408 497
1000569200 1409 497
1000569200 1410 498
1000569200 1410 498
1000569200 1411 499
1000569200 1412 499
1000569200 1413 499
1000569200 1414 500
1000569200 1415 500
1000569200 1416 500
1000569200 1417 501
1000569200 1417 501
1000569200 1418 501
1000569200 1419 501
1000569200 1420 502
1000569200 1421 502
1000569200 1422 502
1000569200 1423 503
1000569200 1424 503
1000569200 1425 503
1000569200 1425 503
1000569200 1426 503
1000569200 1427 504
1000569200 1428 505
1000569200 1429 505
1000569200 1430 505
1000569200 1431 506
1000569200 1431 506
1000569200 1432 506
1000569200 1433 506
1000569200 1434 507
1000569200 1434 507
1000569200 1435 507
1000569200 1436 507
1000569200 1437 507
1000569200 1438 508
1000569200 1439 508
1000569200 1440 509
1000569200 1441 509
1000569200 1442 509
1000569200 1443 509
1000569200 1444 510
1000569200 1445 510
1000569200 1446 511
1000569200 1447 511
1000569200 1448 512
1000569200 1449 512
1000569200 1449 512
1000569200 1450 513
1000569200 1451 513
1000569200 1452 514
1000569200 1453 514
1000569200 1453 514
1000569200 1453 514
1000569200 1454 514
1000569200 1455 514
1000569200 1456 514
1000569200 1457 515
1000569200 1458 515
1000569200 1459 516
1000569200 1460 516
1000569200 1461 517
1000569200 1462 518
1000569200 1463 519
1000569200 1464 519
1000569200 1465 519
1000569200 1466 520
1000569200 1467 520
1000569200 1468 520
1000569200 1469 520
1000569200 1470 521
1000569200 1471 521
1000569200 1472 521
1000569200 1473 522
1000569200 1473 522
1000569200 1474 522
1000569200 1475 522
1000569200 1475 522
1000569200 1476 523
1000569200 1477 523
1000569200 1478 524
1000569200 1479 525
1000569200 1479 525
1000569200 1480 525
1000569200 1481 526
1000569200 1482 526
1000569200 1482 526
1000569200 1483 526
1000569200 1484 526
1000569200 1485 527
1000569200 1486 527
1000569200 1487 527
1000569200 1488 528
1000569200 1488 528
1000569200 1489 528
1000569200 1490 528
1000569200 1491 528
1000569200 1491 528
1000569200 1492 529
1000569200 1493 529
1000569200 1494 529
1000569200 1495 530
1000569200 1496 530
1000569200 1497 530
1000569200 1498 530
1000569200 1499 531
1000569200 1500 531
1000569200 1501 531
1000569200 1502 532
1000569200 1503 532
1000569200 1504 532
1000569200 1505 532
1000569200 1506 533
1000569200 1507 533
1000569200 1507 533
1000569200 1508 534
1000569200 1509 534
1000569200 1510 534
1000569200 1511 535
1000569200 1512 535
1000569200 1513 535
1000569200 1514 536
1000569200 1515 536
1000569200 1516 536
1000569200 1517 537
1000569200 1518 537
1000569200 1518 537
1000569200 1519 538
1000569200 1520 538
1000569200 1521 538
1000569200 1522 539
1000569200 1523 539
1000569200 1524 539
1000569200 1525 539
1000569200 1526 540
1000569200 1527 540
1000569200 1528 540
1000569200 1529 541
1000569200 1530 541
1000569200 1531 541
1000569200 1531 541
1000569200 1532 541
1000569200 1533 541
1000569200 1534 542
1000569200 1535 542
1000569200 1536 543
1000569200 1537 543
1000569200 1538 543
1000569200 1539 544
1000569200 1539 544
1000569200 1540 544
1000569200 1540 544
1000569200 1541 544
1000569200 1542 545
1000569200 1542 545
1000569200 1543 545
1000569200 1544 545
1000569200 1545 546
1000569200 1546 546
1000569200 1547 546
1000569200 1548 547
1000569200 1548 547
1000569200 1549 547
1000569200 1550 547
1000569200 1551 548
1000569200 1552 548
1000569200 1552 548
1000569200 1553 548
1000569200 1554 549
1000569200 1555 549
1000569200 1556 550
1000569200 1557 550
1000569200 1558 551
1000569200 1559 551
1000569200 1560 552
1000569200 1561 552
1000569200 1562 552
1000569200 1563 553
1000569200 1564 553
1000569200 1565 553
1000569200 1566 553
1000569200 1567 554
1000569200 1568 554
1000569200 1569 554
1000569200 1570 554
1000569200 1571 555
1000569200 1572 555
1000569200 1573 556
1000569200 1574 556
1000569200 1575 557
1000569200 1576 557
1000569200 1577 557
1000569200 1578 557
1000569200 1579 558
1000569200 1580 558
1000569200 1581 558
1000569200 1582 559
1000569200 1583 559
1000569200 1584 560
1000569200 1585 560
1000569200 1586 560
1000569200 1587 561
1000569200 1587 561
1000569200 1588 561
1000569200 1589 561
1000569200 1590 563
1000569200 1591 563
1000569200 1591 563
1000569200 1592 563
1000569200 1593 563
1000569200 1594 564
1000569200 1594 564
1000569200 1594 564
1000569200 1595 564
1000569200 1596 564
1000569200 1597 565
1000569200 1598 565
1000569200 1598 565
1000569200 1599 565
1000569200 1600 566
1000569200 1601 566
1000569200 1602 567
1000569200 1603 567
1000569200 1604 568
1000569200 1605 568
1000569200 1606 568
1000569200 1607 569
1000569200 1608 569
1000569200 1609 570
1000569200 1609 570
1000569200 1610 570
1000569200 1611 571
1000569200 1612 571
1000569200 1612 571
1000569200 1613 571
1000569200 1614 571
1000569200 1615 572
1000569200 1615 572
1000569200 1616 572
1000569200 1617 572
1000569200 1618 573
1000569200 1618 573
1000569200 1619 573
1000569200 1620 573
1000569200 1621 573
1000569200 1622 574
1000569200 1623 574
1000569200 1624 575
1000569200 1625 575
1000569200 1626 575
1000569200 1627 576
1000569200 1628 576
1000569200 1628 576
1000569200 1629 577
1000569200 1630 577
1000569200 1630 577
1000569200 1631 577
1000569200 1632 577
1000569200 1633 578
1000569200 1634 578
1000569200 1635 578
1000569200 1636 579
1000569200 1636 579
1000569200 1637 579
1000569200 1637 579
1000569200 1637 579
1000569200 1638 579
1000569200 1639 580
1000569200 1640 581
1000569200 1641 581
1000569200 1641 581
1000569200 1642 581
1000569200 1643 582
1000569200 1644 582
1000569200 1645 582
1000569200 1646 582
1000569200 1647 583
1000569200 1648 583
1000569200 1649 583
1000569200 1650 584
1000569200 1651 584
1000569200 1652 584
1000569200 1653 584
1000569200 1654 585
1000569200 1655 585
1000569200 1656 585
1000569200 1656 585
1000569200 1657 586
1000569200 1658 586
1000569200 1658 586
1000569200 1659 587
1000569200 1660 587
1000569200 1661 588
1000569200 1662 588
1000569200 1663 588
1000569200 1663 588
1000569200 1664 588
1000569200 1665 589
1000569200 1666 589
1000569200 1667 589
1000569200 1668 589
1000569200 1668 590
1000569200 1669 590
1000569200 1670 590
1000569200 1671 591
1000569200 1672 591
1000569200 1673 591
1000569200 1673 591
1000569200 1674 592
1000569200 1675 592
1000569200 1676 592
1000569200 1677 593
1000569200 1677 593
1000569200 1678 593
1000569200 1678 593
1000569200 1679 593
1000569200 1680 594
1000569200 1681 594
1000569200 1682 594
1000569200 1683 595
1000569200 1683 595
1000569200 1684 595
1000569200 1685 595
1000569200 1686 596
1000569200 1687 596
1000569200 1688 596
1000569200 1689 596
1000569200 1690 597
1000569200 1690 598
1000569200 1691 598
1000569200 1692 598
1000569200 1693 598
1000569200 1694 599
1000569200 1695 599
1000569200 1696 600
1000569200 1697 600
1000569200 1698 601
