5172702704 1 3
2866187193 2 3
2622814914 3 4
1995742899 4 5
1995742899 4 5
1995742899 5 5
1995742899 5 5
1584040127 6 6
1584040127 7 6
1584040127 8 7
1584040127 9 7
1584040127 10 7
1422678894 11 7
1422678894 12 8
1422678894 13 8
1422678894 14 8
1422678894 15 9
1422678894 16 9
1422678894 17 9
1422678894 18 10
1422678894 19 10
1422678894 20 10
1422678894 21 11
1422678894 22 11
1422678894 22 11
1422678894 23 12
1422678894 24 12
1422678894 25 12
1422678894 25 12
1422678894 26 12
1422678894 27 13
1422678894 28 13
1422678894 29 13
1422678894 30 14
1223168035 31 14
1223168035 32 14
1223168035 33 14
1223168035 34 15
1223168035 34 15
1223168035 35 15
1223168035 36 15
1223168035 37 16
1223168035 38 17
1223168035 39 17
1223168035 40 17
1223168035 40 17
1223168035 41 18
1223168035 42 18
1223168035 43 18
1223168035 44 19
1223168035 45 19
1223168035 46 19
1223168035 46 19
1223168035 47 20
1223168035 48 20
1223168035 49 20
1223168035 50 21
1223168035 51 21
1223168035 52 21
1223168035 53 22
1223168035 54 22
1223168035 55 22
1223168035 56 23
1223168035 57 23
1223168035 58 23
1223168035 59 24
1223168035 60 24
1223168035 61 24
1223168035 62 24
1223168035 62 24
1223168035 63 25
1223168035 64 25
1223168035 65 26
1223168035 65 26
1223168035 66 26
1223168035 67 26
1223168035 68 27
1223168035 69 28
1223168035 69 28
1223168035 70 28
1223168035 71 28
1223168035 72 29
1223168035 73 29
1223168035 74 30
1223168035 75 30
1223168035 76 30
1223168035 76 30
1223168035 77 31
1223168035 78 31
1223168035 79 31
1223168035 80 31
1223168035 81 32
1223168035 81 32
1223168035 81 32
1223168035 82 32
1223168035 82 32
1223168035 82 32
1223168035 83 32
1223168035 84 33
1223168035 85 33
1223168035 85 33
1223168035 86 34
1223168035 87 34
1223168035 87 34
1223168035 87 34
1223168035 87 34
1223168035 88 34
1223168035 89 34
1223168035 90 35
1223168035 90 35
1223168035 91 35
1223168035 92 35
1223168035 93 36
1223168035 94 36
1223168035 95 36
1223168035 96 37
1223168035 97 37
1223168035 97 37
1223168035 98 37
1223168035 99 38
1223168035 99 38
1223168035 100 38
1223168035 101 39
1223168035 102 39
1223168035 103 39
1223168035 104 39
1223168035 105 40
1223168035 106 40
1223168035 107 40
1223168035 108 41
1223168035 108 41
1223168035 109 41
1223168035 110 41
1223168035 111 42
1223168035 112 42
1223168035 113 42
1223168035 114 42
1223168035 115 43
1223168035 116 43
1223168035 117 43
1223168035 118 44
1223168035 119 44
1223168035 120 44
1223168035 121 44
1223168035 122 45
1223168035 123 45
1223168035 124 45
1223168035 125 46
1223168035 126 46
1223168035 126 46
1223168035 127 46
1223168035 128 47
1223168035 129 47
1223168035 130 47
1223168035 131 48
1223168035 132 48
1223168035 133 48
1223168035 134 48
1223168035 135 49
1223168035 136 49
1223168035 137 49
1223168035 137 49
1223168035 138 50
1223168035 139 50
1223168035 140 51
1223168035 141 51
1223168035 142 51
1223168035 143 52
1223168035 144 52
1223168035 145 53
1223168035 146 53
1223168035 147 53
1223168035 148 54
1223168035 149 54
1223168035 150 55
1223168035 151 55
1223168035 152 55
1223168035 152 55
1223168035 153 56
1223168035 154 56
1223168035 155 56
1223168035 156 57
1223168035 156 57
1223168035 157 57
1223168035 157 57
1223168035 158 57
1223168035 159 57
1223168035 160 58
1223168035 161 58
1223168035 162 58
1223168035 163 59
1223168035 164 59
1223168035 165 59
1223168035 166 59
1223168035 167 60
1223168035 168 60
1223168035 169 60
1223168035 170 61
1223168035 171 61
1223168035 172 61
1223168035 173 62
1223168035 174 62
1223168035 175 62
1223168035 176 63
1223168035 176 63
1223168035 177 63
1223168035 178 63
1223168035 178 63
1223168035 179 64
1223168035 180 64
1223168035 181 65
1223168035 182 65
1223168035 183 65
1223168035 184 65
1223168035 185 66
1223168035 186 66
1223168035 187 66
1223168035 188 67
1223168035 189 67
1223168035 190 67
1223168035 191 68
1223168035 192 68
1223168035 193 69
1223168035 194 70
1223168035 195 70
1223168035 196 70
1223168035 197 70
1223168035 198 71
1223168035 199 72
1223168035 200 72
1223168035 201 72
1223168035 202 72
1223168035 203 73
1223168035 203 73
1223168035 204 73
1223168035 205 73
1223168035 205 73
1223168035 206 74
1223168035 207 74
1223168035 208 75
1223168035 209 75
1223168035 210 75
1223168035 211 76
1223168035 212 76
1223168035 213 76
1223168035 214 77
1223168035 215 78
1223168035 215 78
1223168035 216 79
1223168035 216 79
1223168035 217 79
1223168035 218 79
1223168035 219 79
1223168035 220 80
1223168035 221 80
1223168035 222 80
1223168035 223 81
1223168035 224 81
1223168035 225 81
1223168035 226 82
1223168035 227 82
1223168035 227 82
1223168035 228 82
1223168035 229 82
1223168035 229 82
1223168035 230 83
1223168035 231 83
1223168035 232 83
1223168035 233 83
1223168035 234 84
1223168035 235 84
1223168035 236 84
1223168035 237 85
1223168035 238 85
1223168035 239 85
1223168035 240 85
1223168035 241 86
1223168035 242 86
1223168035 243 86
1223168035 244 87
1223168035 245 87
1223168035 246 87
1223168035 247 88
1223168035 248 88
1223168035 249 88
1223168035 250 89
1223168035 250 89
1223168035 251 89
1223168035 252 89
1223168035 253 90
1223168035 254 90
1223168035 255 90
1223168035 256 91
1223168035 257 91
1223168035 258 91
1223168035 258 91
1223168035 259 91
1223168035 260 92
1223168035 261 92
1223168035 261 92
1223168035 262 92
1223168035 263 93
1223168035 264 93
1223168035 265 93
1223168035 266 94
1223168035 267 94
1223168035 268 95
1223168035 269 95
1223168035 270 96
1223168035 271 96
1223168035 272 96
1223168035 273 96
1223168035 274 97
1158472567 275 97
1158472567 276 97
1158472567 277 98
1158472567 278 98
1158472567 279 98
1158472567 280 99
1158472567 281 99
1158472567 282 99
1158472567 283 100
1158472567 284 100
1158472567 285 100
1158472567 286 101
1158472567 287 102
1158472567 288 102
1158472567 289 102
1158472567 289 102
1158472567 290 103
1158472567 291 103
1158472567 292 103
1158472567 292 103
1158472567 293 104
1158472567 294 104
1158472567 294 104
1158472567 295 104
1158472567 296 105
1158472567 297 105
1158472567 298 105
1158472567 299 106
1158472567 300 106
1158472567 301 106
1158472567 302 106
1158472567 303 107
1158472567 304 107
1158472567 305 107
1158472567 306 107
1158472567 307 108
1158472567 307 108
1158472567 308 108
1158472567 308 108
1158472567 309 108
1158472567 310 109
1158472567 311 109
1158472567 312 109
1158472567 312 109
1158472567 313 110
1158472567 314 111
1158472567 315 111
1158472567 316 112
1158472567 317 112
1158472567 318 112
1158472567 319 112
1158472567 320 113
1158472567 321 113
1158472567 322 113
1158472567 322 113
1158472567 323 114
1158472567 324 115
1158472567 325 115
1158472567 326 115
1158472567 327 116
1158472567 328 116
1158472567 329 116
1158472567 330 117
1158472567 330 117
1158472567 331 117
1158472567 332 117
1158472567 332 117
1158472567 333 118
1158472567 334 118
1158472567 335 118
1158472567 336 119
1158472567 337 119
1158472567 338 119
1158472567 339 120
1158472567 340 120
1158472567 341 120
1158472567 342 120
1158472567 342 120
1158472567 342 120
1158472567 342 120
1158472567 343 121
1158472567 344 121
1158472567 345 121
1158472567 346 122
1158472567 347 122
1158472567 348 122
1158472567 348 122
1158472567 349 123
1158472567 350 123
1158472567 351 123
1158472567 352 124
1158472567 353 124
1158472567 354 124
1158472567 355 125
1158472567 356 125
1158472567 357 125
1158472567 358 125
1158472567 359 125
1158472567 360 126
1158472567 361 126
1158472567 362 127
1158472567 362 127
1158472567 363 127
1158472567 364 128
1158472567 364 128
1158472567 365 128
1158472567 366 128
1158472567 367 129
1158472567 368 129
1158472567 369 130
1158472567 370 130
1158472567 371 131
1158472567 372 131
1158472567 373 131
1158472567 374 131
1158472567 375 132
1158472567 376 132
1158472567 377 132
1158472567 378 132
1158472567 378 132
1158472567 378 132
1158472567 379 133
1158472567 380 133
1158472567 380 133
1158472567 381 133
1158472567 381 133
1158472567 382 134
1158472567 383 134
1158472567 384 134
1158472567 384 134
1158472567 385 135
1158472567 386 135
1158472567 387 135
1158472567 388 135
1158472567 389 136
1158472567 389 136
1158472567 390 136
1158472567 391 137
1158472567 392 137
1158472567 393 137
1158472567 394 138
1158472567 395 138
1158472567 396 138
1158472567 397 139
1158472567 398 140
1158472567 399 140
1158472567 400 141
1158472567 401 142
1158472567 402 142
1158472567 403 142
1158472567 404 143
1158472567 405 143
1158472567 406 143
1158472567 407 143
1158472567 408 144
1158472567 409 145
1158472567 410 146
1158472567 411 146
1158472567 412 146
1158472567 413 146
1158472567 414 147
1158472567 415 147
1158472567 416 147
1158472567 417 148
1158472567 418 149
1158472567 418 149
1158472567 419 149
1158472567 420 149
1158472567 421 150
1158472567 422 150
1158472567 423 150
1158472567 424 150
1158472567 425 151
1158472567 426 151
1158472567 427 151
1158472567 428 152
1158472567 429 152
1158472567 430 152
1158472567 431 153
1158472567 432 153
1158472567 433 153
1158472567 434 154
1158472567 435 154
1158472567 436 154
1158472567 437 155
1158472567 438 155
1158472567 439 155
1158472567 440 155
1158472567 441 156
1158472567 442 156
1158472567 443 156
1158472567 444 156
1158472567 445 157
1158472567 446 157
1158472567 447 157
1158472567 448 157
1158472567 449 158
1158472567 450 159
1158472567 451 159
1158472567 452 159
1158472567 452 159
1158472567 453 160
1105336442 454 161
1105336442 455 161
1105336442 456 161
1105336442 457 161
1105336442 458 162
1105336442 459 163
1105336442 460 163
1105336442 461 163
1105336442 462 163
1105336442 463 164
1105336442 464 164
1105336442 465 164
1105336442 465 164
1105336442 466 165
1105336442 467 165
1105336442 468 165
1105336442 469 165
1105336442 470 166
1105336442 471 166
1105336442 472 167
1105336442 473 167
1105336442 473 167
1105336442 474 167
1105336442 475 168
1105336442 476 168
1105336442 477 168
1105336442 478 169
1105336442 479 169
1105336442 480 169
1105336442 481 170
1105336442 482 170
1105336442 483 170
1105336442 484 170
1105336442 485 171
1105336442 486 171
1105336442 486 171
1105336442 487 172
1105336442 488 172
1105336442 489 172
1105336442 490 173
1105336442 491 173
1105336442 492 173
1105336442 492 173
1105336442 493 173
1105336442 493 173
1105336442 493 173
1105336442 494 174
1105336442 495 174
1105336442 495 174
1105336442 496 174
1105336442 497 175
1105336442 498 175
1105336442 499 176
1105336442 500 176
1105336442 501 177
1105336442 502 177
1105336442 503 177
1105336442 503 177
1105336442 504 178
1105336442 505 178
1105336442 505 178
1105336442 506 178
1105336442 507 178
1105336442 508 179
1105336442 509 179
1105336442 510 179
1105336442 511 180
1105336442 512 180
1105336442 513 181
1105336442 514 181
1105336442 515 182
1105336442 515 182
1105336442 516 182
1105336442 517 182
1105336442 518 182
1105336442 519 183
1105336442 519 183
1105336442 520 183
1105336442 521 183
1105336442 522 183
1105336442 523 184
1105336442 524 184
1105336442 525 184
1105336442 525 184
1105336442 525 184
1105336442 526 185
1105336442 527 185
1105336442 528 185
1105336442 529 186
1105336442 530 186
1105336442 531 186
1105336442 532 186
1105336442 533 187
1105336442 534 187
1105336442 535 187
1105336442 536 188
1105336442 537 188
1105336442 538 188
1105336442 539 189
1105336442 540 189
1105336442 541 189
1105336442 542 189
1105336442 543 190
1105336442 544 190
1105336442 545 190
1105336442 546 190
1105336442 547 191
1105336442 548 191
1105336442 549 191
1105336442 550 192
1105336442 551 192
1105336442 552 192
1105336442 553 193
1105336442 554 193
1105336442 555 193
1105336442 556 194
1105336442 557 194
1105336442 558 194
1105336442 559 195
1105336442 560 196
1105336442 561 196
1105336442 561 196
1105336442 562 196
1105336442 562 196
966823160 563 196
966823160 564 196
966823160 565 197
966823160 565 197
966823160 566 197
966823160 567 197
966823160 567 197
966823160 568 198
966823160 569 198
966823160 570 198
966823160 571 198
966823160 572 199
966823160 573 199
966823160 573 199
966823160 573 199
966823160 574 200
966823160 575 200
966823160 576 200
966823160 577 200
966823160 578 201
966823160 579 201
966823160 580 201
966823160 581 201
966823160 582 202
966823160 583 202
966823160 584 202
966823160 585 203
966823160 586 203
966823160 586 203
966823160 586 203
966823160 587 203
966823160 588 204
966823160 589 204
966823160 590 204
966823160 591 205
966823160 592 206
966823160 593 206
966823160 593 206
966823160 594 206
966823160 595 206
966823160 596 207
966823160 597 207
966823160 598 207
966823160 599 208
966823160 600 208
966823160 601 208
966823160 602 208
966823160 603 209
966823160 604 209
966823160 605 209
966823160 606 210
966823160 607 211
966823160 608 212
966823160 609 212
966823160 609 212
966823160 610 213
966823160 611 213
966823160 612 213
966823160 613 213
966823160 614 214
966823160 614 214
966823160 615 214
966823160 616 214
966823160 617 215
966823160 618 215
966823160 619 216
966823160 620 217
966823160 621 217
966823160 622 217
966823160 623 218
966823160 624 218
966823160 624 218
966823160 625 218
966823160 626 219
966823160 627 219
966823160 628 220
966823160 629 221
966823160 630 221
966823160 631 222
966823160 632 222
966823160 633 222
966823160 634 223
966823160 635 223
966823160 636 223
966823160 637 224
966823160 637 224
966823160 638 224
966823160 639 224
966823160 640 224
966823160 641 225
966823160 642 225
966823160 643 225
966823160 644 226
966823160 645 226
966823160 646 226
966823160 647 227
966823160 647 227
966823160 648 227
966823160 649 227
966823160 649 227
966823160 650 227
966823160 651 228
966823160 652 228
966823160 653 228
966823160 654 229
966823160 655 230
966823160 656 230
966823160 657 230
966823160 658 231
966823160 659 231
966823160 659 231
966823160 660 231
966823160 660 231
966823160 661 232
966823160 661 232
966823160 662 232
966823160 663 232
966823160 664 232
966823160 665 233
966823160 666 233
966823160 667 233
966823160 668 234
966823160 669 234
966823160 670 235
966823160 671 236
966823160 671 236
966823160 672 236
966823160 673 237
966823160 674 237
966823160 675 238
966823160 676 239
966823160 677 239
966823160 678 239
966823160 679 240
966823160 680 240
966823160 681 240
966823160 682 241
966823160 683 241
966823160 683 241
966823160 683 241
966823160 683 241
966823160 683 241
966823160 684 241
966823160 685 242
966823160 686 242
966823160 687 242
966823160 688 243
966823160 689 243
966823160 690 243
966823160 691 244
966823160 692 244
966823160 692 244
966823160 693 245
966823160 694 246
966823160 695 246
966823160 695 246
966823160 696 246
966823160 697 247
966823160 698 247
966823160 699 247
966823160 699 247
966823160 699 247
966823160 700 248
966823160 701 248
966823160 702 248
966823160 703 249
966823160 704 249
966823160 705 249
966823160 706 250
966823160 707 250
966823160 708 251
966823160 708 251
966823160 709 251
966823160 709 251
966823160 710 251
966823160 711 252
966823160 712 253
966823160 712 253
966823160 713 253
966823160 714 253
966823160 715 254
966823160 716 254
966823160 717 254
966823160 717 254
966823160 718 255
966823160 719 255
966823160 720 256
966823160 720 256
966823160 721 257
966823160 722 257
966823160 723 257
966823160 724 258
966823160 725 258
966823160 726 258
966823160 727 258
966823160 728 259
966823160 728 259
966823160 729 259
966823160 730 259
966823160 731 260
966823160 732 260
966823160 733 260
966823160 734 260
966823160 735 261
966823160 736 261
966823160 737 261
966823160 738 262
966823160 739 262
966823160 740 262
966823160 741 262
966823160 742 263
966823160 743 263
966823160 744 263
966823160 745 264
966823160 746 264
966823160 747 264
966823160 748 265
966823160 748 265
966823160 749 265
966823160 750 265
966823160 751 266
966823160 752 266
966823160 753 266
966823160 754 266
966823160 755 266
966823160 756 267
966823160 757 267
966823160 758 267
966823160 758 267
966823160 759 268
966823160 759 268
966823160 760 268
966823160 761 269
966823160 761 269
966823160 761 269
966823160 762 269
966823160 762 269
966823160 763 270
966823160 764 270
966823160 765 270
966823160 766 271
966823160 767 271
966823160 768 271
966823160 769 272
966823160 769 272
966823160 770 272
966823160 771 272
966823160 772 273
966823160 773 273
966823160 774 273
966823160 775 274
966823160 776 274
966823160 776 274
966823160 777 274
966823160 778 274
966823160 779 275
966823160 780 275
966823160 781 275
966823160 782 276
966823160 783 276
966823160 784 276
966823160 785 277
966823160 786 277
966823160 787 278
966823160 788 278
966823160 789 278
966823160 790 278
966823160 791 279
966823160 792 279
966823160 793 279
966823160 794 280
966823160 795 280
966823160 796 280
966823160 797 280
966823160 798 281
966823160 799 282
966823160 799 282
966823160 800 282
966823160 801 282
966823160 802 283
966823160 803 283
966823160 804 283
966823160 805 284
966823160 806 284
966823160 807 285
966823160 808 285
966823160 809 285
966823160 810 286
966823160 811 286
966823160 811 286
966823160 812 286
966823160 813 286
966823160 814 287
966823160 815 287
966823160 816 287
966823160 817 288
966823160 817 288
966823160 818 288
966823160 819 288
966823160 820 288
966823160 821 289
966823160 822 289
966823160 823 289
966823160 824 289
966823160 825 290
966823160 825 290
966823160 826 290
966823160 827 290
966823160 827 290
966823160 828 291
966823160 829 292
966823160 830 292
966823160 830 292
966823160 830 292
966823160 831 292
966823160 832 292
966823160 833 293
966823160 834 293
966823160 834 293
966823160 835 293
966823160 836 293
966823160 837 294
966823160 838 294
966823160 839 294
966823160 840 295
966823160 841 296
966823160 841 296
966823160 842 296
966823160 843 297
966823160 844 297
966823160 845 297
966823160 846 297
966823160 847 297
966823160 847 297
966823160 848 298
966823160 848 298
966823160 849 299
966823160 850 299
966823160 851 299
966823160 852 300
966823160 852 300
966823160 853 300
966823160 854 300
966823160 855 300
966823160 856 301
966823160 857 301
966823160 857 301
966823160 858 301
966823160 858 301
966823160 859 301
966823160 860 302
966823160 861 302
966823160 862 302
966823160 863 303
966823160 864 303
966823160 865 303
966823160 866 304
966823160 867 304
966823160 867 304
966823160 868 304
966823160 869 305
966823160 870 305
966823160 871 305
966823160 872 305
966823160 873 306
966823160 874 306
966823160 875 306
966823160 876 306
966823160 877 307
966823160 878 307
966823160 879 307
966823160 880 308
966823160 881 308
966823160 881 308
966823160 882 308
966823160 883 309
966823160 884 309
966823160 885 309
966823160 886 310
966823160 887 310
966823160 888 310
966823160 888 310
966823160 889 310
966823160 890 311
966823160 891 311
966823160 892 311
966823160 893 312
966823160 894 312
966823160 895 312
966823160 896 312
966823160 897 313
966823160 898 313
966823160 898 313
966823160 898 313
966823160 899 314
966823160 900 314
966823160 901 314
966823160 902 314
966823160 903 315
966823160 904 315
966823160 904 315
966823160 905 316
966823160 906 316
966823160 906 316
966823160 907 317
966823160 908 317
966823160 909 317
966823160 909 317
966823160 910 318
966823160 911 319
966823160 912 319
966823160 913 319
966823160 914 319
966823160 915 320
966823160 916 320
966823160 917 320
966823160 918 321
966823160 919 321
966823160 920 321
966823160 921 321
966823160 922 322
966823160 923 322
966823160 924 322
966823160 925 323
966823160 926 323
966823160 927 323
966823160 928 324
966823160 929 325
966823160 929 325
966823160 930 325
966823160 930 325
966823160 931 325
966823160 932 326
966823160 933 326
966823160 934 326
966823160 935 326
966823160 936 327
966823160 937 327
966823160 938 328
966823160 939 328
966823160 940 328
966823160 941 329
966823160 942 329
966823160 943 329
966823160 944 330
966823160 945 330
966823160 945 330
966823160 946 330
966823160 947 330
966823160 948 331
966823160 949 331
966823160 949 331
966823160 950 332
966823160 951 332
966823160 951 332
966823160 952 332
966823160 953 332
966823160 954 333
966823160 955 333
966823160 956 333
966823160 957 333
966823160 958 334
966823160 959 334
966823160 960 335
966823160 961 335
966823160 962 335
966823160 963 336
966823160 964 336
966823160 965 337
966823160 965 337
966823160 966 337
966823160 967 338
966823160 968 338
966823160 969 338
966823160 969 338
966823160 970 339
966823160 971 339
966823160 972 339
966823160 973 339
966823160 974 340
966823160 975 340
966823160 976 341
966823160 977 341
966823160 977 341
966823160 978 341
966823160 979 342
966823160 980 342
966823160 981 342
966823160 982 343
966823160 983 343
966823160 984 344
966823160 985 344
966823160 985 344
966823160 986 345
966823160 987 345
966823160 988 345
966823160 989 346
966823160 990 346
966823160 991 346
966823160 992 347
966823160 993 347
966823160 994 347
966823160 995 348
966823160 996 348
966823160 997 348
966823160 998 348
966823160 999 349
966823160 1000 349
966823160 1001 349
966823160 1001 349
966823160 1002 349
966823160 1003 350
966823160 1004 350
966823160 1004 350
966823160 1005 350
966823160 1006 350
966823160 1007 351
966823160 1007 351
966823160 1008 351
966823160 1009 351
966823160 1010 352
966823160 1011 352
966823160 1012 352
966823160 1013 353
966823160 1014 353
966823160 1014 353
966823160 1015 353
966823160 1016 354
966823160 1017 354
966823160 1018 354
966823160 1019 355
966823160 1020 355
966823160 1021 355
966823160 1022 356
966823160 1022 356
966823160 1023 356
966823160 1024 356
966823160 1024 356
966823160 1025 357
966823160 1026 357
966823160 1026 357
966823160 1027 357
966823160 1028 358
966823160 1029 359
966823160 1030 359
966823160 1031 359
966823160 1032 359
966823160 1033 360
966823160 1034 360
966823160 1035 360
966823160 1035 360
966823160 1036 360
966823160 1036 360
966823160 1037 361
966823160 1037 361
966823160 1038 361
966823160 1039 361
966823160 1040 362
966823160 1041 362
966823160 1041 362
966823160 1042 362
966823160 1043 362
966823160 1044 363
966823160 1045 364
966823160 1046 364
966823160 1047 364
966823160 1047 364
966823160 1048 365
966823160 1049 365
966823160 1049 365
966823160 1050 365
966823160 1051 366
966823160 1052 366
966823160 1053 366
966823160 1054 366
966823160 1055 367
966823160 1056 367
966823160 1057 368
966823160 1058 369
966823160 1059 369
966823160 1060 369
966823160 1061 370
966823160 1061 370
966823160 1062 370
966823160 1063 371
966823160 1064 372
966823160 1065 372
966823160 1066 372
966823160 1067 372
966823160 1068 373
966823160 1069 373
966823160 1070 374
966823160 1070 374
966823160 1071 375
966823160 1072 375
966823160 1073 375
966823160 1073 375
966823160 1074 376
966823160 1075 376
966823160 1076 376
966823160 1076 376
966823160 1076 376
966823160 1077 376
966823160 1078 377
966823160 1079 377
966823160 1079 377
966823160 1079 377
966823160 1080 378
966823160 1081 378
966823160 1082 379
966823160 1083 379
966823160 1084 379
966823160 1085 380
966823160 1086 380
966823160 1087 380
966823160 1088 381
966823160 1088 381
966823160 1089 381
966823160 1089 381
966823160 1090 381
966823160 1090 381
966823160 1091 382
966823160 1092 382
966823160 1093 382
966823160 1094 383
966823160 1095 383
966823160 1096 383
966823160 1097 383
966823160 1098 384
966823160 1099 384
966823160 1100 384
966823160 1101 385
966823160 1102 385
966823160 1103 385
966823160 1104 386
966823160 1105 386
966823160 1106 387
966823160 1107 387
966823160 1108 387
966823160 1109 387
966823160 1110 388
966823160 1111 388
966823160 1112 388
966823160 1113 389
966823160 1114 389
966823160 1115 390
966823160 1116 390
966823160 1117 391
966823160 1118 391
966823160 1119 392
966823160 1120 392
966823160 1121 392
966823160 1122 393
966823160 1123 393
966823160 1124 393
966823160 1124 393
966823160 1125 393
966823160 1126 394
966823160 1127 394
966823160 1128 394
966823160 1129 394
966823160 1130 395
966823160 1131 395
966823160 1132 395
966823160 1133 396
966823160 1134 396
966823160 1135 397
966823160 1135 397
966823160 1136 397
966823160 1137 397
966823160 1137 397
966823160 1138 397
966823160 1139 398
966823160 1139 398
966823160 1140 398
966823160 1141 398
966823160 1142 398
966823160 1143 399
966823160 1144 399
966823160 1145 399
966823160 1146 400
966823160 1146 400
966823160 1147 400
966823160 1147 400
966823160 1148 400
966823160 1149 401
966823160 1150 401
966823160 1151 402
966823160 1152 402
966823160 1153 402
966823160 1153 402
966823160 1153 402
966823160 1153 402
966823160 1154 403
966823160 1155 403
966823160 1156 403
966823160 1157 404
966823160 1158 404
966823160 1159 404
966823160 1160 405
966823160 1160 405
966823160 1161 405
966823160 1162 405
966823160 1163 406
966823160 1164 406
966823160 1165 406
966823160 1165 406
966823160 1166 407
966823160 1167 407
966823160 1168 407
966823160 1169 407
966823160 1170 408
966823160 1171 408
966823160 1172 408
966823160 1173 409
966823160 1174 409
966823160 1175 409
966823160 1176 410
966823160 1177 410
966823160 1178 410
966823160 1179 411
966823160 1180 411
966823160 1181 411
966823160 1182 412
966823160 1183 412
966823160 1184 413
966823160 1185 413
966823160 1186 414
966823160 1186 414
966823160 1187 414
966823160 1188 415
966823160 1189 416
966823160 1190 416
966823160 1191 416
966823160 1191 416
966823160 1192 416
966823160 1193 417
966823160 1194 417
966823160 1195 417
966823160 1196 418
966823160 1197 418
966823160 1198 418
966823160 1199 419
966823160 1200 419
966823160 1201 419
966823160 1202 420
966823160 1202 420
966823160 1202 420
966823160 1203 420
966823160 1204 420
966823160 1205 421
966823160 1206 421
966823160 1206 421
966823160 1207 422
966823160 1208 423
966823160 1209 423
966823160 1209 423
966823160 1210 423
966823160 1211 424
966823160 1212 424
966823160 1213 424
966823160 1214 424
966823160 1215 425
966823160 1216 425
966823160 1217 425
966823160 1218 425
966823160 1219 426
966823160 1219 426
966823160 1220 426
966823160 1221 426
966823160 1222 427
966823160 1223 427
966823160 1224 427
966823160 1225 428
966823160 1226 428
966823160 1227 428
966823160 1227 428
966823160 1228 429
966823160 1229 429
966823160 1230 429
966823160 1231 430
966823160 1231 430
966823160 1232 430
966823160 1233 430
966823160 1234 431
966823160 1235 431
966823160 1236 432
966823160 1237 432
966823160 1238 432
966823160 1238 432
966823160 1239 433
966823160 1240 434
966823160 1241 435
966823160 1242 435
966823160 1243 436
966823160 1244 437
966823160 1245 437
966823160 1245 437
966823160 1246 437
966823160 1247 438
966823160 1248 438
966823160 1248 438
966823160 1249 438
966823160 1250 439
966823160 1250 439
966823160 1251 439
966823160 1252 439
966823160 1253 439
966823160 1254 440
966823160 1255 440
966823160 1256 440
966823160 1257 441
966823160 1258 441
966823160 1259 441
966823160 1260 442
966823160 1261 442
966823160 1261 442
966823160 1262 442
966823160 1263 443
966823160 1264 443
966823160 1265 443
966823160 1265 443
966823160 1266 444
966823160 1266 444
966823160 1267 444
966823160 1268 444
966823160 1268 445
966823160 1268 445
966823160 1269 445
966823160 1270 445
966823160 1271 446
966823160 1272 446
966823160 1273 446
966823160 1273 446
966823160 1274 447
966823160 1275 447
966823160 1276 447
966823160 1277 448
966823160 1278 448
966823160 1279 448
966823160 1279 448
966823160 1280 449
966823160 1281 449
966823160 1282 449
966823160 1283 450
966823160 1284 450
966823160 1285 451
966823160 1286 451
966823160 1287 451
966823160 1288 451
966823160 1289 452
966823160 1289 452
966823160 1289 452
966823160 1290 453
966823160 1291 453
966823160 1292 453
966823160 1293 454
966823160 1294 454
966823160 1295 454
966823160 1295 454
966823160 1296 454
966823160 1297 455
966823160 1298 456
966823160 1299 456
966823160 1300 456
966823160 1301 457
966823160 1302 457
966823160 1303 458
966823160 1304 458
966823160 1305 458
966823160 1306 459
966823160 1307 459
966823160 1308 459
966823160 1309 460
966823160 1309 460
966823160 1310 460
966823160 1311 460
966823160 1312 460
966823160 1313 461
966823160 1314 461
966823160 1315 461
966823160 1315 461
966823160 1316 461
966823160 1317 462
966823160 1317 462
966823160 1317 462
966823160 1318 462
966823160 1319 462
966823160 1320 463
966823160 1321 463
966823160 1322 463
966823160 1323 463
966823160 1324 464
966823160 1325 465
966823160 1326 465
966823160 1327 466
966823160 1328 466
966823160 1328 466
966823160 1329 466
966823160 1329 467
966823160 1330 467
966823160 1331 467
966823160 1332 467
966823160 1333 468
966823160 1334 468
966823160 1334 468
966823160 1334 468
966823160 1335 468
966823160 1336 468
966823160 1337 469
966823160 1338 469
966823160 1339 469
966823160 1339 469
966823160 1340 470
966823160 1340 470
966823160 1341 470
966823160 1342 470
966823160 1343 471
966823160 1344 471
966823160 1345 472
966823160 1345 472
966823160 1345 472
966823160 1346 472
966823160 1347 472
966823160 1348 473
966823160 1349 473
966823160 1350 473
966823160 1350 473
966823160 1351 473
966823160 1352 474
966823160 1353 474
966823160 1354 474
966823160 1355 475
966823160 1356 475
966823160 1357 475
966823160 1358 476
966823160 1359 476
966823160 1360 476
966823160 1361 477
966823160 1362 477
966823160 1363 478
966823160 1364 478
966823160 1364 478
966823160 1365 478
966823160 1366 478
966823160 1367 479
966823160 1368 479
966823160 1369 479
966823160 1370 480
966823160 1371 480
966823160 1372 480
966823160 1373 480
966823160 1374 481
966823160 1375 481
966823160 1376 481
966823160 1377 482
966823160 1377 482
966823160 1377 482
966823160 1378 483
966823160 1379 483
966823160 1380 484
966823160 1381 484
966823160 1382 485
966823160 1383 485
966823160 1384 485
966823160 1385 486
966823160 1386 487
966823160 1387 487
966823160 1388 487
966823160 1389 488
966823160 1389 488
966823160 1390 488
966823160 1391 488
966823160 1391 488
966823160 1392 489
966823160 1393 489
966823160 1394 489
966823160 1395 489
966823160 1396 490
966823160 1397 490
966823160 1397 490
966823160 1398 491
966823160 1399 491
966823160 1400 492
966823160 1401 492
966823160 1402 492
966823160 1403 492
966823160 1404 493
966823160 1405 493
966823160 1406 493
966823160 1407 494
966823160 1408 494
966823160 1408 494
966823160 1409 494
966823160 1409 494
966823160 1410 494
966823160 1411 495
966823160 1412 495
966823160 1413 496
966823160 1414 496
966823160 1415 496
966823160 1416 496
966823160 1417 497
966823160 1418 497
966823160 1418 497
966823160 1419 497
966823160 1420 497
966823160 1421 498
966823160 1422 498
966823160 1422 498
966823160 1423 498
966823160 1424 499
966823160 1425 499
966823160 1425 499
966823160 1426 499
966823160 1427 499
966823160 1427 499
966823160 1428 500
966823160 1429 501
966823160 1430 501
966823160 1431 501
966823160 1431 501
966823160 1432 501
966823160 1433 503
966823160 1434 503
966823160 1434 503
966823160 1435 503
966823160 1436 503
966823160 1437 504
966823160 1437 504
966823160 1438 504
966823160 1439 504
966823160 1440 504
966823160 1440 504
966823160 1441 505
966823160 1442 505
966823160 1443 505
966823160 1444 506
966823160 1445 507
966823160 1446 507
966823160 1447 507
966823160 1448 508
966823160 1449 508
966823160 1450 508
966823160 1451 508
966823160 1452 509
966823160 1453 509
966823160 1454 509
966823160 1454 509
966823160 1455 510
966823160 1456 510
966823160 1457 510
966823160 1458 510
966823160 1459 511
966823160 1459 511
966823160 1460 512
966823160 1461 512
966823160 1462 512
966823160 1463 513
966823160 1464 513
966823160 1465 513
966823160 1466 513
966823160 1467 514
966823160 1468 514
966823160 1468 514
966823160 1469 514
966823160 1470 515
966823160 1471 515
966823160 1472 515
966823160 1473 515
966823160 1474 516
966823160 1474 516
966823160 1475 517
966823160 1476 517
966823160 1477 517
966823160 1478 518
966823160 1479 518
966823160 1480 518
966823160 1481 518
966823160 1482 519
966823160 1483 519
966823160 1484 519
966823160 1485 519
966823160 1486 520
966823160 1487 520
966823160 1488 521
966823160 1489 521
966823160 1489 521
966823160 1490 521
966823160 1490 521
966823160 1491 522
966823160 1492 523
966823160 1493 523
966823160 1494 523
966823160 1495 524
966823160 1496 524
966823160 1497 524
966823160 1498 525
966823160 1499 525
966823160 1500 525
966823160 1501 525
966823160 1502 526
966823160 1503 526
966823160 1504 526
966823160 1505 526
966823160 1505 526
966823160 1506 527
966823160 1507 527
966823160 1507 527
966823160 1507 527
966823160 1508 528
966823160 1509 528
966823160 1510 528
966823160 1511 529
966823160 1512 529
966823160 1513 529
966823160 1514 529
966823160 1515 531
966823160 1516 531
966823160 1517 531
966823160 1518 531
966823160 1519 531
966823160 1520 532
966823160 1521 532
966823160 1521 532
966823160 1522 532
966823160 1523 532
966823160 1524 533
966823160 1525 534
966823160 1525 534
966823160 1526 534
966823160 1527 534
966823160 1528 535
966823160 1529 535
966823160 1530 535
966823160 1531 536
966823160 1532 536
966823160 1532 536
966823160 1532 536
966823160 1533 536
966823160 1534 537
966823160 1535 537
966823160 1536 537
966823160 1537 538
966823160 1538 538
966823160 1539 538
966823160 1540 538
966823160 1541 539
966823160 1542 539
966823160 1543 539
966823160 1544 540
966823160 1545 540
966823160 1546 540
966823160 1547 541
966823160 1548 541
966823160 1549 541
966823160 1550 542
966823160 1551 542
966823160 1551 542
966823160 1552 542
966823160 1553 543
966823160 1554 543
966823160 1555 544
966823160 1556 544
966823160 1556 544
966823160 1557 544
966823160 1558 544
966823160 1559 545
966823160 1560 545
966823160 1561 545
966823160 1562 546
966823160 1563 546
966823160 1564 546
966823160 1565 546
966823160 1566 547
966823160 1566 547
966823160 1567 547
966823160 1568 547
966823160 1569 548
966823160 1570 548
966823160 1570 548
966823160 1571 548
966823160 1572 548
966823160 1573 549
966823160 1574 549
966823160 1575 549
966823160 1575 549
966823160 1576 550
966823160 1577 550
966823160 1578 550
966823160 1579 551
966823160 1580 551
966823160 1581 551
966823160 1582 551
966823160 1583 552
966823160 1584 552
966823160 1585 552
966823160 1586 553
966823160 1587 553
966823160 1587 553
966823160 1588 553
966823160 1589 554
966823160 1590 554
966823160 1590 555
966823160 1590 555
966823160 1591 555
966823160 1592 555
966823160 1593 555
966823160 1594 556
966823160 1595 556
966823160 1596 556
966823160 1597 557
966823160 1598 557
966823160 1599 557
966823160 1600 558
966823160 1600 558
966823160 1601 558
966823160 1602 558
966823160 1603 558
966823160 1604 559
966823160 1605 559
966823160 1606 559
966823160 1607 559
966823160 1608 560
966823160 1609 560
966823160 1610 560
966823160 1611 561
966823160 1611 561
966823160 1612 561
966823160 1613 561
966823160 1614 562
966823160 1615 562
966823160 1616 562
966823160 1616 562
966823160 1617 563
966823160 1618 563
966823160 1619 563
966823160 1620 564
966823160 1621 564
966823160 1622 565
966823160 1623 565
966823160 1624 565
966823160 1624 565
966823160 1625 566
966823160 1626 566
966823160 1627 566
966823160 1628 567
966823160 1629 567
966823160 1630 568
966823160 1631 568
966823160 1631 568
966823160 1632 569
966823160 1633 569
966823160 1634 569
966823160 1634 569
966823160 1635 570
966823160 1636 570
966823160 1637 571
966823160 1638 571
966823160 1639 571
966823160 1640 571
966823160 1641 572
966823160 1642 572
966823160 1643 572
966823160 1644 572
966823160 1645 573
966823160 1646 573
966823160 1647 574
966823160 1648 574
966823160 1649 575
966823160 1650 575
966823160 1651 575
966823160 1652 575
966823160 1653 575
966823160 1654 577
966823160 1655 577
966823160 1655 577
966823160 1655 577
966823160 1656 577
966823160 1657 578
966823160 1658 578
966823160 1659 578
966823160 1660 578
966823160 1661 579
966823160 1662 579
966823160 1663 580
966823160 1664 580
966823160 1665 580
966823160 1666 581
966823160 1667 582
966823160 1668 582
966823160 1669 583
966823160 1670 583
966823160 1670 583
966823160 1671 584
966823160 1671 584
966823160 1672 584
966823160 1673 584
966823160 1674 584
966823160 1675 585
966823160 1676 585
966823160 1677 585
966823160 1678 586
966823160 1679 586
966823160 1680 586
966823160 1680 586
966823160 1681 587
966823160 1682 587
966823160 1683 587
966823160 1684 588
966823160 1685 588
966823160 1686 588
966823160 1687 588
966823160 1688 589
966823160 1689 589
966823160 1690 589
966823160 1691 590
966823160 1692 590
966823160 1693 590
966823160 1693 590
966823160 1694 591
966823160 1695 591
966823160 1696 591
966823160 1697 592
966823160 1698 592
966823160 1699 592
966823160 1699 592
966823160 1700 592
966823160 1701 593
966823160 1702 593
966823160 1703 593
966823160 1704 594
966823160 1705 594
966823160 1706 594
966823160 1707 595
966823160 1708 595
966823160 1709 595
966823160 1710 595
966823160 1711 596
966823160 1712 596
966823160 1713 596
966823160 1714 596
966823160 1715 597
966823160 1716 597
966823160 1717 598
966823160 1718 598
966823160 1719 598
966823160 1720 599
966823160 1721 599
966823160 1722 599
966823160 1723 600
966823160 1724 600
966823160 1724 600
966823160 1724 600
966823160 1724 600
966823160 1724 600
966823160 1725 600
966823160 1726 601
