2826741453 1 3
2172210154.8938 2 3
2172210154.8938 3 3
2172210154.8938 4 4
2150399237 5 5
2150399237 6 5
1474983670.1593 7 5
1474983670.1593 8 5
1474983670.1593 9 6
1474983670.1593 10 6
1279337034 11 6
1279337034 11 7
1279337034 12 7
1279337034 13 8
1279337034 14 8
1279337034 15 8
1279337034 16 9
1279337034 17 9
1279337034 17 9
1279337034 18 9
1279337034 19 10
1279337034 19 10
1279337034 20 10
1279337034 21 11
1279337034 22 11
1279337034 23 11
1279337034 24 12
1279337034 25 12
1279337034 26 13
1279337034 27 13
1279337034 28 13
1279337034 29 13
1279337034 30 14
1279337034 31 14
1279337034 32 14
1279337034 33 15
1279337034 34 15
1279337034 35 15
1279337034 35 15
1279337034 35 15
1279337034 36 15
1279337034 36 15
1279337034 37 16
1279337034 38 16
1279337034 39 16
1279337034 40 16
1279337034 41 17
1279337034 42 17
1279337034 43 17
1279337034 44 17
1279337034 45 18
1279337034 46 18
1279337034 47 18
1279337034 48 19
1279337034 49 19
1279337034 50 19
1279337034 50 19
1279337034 50 19
1279337034 51 19
1279337034 52 20
1279337034 52 20
1279337034 53 20
1279337034 54 20
1279337034 54 20
1279337034 55 21
1279337034 56 21
1279337034 57 21
1279337034 58 22
1189405937.819 59 22
1189405937.819 60 22
1189405937.819 60 22
1189405937.819 61 23
1189405937.819 62 23
1189405937.819 62 23
1189405937.819 62 23
1189405937.819 62 23
1189405937.819 62 23
1189405937.819 62 23
1189405937.819 63 23
1189405937.819 64 24
1189405937.819 65 24
1189405937.819 66 24
1189405937.819 67 24
1189405937.819 68 25
1189405937.819 69 25
1189405937.819 69 25
1189405937.819 70 26
1189405937.819 70 26
1189405937.819 71 26
1189405937.819 72 26
1189405937.819 73 26
1189405937.819 74 27
1189405937.819 75 27
1189405937.819 75 27
1189405937.819 76 27
1189405937.819 77 28
1189405937.819 78 28
1189405937.819 78 28
1178013533 79 29
1178013533 79 29
1178013533 80 29
1178013533 81 29
1178013533 82 29
1178013533 83 30
1178013533 84 30
1178013533 84 30
1178013533 85 31
1178013533 86 31
1178013533 87 31
1178013533 88 32
1178013533 89 32
1178013533 90 32
1178013533 91 32
1178013533 91 32
1178013533 91 32
1178013533 91 32
1178013533 91 32
1178013533 92 33
1178013533 92 33
1178013533 93 33
1178013533 94 33
1178013533 94 33
1178013533 94 33
1178013533 94 33
1178013533 95 34
1178013533 96 34
1178013533 97 34
1178013533 98 34
1178013533 98 34
1178013533 98 34
1178013533 99 35
1178013533 100 35
1178013533 101 35
1178013533 102 36
1178013533 103 36
1178013533 104 36
1178013533 105 37
1178013533 106 38
1178013533 107 38
1178013533 107 38
1178013533 108 38
1178013533 109 39
1178013533 110 40
1178013533 111 40
1178013533 112 40
1178013533 113 41
1178013533 114 41
1178013533 115 42
1178013533 116 42
1178013533 116 42
1178013533 117 42
1178013533 118 43
1178013533 118 43
1178013533 118 43
1178013533 119 43
1178013533 120 44
1178013533 121 44
1178013533 122 44
1178013533 123 44
1178013533 124 45
1085113593 125 45
1085113593 126 45
1085113593 127 46
1085113593 128 47
1085113593 129 48
1085113593 130 48
1085113593 131 48
1085113593 132 49
1085113593 133 49
1085113593 134 49
1085113593 135 49
1085113593 136 50
1085113593 137 50
1085113593 138 50
1085113593 139 51
1085113593 140 51
1085113593 141 51
1085113593 142 52
1085113593 143 52
1085113593 144 52
1085113593 145 52
1085113593 146 53
1085113593 147 53
1085113593 148 53
1085113593 148 53
1085113593 149 54
1085113593 149 54
1085113593 150 54
1085113593 151 54
1085113593 152 55
1085113593 153 55
1085113593 154 55
1085113593 155 55
1085113593 156 56
1085113593 157 56
1085113593 158 56
1085113593 159 57
1085113593 160 57
1072558467 161 57
1072558467 162 58
1072558467 163 58
1072558467 164 58
1072558467 165 58
1072558467 166 59
1072558467 167 59
1072558467 168 59
1072558467 169 60
1072558467 170 60
1072558467 171 60
1072558467 172 61
1072558467 173 61
1072558467 173 61
1072558467 174 61
1072558467 174 61
1072558467 175 61
1072558467 176 62
1072558467 177 62
1072558467 178 63
1072558467 179 63
1072558467 179 63
1072558467 180 63
1072558467 181 64
1072558467 182 64
1072558467 183 64
1072558467 184 65
1072558467 185 65
1072558467 186 66
1072558467 187 66
1072558467 188 66
1072558467 189 66
1072558467 190 67
1072558467 191 67
1072558467 192 67
1072558467 193 67
1072558467 194 68
1072558467 195 68
1072558467 196 68
1072558467 197 69
1072558467 198 69
1072558467 199 69
1072558467 200 70
1072558467 201 70
1072558467 201 70
1072558467 201 70
1072558467 202 70
1072558467 203 71
1072558467 204 71
1072558467 205 71
1072558467 206 72
1072558467 207 72
1072558467 207 72
1072558467 208 72
1072558467 209 73
1072558467 210 73
1072558467 210 73
1072558467 211 74
1072558467 212 74
1072558467 213 74
1072558467 213 74
1072558467 214 74
1072558467 215 75
1072558467 216 75
1072558467 217 76
1072558467 217 76
1072558467 217 76
1072558467 217 76
1072558467 218 77
1072558467 219 77
1072558467 220 77
1072558467 221 78
1072558467 222 78
1072558467 223 78
1072558467 224 78
1072558467 225 79
1072558467 226 79
1072558467 227 80
1072558467 228 80
1072558467 229 80
1072558467 230 81
1072558467 231 81
1072558467 232 82
1072558467 233 82
1072558467 234 83
1072558467 235 83
1072558467 236 83
1072558467 237 83
1072558467 238 84
1072558467 239 84
1072558467 240 84
1072558467 241 85
1072558467 242 85
1072558467 243 85
1072558467 244 85
1072558467 245 86
1072558467 246 86
1072558467 246 86
1072558467 247 86
1072558467 248 87
1072558467 248 87
1072558467 249 87
1072558467 250 88
1072558467 251 88
1072558467 252 88
1072558467 253 88
1072558467 254 89
1072558467 255 89
1072558467 256 89
1072558467 257 90
1072558467 258 90
1072558467 259 90
1072558467 260 91
1072558467 261 91
1072558467 261 91
1072558467 262 91
1072558467 263 92
1072558467 264 92
1072558467 265 92
1072558467 266 93
1072558467 266 93
1072558467 266 93
1072558467 267 93
1072558467 268 94
1072558467 269 94
1072558467 269 94
1072558467 270 94
1072558467 271 95
1072558467 272 95
1072558467 273 95
1072558467 273 95
1072558467 273 95
1072558467 274 96
1072558467 274 96
1072558467 275 96
1072558467 276 96
1072558467 277 96
1072558467 278 97
1072558467 279 97
1072558467 280 97
1072558467 281 98
1072558467 282 98
1072558467 283 99
1072558467 284 99
1072558467 285 99
1072558467 286 100
1072558467 287 100
1072558467 288 101
1072558467 289 101
1072558467 290 101
1072558467 291 101
1072558467 292 102
1072558467 293 102
1072558467 294 102
1072558467 295 103
1072558467 295 103
1072558467 296 103
1072558467 296 103
1072558467 297 103
1072558467 297 103
1072558467 297 103
1072558467 298 104
1072558467 299 104
1072558467 299 104
1072558467 300 105
1072558467 301 105
1072558467 302 105
1072558467 303 105
1072558467 304 106
1072558467 305 106
1072558467 306 107
1072558467 307 107
1072558467 308 108
1072558467 309 108
1072558467 309 108
1072558467 310 108
1072558467 311 108
1072558467 312 110
1072558467 313 111
1072558467 314 111
1072558467 315 112
1072558467 316 112
1072558467 316 112
1072558467 317 112
1072558467 318 112
1072558467 319 113
1072558467 320 113
1072558467 321 113
1072558467 322 114
1072558467 323 114
1072558467 324 114
1072558467 325 114
1072558467 326 115
1072558467 327 115
1072558467 328 115
1072558467 329 115
1072558467 330 116
1072558467 331 116
1072558467 332 116
1072558467 333 117
1072558467 334 118
1072558467 335 118
1072558467 336 118
1072558467 337 119
1072558467 338 119
1072558467 339 119
1072558467 340 120
1072558467 341 120
1072558467 342 121
1072558467 343 121
1072558467 344 122
1072558467 345 122
1072558467 346 123
1072558467 347 123
1072558467 347 123
1072558467 347 123
1072558467 347 123
1072558467 348 123
1072558467 349 124
1072558467 350 124
1072558467 351 124
1072558467 352 125
1072558467 353 125
1072558467 354 125
1072558467 355 125
1072558467 356 126
1072558467 357 127
1072558467 358 127
1072558467 359 128
1072558467 360 128
1072558467 361 128
1072558467 362 129
1072558467 363 129
1072558467 364 130
1072558467 365 130
1072558467 366 131
1072558467 367 131
1072558467 368 131
1072558467 369 132
1072558467 370 132
1072558467 371 132
1072558467 372 132
1072558467 373 133
1072558467 373 133
1072558467 374 133
1072558467 375 134
1072558467 375 134
1072558467 376 134
1072558467 377 134
1072558467 378 135
1072558467 379 135
1072558467 380 135
1072558467 381 135
1072558467 382 136
1072558467 383 136
1072558467 384 137
1072558467 385 137
1072558467 386 137
1072558467 387 137
1072558467 388 138
1072558467 389 138
1072558467 389 138
1072558467 390 138
1072558467 391 138
1072558467 392 139
1072558467 393 139
1072558467 394 140
1072558467 395 141
1072558467 396 141
1072558467 397 142
1072558467 398 142
1072558467 399 143
1072558467 400 143
1072558467 401 143
1072558467 402 143
1072558467 403 144
1072558467 404 144
1072558467 405 144
1072558467 406 145
1072558467 407 145
1072558467 408 145
1072558467 409 145
1072558467 410 146
1072558467 411 146
1072558467 412 146
1072558467 412 146
1072558467 413 147
1072558467 414 147
1072558467 415 147
1072558467 416 148
1072558467 417 148
1072558467 418 148
1072558467 419 148
1072558467 420 149
1072558467 421 149
1072558467 422 149
1072558467 423 150
1072558467 424 150
1072558467 425 151
1072558467 426 152
1072558467 427 152
1072558467 428 153
1072558467 429 153
1072558467 430 153
1072558467 431 153
1072558467 432 154
1072558467 433 154
1072558467 434 155
1072558467 435 155
1072558467 436 156
1072558467 437 156
1072558467 438 156
1072558467 439 157
1072558467 439 157
1072558467 440 157
1072558467 441 158
1072558467 442 158
1072558467 443 158
1072558467 444 159
1072558467 445 159
1072558467 446 159
1072558467 447 160
1072558467 448 160
1072558467 449 160
1072558467 450 160
1072558467 451 161
1072558467 452 162
1072558467 453 163
1072558467 454 163
1072558467 455 163
1072558467 456 164
1072558467 457 164
1072558467 458 164
1072558467 458 164
1072558467 459 164
1072558467 460 165
1072558467 461 165
1072558467 461 165
1072558467 462 165
1072558467 462 165
1072558467 462 165
1072558467 463 166
1072558467 464 166
1072558467 465 166
1072558467 465 166
1072558467 466 167
1072558467 467 167
1072558467 468 167
1072558467 469 168
1072558467 470 168
1072558467 471 168
1072558467 472 168
1072558467 473 169
1072558467 474 169
1072558467 475 169
1072558467 476 170
1072558467 477 170
1072558467 478 170
1072558467 479 171
1072558467 479 171
1072558467 480 171
1072558467 481 171
1072558467 482 172
1072558467 483 172
1072558467 484 172
1072558467 485 173
1072558467 486 173
1072558467 487 173
1072558467 487 173
1072558467 488 173
1072558467 488 173
1072558467 489 174
1072558467 489 174
1072558467 490 174
1072558467 491 175
1072558467 492 175
1072558467 493 175
1072558467 494 176
1072558467 495 176
1072558467 496 176
1072558467 497 177
1072558467 498 177
1072558467 499 177
1072558467 500 177
1072558467 500 177
1072558467 501 178
1072558467 502 178
1072558467 502 178
1072558467 503 178
1072558467 504 179
1072558467 505 179
1072558467 506 179
1072558467 507 180
1072558467 508 180
1072558467 508 180
1072558467 509 180
1072558467 510 181
1072558467 511 181
1072558467 512 181
1072558467 513 182
1072558467 514 182
1072558467 515 182
1072558467 516 183
1072558467 517 183
1072558467 518 183
1072558467 518 183
1072558467 519 184
1072558467 520 184
1072558467 521 184
1072558467 522 184
1072558467 523 185
1072558467 524 185
1072558467 525 185
1072558467 526 186
1072558467 527 186
1072558467 528 186
1072558467 529 186
1072558467 530 187
1072558467 531 187
1072558467 531 187
1072558467 532 187
1072558467 533 188
1072558467 534 188
1072558467 535 188
1072558467 535 188
1072558467 535 188
1072558467 535 188
1072558467 536 188
1072558467 537 189
1072558467 537 189
1072558467 538 189
1072558467 539 189
1072558467 540 190
1072558467 541 190
1072558467 542 191
1072558467 543 192
1072558467 544 192
1072558467 544 192
1072558467 545 192
1072558467 545 192
1072558467 546 193
1072558467 547 193
1072558467 548 193
1072558467 549 194
1072558467 550 194
1072558467 551 194
1072558467 551 194
1072558467 551 194
1072558467 552 194
1072558467 553 195
1072558467 554 195
1072558467 555 195
1072558467 556 196
1072558467 557 196
1072558467 558 197
1072558467 559 198
1072558467 560 198
1072558467 561 198
1072558467 562 198
1072558467 563 199
1072558467 564 199
1072558467 565 199
1072558467 566 199
1072558467 567 200
1072558467 568 200
1072558467 569 200
1072558467 570 201
1072558467 571 201
1072558467 572 201
1072558467 573 201
1072558467 574 202
1072558467 575 202
1072558467 576 202
1072558467 577 203
1072558467 578 204
1072558467 579 204
1072558467 580 204
1072558467 581 205
1072558467 582 205
1072558467 583 206
1072558467 584 206
1072558467 585 206
1072558467 585 206
1072558467 585 206
1072558467 586 207
1072558467 587 207
1072558467 588 207
1072558467 589 208
1072558467 590 208
1072558467 591 208
1072558467 591 208
1072558467 592 208
1072558467 593 209
1072558467 594 209
1072558467 595 210
1072558467 595 210
1072558467 596 210
1072558467 596 210
1072558467 597 210
1072558467 598 210
1072558467 598 210
1072558467 598 210
1072558467 599 211
1072558467 600 212
1072558467 601 212
1072558467 602 212
1072558467 603 212
1072558467 604 213
1072558467 605 213
1072558467 606 213
1072558467 607 214
1072558467 608 214
1072558467 609 215
1072558467 609 215
1072558467 610 215
1072558467 611 215
1072558467 611 215
1072558467 612 215
1072558467 613 216
1072558467 614 217
1072558467 615 217
1072558467 616 217
1072558467 617 218
1072558467 618 218
1072558467 619 219
1072558467 619 219
1072558467 620 219
1072558467 621 219
1072558467 622 220
1072558467 622 220
1072558467 623 221
1072558467 623 221
1072558467 624 221
1072558467 624 221
1072558467 624 221
1072558467 625 221
1072558467 626 222
1072558467 627 222
1072558467 628 223
1072558467 629 223
1072558467 630 223
1072558467 630 223
1072558467 631 223
1072558467 632 224
1072558467 633 224
1072558467 634 224
1072558467 635 224
1072558467 636 225
1072558467 637 225
1072558467 638 226
1072558467 639 226
1072558467 640 226
1072558467 641 226
1072558467 642 227
1072558467 643 227
1072558467 644 227
1072558467 645 228
1072558467 646 228
1072558467 647 228
1072558467 648 229
1072558467 649 229
1072558467 650 229
1072558467 651 230
1072558467 652 230
1072558467 653 230
1072558467 654 230
1072558467 655 231
1072558467 656 231
1072558467 657 231
1072558467 658 232
1072558467 659 233
1072558467 660 233
1072558467 661 233
1072558467 661 234
1072558467 662 234
1072558467 663 234
1072558467 664 234
1072558467 664 234
1072558467 665 235
1072558467 666 235
1072558467 667 235
1072558467 668 236
1072558467 669 237
1072558467 670 237
1072558467 671 237
1072558467 672 237
1072558467 673 238
1072558467 674 238
1072558467 675 239
1072558467 676 239
1072558467 677 239
1072558467 678 240
1072558467 679 241
1072558467 680 242
1072558467 681 242
1072558467 682 242
1072558467 683 243
1072558467 684 243
1072558467 685 243
1072558467 686 244
1072558467 687 245
1072558467 688 245
1072558467 689 245
1072558467 690 246
1072558467 691 247
1072558467 692 247
1072558467 693 247
1072558467 694 248
1072558467 695 248
1072558467 696 248
1072558467 697 248
1072558467 698 249
1072558467 699 249
1072558467 700 250
1072558467 701 250
1072558467 701 250
1072558467 702 250
1072558467 703 250
1072558467 704 251
1072558467 705 251
1072558467 706 251
1072558467 707 252
1072558467 708 253
1072558467 708 253
1072558467 709 253
1072558467 710 254
1072558467 711 254
1072558467 712 255
1072558467 712 255
1072558467 713 255
1072558467 714 255
1072558467 715 256
1072558467 716 256
1072558467 716 256
1072558467 717 256
1072558467 717 256
1072558467 718 257
1072558467 718 257
1072558467 719 257
1072558467 720 257
1072558467 721 258
1072558467 721 258
1072558467 722 258
1072558467 723 258
1072558467 724 259
1072558467 725 259
1072558467 726 259
1072558467 727 260
1072558467 727 260
1072558467 727 260
1072558467 727 260
1072558467 728 260
1072558467 728 260
1072558467 729 260
1072558467 730 261
1072558467 731 261
1072558467 731 262
1072558467 732 262
1072558467 732 262
1072558467 733 262
1072558467 734 263
1072558467 734 263
1072558467 735 263
1072558467 736 263
1072558467 737 263
1072558467 738 264
1072558467 738 264
1072558467 739 265
1072558467 739 265
1072558467 740 265
1072558467 741 265
1072558467 742 266
1072558467 743 266
1072558467 744 267
1072558467 745 267
1072558467 745 267
1072558467 746 268
1072558467 747 268
1072558467 748 269
1072558467 749 269
1072558467 750 269
1072558467 751 269
1072558467 752 270
1072558467 752 270
1072558467 753 270
1072558467 754 270
1072558467 755 271
1072558467 756 271
1072558467 757 271
1072558467 757 271
1072558467 758 271
1072558467 759 272
1072558467 759 272
1072558467 760 272
1072558467 761 272
1072558467 762 272
1072558467 763 273
1072558467 763 273
1072558467 764 273
1072558467 765 273
1072558467 766 274
1072558467 767 274
1072558467 768 275
1072558467 769 275
1072558467 770 276
1072558467 771 276
1072558467 772 276
1072558467 773 277
1072558467 774 277
1072558467 775 277
1072558467 776 278
1072558467 777 278
1072558467 778 278
1072558467 779 278
1072558467 780 279
1072558467 781 280
1072558467 782 280
1072558467 783 280
1072558467 784 280
1072558467 785 281
1072558467 786 281
1072558467 787 281
1072558467 787 281
1072558467 787 281
1072558467 787 281
1072558467 788 281
1072558467 789 282
1072558467 790 282
1072558467 791 283
1072558467 792 284
1072558467 793 284
1072558467 794 284
1072558467 795 284
1072558467 796 285
1072558467 797 285
1072558467 798 286
1072558467 799 286
1072558467 800 287
1072558467 801 287
1072558467 802 287
1072558467 803 287
1072558467 804 288
1072558467 805 288
1072558467 805 288
1072558467 806 288
1072558467 807 289
1072558467 808 290
1072558467 809 291
1072558467 810 291
1072558467 811 291
1072558467 812 291
1072558467 813 292
1072558467 814 292
1072558467 815 292
1072558467 815 292
1072558467 816 293
1072558467 816 293
1072558467 817 293
1072558467 818 293
1072558467 818 294
1072558467 819 294
1072558467 820 294
1072558467 821 294
1072558467 822 295
1072558467 823 295
1072558467 824 295
1072558467 825 295
1072558467 825 295
1072558467 826 296
1072558467 826 296
1072558467 827 296
1072558467 827 296
1072558467 828 296
1072558467 829 297
1072558467 830 297
1072558467 831 297
1072558467 832 298
1072558467 833 299
1072558467 834 299
1072558467 835 299
1072558467 836 300
1072558467 837 300
1072558467 838 300
1072558467 839 300
1072558467 840 301
1072558467 841 301
1072558467 842 301
1072558467 843 302
979479481 844 302
979479481 845 302
979479481 846 303
979479481 847 304
979479481 848 304
979479481 849 304
979479481 850 305
979479481 851 305
979479481 852 306
979479481 853 306
979479481 854 307
979479481 855 307
979479481 856 307
979479481 857 308
979479481 858 308
979479481 859 308
979479481 860 308
979479481 860 308
979479481 861 309
979479481 862 309
979479481 862 309
979479481 863 309
979479481 864 310
979479481 865 310
979479481 866 310
979479481 867 311
979479481 868 311
979479481 869 311
979479481 870 312
979479481 871 312
979479481 871 312
979479481 872 312
979479481 873 313
979479481 874 313
979479481 875 313
979479481 876 314
979479481 877 314
979479481 878 314
979479481 878 314
979479481 879 315
979479481 880 315
979479481 881 315
979479481 882 315
979479481 883 316
979479481 883 316
979479481 884 316
979479481 885 316
979479481 886 317
979479481 887 317
979479481 888 317
979479481 889 318
979479481 890 318
979479481 891 318
979479481 892 319
979479481 893 319
979479481 894 320
979479481 895 320
979479481 896 321
979479481 897 321
979479481 898 321
979479481 899 322
979479481 900 322
979479481 901 322
979479481 902 323
979479481 903 323
979479481 904 323
979479481 905 324
979479481 906 324
979479481 906 324
979479481 906 324
979479481 907 324
979479481 908 325
979479481 909 326
979479481 910 326
979479481 910 326
979479481 911 327
979479481 912 327
979479481 913 327
979479481 914 328
979479481 915 328
979479481 916 328
979479481 917 329
979479481 918 329
979479481 919 330
979479481 920 330
979479481 921 330
979479481 922 330
979479481 923 331
979479481 924 331
979479481 925 332
979479481 926 332
979479481 927 333
979479481 928 333
979479481 929 334
979479481 930 335
979479481 931 335
979479481 932 335
979479481 933 336
979479481 934 336
979479481 935 336
979479481 936 337
979479481 936 337
979479481 936 337
979479481 937 337
979479481 938 338
979479481 939 338
979479481 939 338
979479481 939 338
979479481 940 338
979479481 941 339
979479481 941 339
979479481 942 339
979479481 943 339
979479481 944 339
979479481 944 339
979479481 945 340
979479481 946 340
979479481 947 340
979479481 948 341
979479481 949 341
979479481 950 341
979479481 951 342
979479481 952 342
979479481 953 342
979479481 954 342
979479481 955 343
979479481 956 343
979479481 957 343
979479481 957 343
979479481 958 343
979479481 959 344
979479481 959 344
979479481 960 344
979479481 961 344
979479481 962 344
979479481 963 345
979479481 964 345
979479481 965 345
979479481 965 345
979479481 965 345
979479481 966 346
979479481 966 346
979479481 967 346
979479481 968 346
979479481 969 347
979479481 970 347
979479481 971 347
979479481 972 347
979479481 973 348
979479481 974 348
979479481 975 348
979479481 976 349
979479481 977 349
979479481 978 349
979479481 979 350
979479481 980 350
979479481 981 351
979479481 982 351
979479481 983 351
979479481 984 352
979479481 985 352
979479481 986 352
979479481 987 353
979479481 988 353
979479481 989 353
979479481 990 353
979479481 991 354
979479481 992 355
979479481 993 356
979479481 994 357
979479481 995 357
979479481 996 357
979479481 997 358
979479481 998 358
979479481 999 358
979479481 999 358
979479481 1000 359
979479481 1001 360
979479481 1002 361
979479481 1003 361
979479481 1004 362
979479481 1005 362
979479481 1006 363
979479481 1007 363
979479481 1008 363
979479481 1009 364
979479481 1010 364
979479481 1011 364
979479481 1012 364
979479481 1013 365
979479481 1014 365
979479481 1015 365
979479481 1016 365
979479481 1017 366
979479481 1018 366
979479481 1019 367
979479481 1020 367
979479481 1021 367
979479481 1021 367
979479481 1022 367
979479481 1023 368
979479481 1024 369
979479481 1025 369
979479481 1026 369
979479481 1027 370
979479481 1027 371
979479481 1028 371
979479481 1029 371
979479481 1030 372
979479481 1031 372
979479481 1032 372
979479481 1033 373
979479481 1034 373
979479481 1035 374
979479481 1036 374
979479481 1037 374
979479481 1038 375
979479481 1039 375
979479481 1040 375
979479481 1041 375
979479481 1042 376
979479481 1043 376
979479481 1044 376
979479481 1045 377
979479481 1046 377
979479481 1047 378
979479481 1048 378
979479481 1049 379
979479481 1050 379
979479481 1051 380
979479481 1052 380
979479481 1053 380
979479481 1054 381
979479481 1055 381
979479481 1055 381
979479481 1056 381
979479481 1056 381
979479481 1057 382
979479481 1058 383
979479481 1059 383
979479481 1060 383
979479481 1061 383
979479481 1062 384
979479481 1062 384
979479481 1062 384
979479481 1063 384
979479481 1064 384
979479481 1065 385
979479481 1066 386
979479481 1066 386
979479481 1067 386
979479481 1068 386
979479481 1069 387
979479481 1070 387
979479481 1071 388
979479481 1072 388
979479481 1073 388
979479481 1074 389
979479481 1075 389
979479481 1076 390
979479481 1076 390
979479481 1077 390
979479481 1078 390
979479481 1079 390
979479481 1080 391
979479481 1081 391
979479481 1081 391
979479481 1082 391
979479481 1082 391
979479481 1083 392
979479481 1084 392
979479481 1085 392
979479481 1086 392
979479481 1087 393
979479481 1088 393
979479481 1089 393
979479481 1090 394
979479481 1091 394
979479481 1092 394
979479481 1092 395
979479481 1093 395
979479481 1094 395
979479481 1095 396
979479481 1095 396
979479481 1096 396
979479481 1097 396
979479481 1098 396
979479481 1099 397
979479481 1100 397
979479481 1101 398
979479481 1102 398
979479481 1102 398
979479481 1103 398
979479481 1104 398
979479481 1105 399
979479481 1106 399
979479481 1107 399
979479481 1108 400
979479481 1109 400
979479481 1110 400
979479481 1111 401
979479481 1112 401
979479481 1113 401
979479481 1113 401
979479481 1114 401
979479481 1115 402
979479481 1116 403
979479481 1117 403
979479481 1118 403
979479481 1118 403
979479481 1119 404
979479481 1120 405
979479481 1121 405
979479481 1122 406
979479481 1123 406
979479481 1123 406
979479481 1123 406
979479481 1123 406
979479481 1124 406
979479481 1125 407
979479481 1126 407
979479481 1127 407
979479481 1128 408
979479481 1129 408
979479481 1130 408
979479481 1131 408
979479481 1132 409
979479481 1132 409
979479481 1133 409
979479481 1134 410
979479481 1134 410
979479481 1135 410
979479481 1136 410
979479481 1137 410
979479481 1138 411
979479481 1139 411
979479481 1140 412
979479481 1141 412
979479481 1142 413
979479481 1143 413
979479481 1143 413
979479481 1144 413
979479481 1145 414
979479481 1146 414
979479481 1146 414
979479481 1147 414
979479481 1148 414
979479481 1149 415
979479481 1150 415
979479481 1151 415
979479481 1152 416
979479481 1153 417
979479481 1154 417
979479481 1155 418
979479481 1155 418
979479481 1156 418
979479481 1157 419
979479481 1158 420
979479481 1159 420
979479481 1160 420
979479481 1160 420
979479481 1161 420
979479481 1162 421
979479481 1163 421
979479481 1164 421
979479481 1165 422
979479481 1166 422
979479481 1167 422
979479481 1168 423
979479481 1169 423
979479481 1170 424
979479481 1171 424
979479481 1172 424
979479481 1173 424
979479481 1174 425
979479481 1174 425
979479481 1175 425
979479481 1175 425
979479481 1176 425
979479481 1177 426
979479481 1177 426
979479481 1178 426
979479481 1179 427
979479481 1180 427
979479481 1181 427
979479481 1182 427
979479481 1183 428
979479481 1184 428
979479481 1185 428
979479481 1186 429
979479481 1186 429
979479481 1187 429
979479481 1188 429
979479481 1189 430
979479481 1190 431
979479481 1191 431
979479481 1192 431
979479481 1193 432
979479481 1194 432
979479481 1195 432
979479481 1196 433
979479481 1197 433
979479481 1197 433
979479481 1198 433
979479481 1199 434
979479481 1200 434
979479481 1201 434
979479481 1202 434
979479481 1203 435
979479481 1204 435
979479481 1205 435
979479481 1206 435
979479481 1207 436
979479481 1208 436
979479481 1209 436
979479481 1210 436
979479481 1211 437
979479481 1212 437
979479481 1213 438
979479481 1214 438
979479481 1215 438
979479481 1215 438
979479481 1216 439
979479481 1216 439
979479481 1217 439
979479481 1218 439
979479481 1219 440
979479481 1220 440
979479481 1221 440
979479481 1222 441
979479481 1223 441
979479481 1223 441
979479481 1224 441
979479481 1225 442
979479481 1225 442
979479481 1226 442
979479481 1227 442
979479481 1228 443
979479481 1228 443
979479481 1228 443
979479481 1229 443
979479481 1229 443
979479481 1230 443
979479481 1231 444
979479481 1232 444
979479481 1233 444
979479481 1233 444
979479481 1234 445
979479481 1235 446
979479481 1236 446
979479481 1237 446
979479481 1238 447
979479481 1239 447
979479481 1240 447
979479481 1241 447
979479481 1242 448
979479481 1242 448
979479481 1243 448
979479481 1244 448
979479481 1245 448
979479481 1246 449
979479481 1247 449
979479481 1248 449
979479481 1249 450
979479481 1250 450
979479481 1251 450
979479481 1251 450
979479481 1252 451
979479481 1253 451
979479481 1254 451
979479481 1255 452
979479481 1256 452
979479481 1257 453
979479481 1258 453
979479481 1259 453
979479481 1260 453
979479481 1261 454
979479481 1262 454
979479481 1262 454
979479481 1263 454
979479481 1264 455
979479481 1265 455
979479481 1266 455
979479481 1267 455
979479481 1268 456
979479481 1269 456
979479481 1270 456
979479481 1271 457
979479481 1272 457
979479481 1272 457
979479481 1273 457
979479481 1274 457
979479481 1275 458
979479481 1276 458
979479481 1277 458
979479481 1278 458
979479481 1279 459
979479481 1280 460
979479481 1281 460
979479481 1282 460
979479481 1282 460
979479481 1283 461
979479481 1284 461
979479481 1284 461
979479481 1285 461
979479481 1286 461
979479481 1287 462
979479481 1288 462
979479481 1289 462
979479481 1289 462
979479481 1290 463
979479481 1290 463
979479481 1291 463
979479481 1292 464
979479481 1292 464
979479481 1293 464
979479481 1293 464
979479481 1294 464
979479481 1295 465
979479481 1296 465
979479481 1297 466
979479481 1298 467
979479481 1298 467
979479481 1299 467
979479481 1300 468
979479481 1301 468
979479481 1302 469
979479481 1303 469
979479481 1303 469
979479481 1304 469
979479481 1305 470
979479481 1306 470
979479481 1307 470
979479481 1307 470
979479481 1308 471
979479481 1309 471
979479481 1309 471
979479481 1310 472
979479481 1311 472
979479481 1312 473
979479481 1312 473
979479481 1313 473
979479481 1314 474
979479481 1315 474
979479481 1316 474
979479481 1317 474
979479481 1318 475
979479481 1319 475
979479481 1320 476
979479481 1321 476
979479481 1322 476
979479481 1323 476
979479481 1324 477
979479481 1325 477
979479481 1326 477
979479481 1327 478
979479481 1327 478
979479481 1327 478
979479481 1328 478
979479481 1329 478
979479481 1330 479
979479481 1331 479
979479481 1332 479
979479481 1333 479
979479481 1334 481
979479481 1335 481
979479481 1336 481
979479481 1337 482
979479481 1337 482
979479481 1338 482
979479481 1339 482
979479481 1340 483
979479481 1341 483
979479481 1342 484
979479481 1343 484
979479481 1344 485
979479481 1344 485
979479481 1345 485
979479481 1345 485
979479481 1346 485
979479481 1347 486
979479481 1347 486
979479481 1348 486
979479481 1348 486
979479481 1348 486
979479481 1349 487
979479481 1350 487
979479481 1351 487
979479481 1352 488
979479481 1352 488
979479481 1353 488
979479481 1354 488
979479481 1355 488
979479481 1356 489
979479481 1357 489
979479481 1358 489
979479481 1359 490
979479481 1360 490
979479481 1360 490
979479481 1361 490
979479481 1362 490
979479481 1363 491
979479481 1364 491
979479481 1365 491
979479481 1365 491
979479481 1366 491
979479481 1367 492
979479481 1368 492
979479481 1369 493
979479481 1370 493
979479481 1371 493
979479481 1372 493
979479481 1373 494
979479481 1374 494
979479481 1375 494
979479481 1376 495
979479481 1377 495
979479481 1378 495
979479481 1379 495
979479481 1380 496
979479481 1381 496
979479481 1382 497
979479481 1383 497
979479481 1384 497
979479481 1385 497
979479481 1386 498
979479481 1387 498
979479481 1388 499
979479481 1389 499
979479481 1390 500
979479481 1391 500
979479481 1392 500
979479481 1393 500
979479481 1393 500
979479481 1394 501
979479481 1395 501
979479481 1396 501
979479481 1397 501
979479481 1397 501
979479481 1398 502
979479481 1399 502
979479481 1399 502
979479481 1400 502
979479481 1401 503
979479481 1402 503
979479481 1402 503
979479481 1403 503
979479481 1404 504
979479481 1405 505
979479481 1406 505
979479481 1407 505
979479481 1408 505
979479481 1408 505
979479481 1408 505
979479481 1409 506
979479481 1410 506
979479481 1411 506
979479481 1412 506
979479481 1412 506
979479481 1413 507
979479481 1413 507
979479481 1414 507
979479481 1415 507
979479481 1415 507
979479481 1416 508
979479481 1417 508
979479481 1418 508
979479481 1419 509
979479481 1420 509
979479481 1421 509
979479481 1422 510
979479481 1423 510
979479481 1424 510
979479481 1425 510
979479481 1426 511
979479481 1427 511
979479481 1428 511
979479481 1429 511
979479481 1430 512
979479481 1430 512
979479481 1431 512
979479481 1432 512
979479481 1433 512
979479481 1434 513
979479481 1435 513
979479481 1436 514
979479481 1437 515
979479481 1438 515
979479481 1438 515
979479481 1439 515
979479481 1440 516
979479481 1441 516
979479481 1442 516
979479481 1443 516
979479481 1444 517
979479481 1445 518
979479481 1446 518
979479481 1446 518
979479481 1447 518
979479481 1448 519
979479481 1449 519
979479481 1450 519
979479481 1451 519
979479481 1451 519
979479481 1451 519
979479481 1452 520
979479481 1453 520
979479481 1454 520
979479481 1455 520
979479481 1456 521
979479481 1457 521
979479481 1457 521
979479481 1458 521
979479481 1459 522
979479481 1460 522
979479481 1461 523
979479481 1462 523
979479481 1463 523
979479481 1464 524
979479481 1465 524
979479481 1466 524
979479481 1467 524
979479481 1467 524
979479481 1468 525
979479481 1469 525
979479481 1470 525
979479481 1471 526
979479481 1472 526
979479481 1473 526
979479481 1473 526
979479481 1473 526
979479481 1474 526
979479481 1474 526
979479481 1475 527
979479481 1476 527
979479481 1477 527
979479481 1478 527
979479481 1479 528
979479481 1479 528
979479481 1480 528
979479481 1480 528
979479481 1480 528
979479481 1481 529
979479481 1482 529
979479481 1482 529
979479481 1483 529
979479481 1484 529
979479481 1484 529
979479481 1485 530
979479481 1486 530
979479481 1487 530
979479481 1488 531
979479481 1489 531
979479481 1490 531
979479481 1491 531
979479481 1492 532
979479481 1493 532
979479481 1494 532
979479481 1495 532
979479481 1496 533
979479481 1497 533
979479481 1498 533
979479481 1499 534
979479481 1500 534
979479481 1501 534
979479481 1502 535
979479481 1503 535
979479481 1504 536
979479481 1505 536
979479481 1506 537
979479481 1507 537
979479481 1508 538
979479481 1509 538
979479481 1510 538
979479481 1511 538
979479481 1512 539
979479481 1513 539
979479481 1514 539
979479481 1515 540
979479481 1516 540
979479481 1516 540
979479481 1517 540
979479481 1518 541
979479481 1519 541
979479481 1520 541
979479481 1521 542
979479481 1522 542
979479481 1523 542
979479481 1524 542
979479481 1525 543
979479481 1526 543
979479481 1527 544
979479481 1528 545
979479481 1529 545
979479481 1530 545
979479481 1530 545
979479481 1531 546
979479481 1532 546
979479481 1532 546
979479481 1533 547
979479481 1534 547
979479481 1535 548
979479481 1536 549
979479481 1537 549
979479481 1538 550
979479481 1539 551
979479481 1540 551
979479481 1540 551
979479481 1541 551
979479481 1542 552
979479481 1542 552
979479481 1543 552
979479481 1544 552
979479481 1545 552
979479481 1546 553
979479481 1547 553
979479481 1548 553
979479481 1548 553
979479481 1549 554
979479481 1549 554
979479481 1550 554
979479481 1551 554
979479481 1551 554
979479481 1552 555
979479481 1553 556
979479481 1554 556
979479481 1554 556
979479481 1555 557
979479481 1556 557
979479481 1557 557
979479481 1558 557
979479481 1559 558
979479481 1560 558
979479481 1561 558
979479481 1562 559
979479481 1563 559
979479481 1564 559
979479481 1565 559
979479481 1566 560
979479481 1567 560
979479481 1568 560
979479481 1568 560
979479481 1569 561
979479481 1570 561
979479481 1571 561
979479481 1572 562
979479481 1573 562
979479481 1574 562
979479481 1575 562
979479481 1576 563
979479481 1577 563
979479481 1578 563
979479481 1579 564
979479481 1580 564
979479481 1581 564
979479481 1582 564
979479481 1583 565
979479481 1584 565
979479481 1585 565
979479481 1586 566
979479481 1587 566
979479481 1588 566
979479481 1589 567
979479481 1590 567
979479481 1590 567
979479481 1591 567
979479481 1592 568
979479481 1593 568
979479481 1594 569
979479481 1595 569
979479481 1596 569
979479481 1597 570
979479481 1597 570
979479481 1597 570
979479481 1598 570
979479481 1598 570
979479481 1599 570
979479481 1600 571
979479481 1601 571
979479481 1602 571
979479481 1602 571
979479481 1603 572
979479481 1604 572
979479481 1605 572
979479481 1606 573
979479481 1606 573
979479481 1607 573
979479481 1608 573
979479481 1609 574
979479481 1610 574
979479481 1611 574
979479481 1612 575
979479481 1613 575
979479481 1614 575
979479481 1615 575
979479481 1615 575
979479481 1616 576
979479481 1617 577
979479481 1618 577
979479481 1619 578
979479481 1620 578
979479481 1621 579
979479481 1622 579
979479481 1623 579
979479481 1624 580
979479481 1625 580
979479481 1626 580
979479481 1626 580
979479481 1627 581
979479481 1628 581
979479481 1629 581
979479481 1630 581
979479481 1631 582
979479481 1632 582
979479481 1633 582
979479481 1634 583
979479481 1635 583
979479481 1636 584
979479481 1636 584
979479481 1637 584
979479481 1638 584
979479481 1639 585
979479481 1640 585
979479481 1640 585
979479481 1640 585
979479481 1641 586
979479481 1642 586
979479481 1642 586
979479481 1643 587
979479481 1644 588
979479481 1645 588
979479481 1646 589
979479481 1647 589
979479481 1648 589
979479481 1649 589
979479481 1650 590
979479481 1651 590
979479481 1652 590
979479481 1652 590
979479481 1653 591
979479481 1653 591
979479481 1654 591
979479481 1654 591
979479481 1655 591
979479481 1656 592
979479481 1657 593
979479481 1658 594
979479481 1659 594
979479481 1660 594
979479481 1661 595
979479481 1662 596
979479481 1663 597
979479481 1664 597
979479481 1665 597
979479481 1666 598
979479481 1667 598
979479481 1668 598
979479481 1669 599
979479481 1670 600
979479481 1670 600
979479481 1671 600
979479481 1672 600
979479481 1673 601
