3637886651 1 3
1623050322 2 3
1623050322 3 3
1623050322 4 4
1623050322 4 4
1623050322 5 4
1623050322 6 5
1623050322 7 5
1623050322 8 5
1623050322 9 5
1623050322 10 6
1623050322 11 7
1623050322 12 7
1623050322 13 7
1623050322 14 7
1623050322 15 8
1623050322 15 8
1623050322 16 8
1623050322 17 9
1623050322 18 9
1623050322 19 9
1623050322 20 9
1623050322 21 10
1623050322 22 10
1623050322 23 11
1623050322 24 11
1623050322 25 11
1623050322 26 11
1623050322 26 11
1623050322 27 12
1623050322 28 12
1623050322 29 12
1623050322 30 12
1623050322 31 13
1623050322 32 14
1623050322 33 14
1623050322 34 15
1623050322 35 15
1623050322 36 15
1623050322 37 15
1623050322 38 16
1623050322 39 16
1623050322 40 16
1623050322 41 16
1575066145 42 17
1575066145 43 17
1575066145 44 17
1575066145 45 17
1575066145 46 18
1575066145 46 18
1575066145 47 18
1575066145 48 19
1575066145 49 19
1575066145 50 19
1575066145 50 19
1575066145 51 19
1575066145 52 20
1575066145 53 20
1575066145 54 20
1575066145 55 21
1575066145 55 21
1575066145 56 21
1575066145 57 21
1575066145 58 21
1047455091 59 22
1047455091 60 22
1047455091 61 22
1047455091 62 22
1047455091 63 23
1047455091 64 23
1047455091 65 23
1047455091 66 24
1047455091 66 24
1047455091 67 24
1047455091 68 24
1047455091 69 25
1047455091 70 26
1047455091 71 26
1047455091 72 27
1047455091 73 27
1047455091 74 27
1047455091 75 28
1047455091 76 28
1047455091 76 28
1047455091 77 28
1047455091 78 28
1047455091 79 29
1047455091 79 29
1047455091 80 29
1047455091 80 29
1047455091 81 30
1047455091 82 31
1047455091 83 31
1047455091 84 32
1047455091 85 32
1047455091 86 32
1047455091 87 33
1047455091 88 33
1047455091 89 33
1047455091 90 34
1047455091 91 34
1047455091 92 34
1047455091 92 34
1047455091 92 34
1047455091 93 34
1047455091 93 34
1047455091 94 35
1047455091 95 35
1047455091 95 35
1047455091 96 35
1047455091 97 35
1047455091 98 37
1047455091 99 37
1047455091 99 37
1047455091 100 37
1047455091 101 38
1047455091 102 38
1047455091 103 38
1047455091 104 38
1047455091 104 38
1047455091 105 39
1047455091 106 39
1047455091 107 39
1047455091 108 40
1047455091 109 40
1047455091 110 40
1047455091 111 41
1047455091 112 42
1047455091 113 42
1047455091 113 42
1047455091 114 42
1047455091 115 43
1047455091 116 44
1047455091 117 44
1047455091 117 44
1047455091 118 44
1047455091 119 45
1047455091 119 45
1047455091 120 45
1047455091 121 46
1047455091 122 46
1047455091 123 46
1047455091 124 47
1047455091 125 47
1047455091 126 47
1047455091 127 48
1047455091 127 48
1047455091 128 48
1047455091 129 48
1047455091 129 48
1047455091 129 48
1047455091 130 49
1047455091 131 49
1047455091 132 50
1047455091 133 50
1047455091 134 50
1047455091 135 51
1047455091 135 51
1047455091 136 51
1047455091 136 51
1047455091 137 52
1047455091 138 52
1047455091 139 52
1047455091 140 52
1047455091 140 52
1047455091 141 53
863423305 142 53
863423305 142 53
863423305 143 53
863423305 144 54
863423305 144 54
863423305 145 54
863423305 146 54
863423305 146 54
863423305 147 54
863423305 148 55
863423305 149 55
863423305 150 56
863423305 151 56
863423305 152 57
863423305 152 57
863423305 153 57
863423305 154 57
863423305 155 58
863423305 156 58
863423305 157 58
863423305 157 58
863423305 158 59
863423305 159 59
863423305 160 59
863423305 161 59
863423305 162 60
863423305 163 60
863423305 164 61
863423305 165 61
863423305 166 62
863423305 166 62
863423305 167 62
863423305 168 62
863423305 169 62
863423305 170 63
863423305 171 63
863423305 172 63
863423305 173 64
863423305 174 64
863423305 175 64
863423305 176 65
863423305 177 65
863423305 177 65
863423305 178 65
863423305 179 66
863423305 180 66
863423305 181 66
863423305 182 66
863423305 183 67
863423305 184 67
863423305 185 67
863423305 186 68
863423305 187 68
863423305 188 68
863423305 189 69
863423305 190 69
863423305 191 69
863423305 192 70
863423305 193 70
863423305 194 70
863423305 194 70
863423305 194 70
863423305 195 71
863423305 196 71
863423305 197 72
863423305 198 72
863423305 199 72
863423305 200 73
863423305 201 73
863423305 202 73
863423305 203 74
863423305 203 74
863423305 204 74
863423305 204 74
863423305 205 74
863423305 206 76
863423305 207 76
863423305 208 76
863423305 209 76
863423305 210 77
863423305 210 77
863423305 211 77
863423305 212 77
863423305 212 77
863423305 213 77
863423305 213 77
863423305 213 78
863423305 214 78
863423305 215 78
863423305 216 79
863423305 217 79
863423305 218 79
863423305 219 79
863423305 220 80
863423305 220 80
863423305 221 80
863423305 222 80
863423305 223 80
863423305 224 81
863423305 225 81
863423305 226 81
863423305 226 81
863423305 227 82
863423305 228 82
863423305 229 82
863423305 229 82
863423305 230 83
863423305 231 83
863423305 232 83
863423305 233 83
863423305 234 84
863423305 235 84
863423305 236 84
863423305 237 85
863423305 238 85
863423305 239 85
863423305 240 86
863423305 240 86
863423305 241 86
863423305 242 86
863423305 243 86
863423305 244 87
863423305 245 87
863423305 246 87
863423305 246 87
863423305 247 88
863423305 248 88
863423305 249 88
863423305 250 89
863423305 251 89
863423305 252 89
863423305 253 89
863423305 253 89
863423305 254 90
863423305 255 90
863423305 255 90
863423305 255 90
863423305 255 90
863423305 256 90
863423305 257 90
863423305 258 91
863423305 259 91
863423305 260 91
863423305 261 92
863423305 262 92
863423305 263 92
863423305 264 92
863423305 265 93
863423305 266 93
863423305 267 94
863423305 268 94
863423305 269 94
863423305 270 95
863423305 271 95
863423305 271 95
863423305 272 95
863423305 273 96
863423305 274 96
863423305 275 96
863423305 276 96
863423305 277 97
863423305 278 97
863423305 278 97
863423305 279 98
863423305 280 98
863423305 281 98
863423305 282 99
863423305 283 99
863423305 284 99
863423305 285 99
863423305 286 100
863423305 287 100
863423305 287 100
863423305 288 100
863423305 288 100
863423305 289 100
863423305 290 101
863423305 291 101
863423305 292 102
863423305 293 103
863423305 294 103
863423305 294 103
863423305 295 103
863423305 296 104
863423305 297 105
863423305 297 105
863423305 298 106
863423305 299 107
863423305 300 107
863423305 301 107
863423305 302 108
863423305 303 108
863423305 304 108
863423305 304 108
863423305 304 108
863423305 305 108
863423305 306 109
863423305 307 109
863423305 308 110
863423305 309 110
863423305 310 110
863423305 311 111
863423305 311 111
863423305 312 111
863423305 313 111
863423305 314 112
863423305 315 112
863423305 316 112
863423305 317 113
863423305 317 113
863423305 318 113
863423305 319 113
863423305 320 114
863423305 320 114
863423305 321 114
863423305 322 115
863423305 323 115
863423305 324 115
863423305 325 117
863423305 326 117
863423305 327 117
863423305 328 118
863423305 329 118
863423305 330 118
863423305 331 119
863423305 332 119
863423305 333 119
863423305 334 120
863423305 334 120
863423305 335 120
863423305 336 120
863423305 337 120
863423305 337 120
863423305 337 120
863423305 338 121
863423305 339 121
863423305 340 121
863423305 341 121
863423305 342 122
863423305 343 123
863423305 344 123
863423305 345 123
863423305 346 124
863423305 347 124
863423305 348 124
863423305 349 124
863423305 350 125
863423305 351 125
863423305 352 125
863423305 353 126
863423305 354 126
863423305 355 127
863423305 356 127
863423305 357 128
863423305 358 128
863423305 359 128
863423305 360 129
863423305 361 129
863423305 361 129
863423305 362 129
863423305 363 130
863423305 364 130
863423305 365 130
863423305 366 130
863423305 367 131
863423305 368 131
863423305 369 132
863423305 370 132
863423305 371 132
863423305 372 133
863423305 373 133
863423305 374 133
863423305 375 133
863423305 375 133
863423305 376 134
863423305 377 134
863423305 377 134
863423305 378 134
863423305 379 135
863423305 380 135
863423305 381 135
863423305 382 135
863423305 383 136
863423305 384 136
863423305 384 136
863423305 385 136
863423305 386 136
863423305 387 137
863423305 388 137
863423305 389 137
863423305 390 138
863423305 391 138
863423305 392 139
863423305 393 140
863423305 394 140
863423305 395 141
863423305 396 141
863423305 396 141
863423305 397 141
863423305 398 141
863423305 398 141
863423305 399 142
863423305 400 142
863423305 401 142
863423305 401 142
863423305 402 143
863423305 403 143
863423305 404 143
863423305 404 143
863423305 405 143
863423305 406 144
863423305 407 144
863423305 408 144
863423305 409 145
863423305 410 145
863423305 411 146
863423305 412 147
863423305 413 147
863423305 414 148
863423305 415 148
863423305 416 148
863423305 416 148
863423305 417 149
863423305 418 149
863423305 418 149
863423305 419 149
863423305 419 149
863423305 420 150
863423305 421 150
863423305 422 150
863423305 422 150
863423305 423 151
863423305 424 152
863423305 425 152
863423305 426 152
863423305 426 152
863423305 426 152
863423305 427 153
863423305 428 153
863423305 428 153
863423305 429 154
863423305 430 154
863423305 431 154
863423305 432 154
863423305 433 155
863423305 434 155
863423305 435 155
863423305 435 156
863423305 436 156
863423305 437 156
863423305 438 157
863423305 439 157
863423305 440 157
863423305 441 157
863423305 442 158
863423305 443 158
863423305 443 158
863423305 444 158
863423305 444 158
863423305 445 159
863423305 446 159
863423305 447 160
863423305 448 160
863423305 449 160
863423305 450 161
863423305 451 161
863423305 451 161
863423305 452 161
863423305 453 161
863423305 454 162
863423305 455 162
863423305 456 163
863423305 457 163
863423305 458 163
863423305 459 163
863423305 460 164
863423305 461 164
863423305 462 164
863423305 463 165
863423305 464 166
863423305 464 166
863423305 464 166
863423305 465 166
863423305 466 166
863423305 467 166
863423305 468 167
863423305 469 167
863423305 470 167
863423305 471 167
863423305 472 168
863423305 473 168
863423305 474 168
863423305 474 168
863423305 475 169
863423305 476 169
863423305 477 169
863423305 478 170
863423305 479 170
863423305 479 170
863423305 479 170
863423305 480 171
863423305 481 172
863423305 482 172
863423305 483 172
863423305 484 172
863423305 485 173
863423305 486 173
863423305 487 174
863423305 488 174
863423305 489 174
863423305 490 174
863423305 491 175
863423305 492 175
863423305 493 175
863423305 494 176
863423305 495 176
863423305 496 177
863423305 497 177
863423305 498 178
863423305 498 178
863423305 499 179
863423305 500 179
863423305 501 180
863423305 502 180
863423305 503 180
863423305 504 181
863423305 505 181
863423305 506 181
863423305 506 181
863423305 507 181
863423305 508 182
863423305 509 182
863423305 510 183
863423305 511 183
863423305 512 183
863423305 512 183
863423305 513 183
863423305 514 184
863423305 515 184
863423305 516 184
863423305 517 184
863423305 518 185
863423305 519 185
863423305 520 185
863423305 521 186
863423305 521 186
863423305 522 186
863423305 522 186
863423305 523 187
863423305 524 187
863423305 525 187
863423305 526 188
863423305 527 188
863423305 528 188
863423305 529 188
863423305 530 188
863423305 531 189
863423305 532 189
863423305 533 189
863423305 534 190
863423305 535 190
863423305 536 190
863423305 537 190
863423305 538 191
863423305 539 192
863423305 540 192
863423305 541 192
863423305 542 192
863423305 543 193
863423305 544 193
863423305 545 194
863423305 546 194
863423305 547 194
863423305 548 195
863423305 549 195
863423305 550 195
863423305 550 195
863423305 551 196
863423305 552 196
863423305 553 196
863423305 554 196
863423305 555 197
863423305 556 197
863423305 557 198
863423305 558 198
863423305 558 198
863423305 559 198
863423305 560 199
863423305 561 199
863423305 562 200
863423305 563 200
863423305 564 200
863423305 565 200
863423305 565 200
863423305 566 201
863423305 567 201
863423305 568 201
863423305 569 202
863423305 570 202
863423305 571 202
863423305 571 202
863423305 572 203
863423305 573 203
863423305 574 203
863423305 574 203
863423305 575 204
863423305 576 204
863423305 576 204
863423305 577 204
863423305 578 205
863423305 579 205
863423305 580 205
863423305 581 205
863423305 582 206
863423305 583 207
863423305 583 207
863423305 584 207
863423305 585 208
863423305 586 209
863423305 587 209
863423305 588 210
863423305 589 210
863423305 590 210
863423305 591 210
863423305 592 211
863423305 593 211
863423305 594 211
863423305 595 211
863423305 596 212
863423305 597 212
863423305 597 212
863423305 598 212
863423305 599 213
863423305 600 213
863423305 601 213
863423305 602 214
863423305 602 214
863423305 603 214
863423305 604 214
863423305 605 215
863423305 606 215
863423305 607 215
863423305 608 215
863423305 609 216
863423305 610 216
863423305 610 216
863423305 611 216
863423305 611 216
863423305 612 216
863423305 613 217
863423305 613 217
863423305 614 217
863423305 615 217
863423305 616 217
863423305 617 218
863423305 618 218
863423305 619 218
863423305 620 219
863423305 621 219
863423305 622 219
863423305 622 219
863423305 623 220
863423305 624 221
863423305 625 221
863423305 626 221
863423305 627 222
863423305 628 222
863423305 629 222
863423305 630 222
863423305 631 223
863423305 631 223
863423305 632 223
863423305 633 224
863423305 634 224
863423305 634 224
863423305 635 225
863423305 635 225
863423305 636 225
863423305 637 225
863423305 638 225
863423305 639 226
863423305 640 226
863423305 641 226
863423305 642 226
863423305 643 227
863423305 644 227
863423305 645 227
863423305 646 227
863423305 647 228
863423305 648 228
863423305 649 228
863423305 650 229
863423305 650 229
863423305 651 229
863423305 651 229
863423305 652 230
863423305 653 230
863423305 654 231
863423305 655 232
863423305 656 233
863423305 657 233
863423305 657 233
863423305 658 233
863423305 659 234
863423305 660 234
863423305 661 234
863423305 662 235
863423305 663 235
863423305 664 235
863423305 665 235
863423305 666 236
863423305 667 236
863423305 668 236
863423305 669 237
863423305 670 237
863423305 670 237
863423305 671 238
863423305 672 238
863423305 673 239
863423305 674 239
863423305 675 239
863423305 676 240
863423305 677 240
863423305 678 240
863423305 679 241
863423305 680 241
863423305 681 241
863423305 681 241
863423305 682 242
863423305 683 243
863423305 684 244
863423305 684 244
863423305 685 244
863423305 686 244
863423305 687 245
863423305 688 245
863423305 689 245
863423305 690 246
863423305 691 246
863423305 692 247
863423305 693 247
863423305 693 247
863423305 694 247
863423305 695 247
863423305 696 248
863423305 697 248
863423305 698 249
863423305 698 249
863423305 699 249
863423305 700 249
863423305 700 249
863423305 701 249
863423305 702 250
863423305 703 250
863423305 704 250
863423305 705 250
863423305 706 251
863423305 707 251
863423305 708 251
863423305 708 251
863423305 709 251
863423305 710 252
863423305 711 252
863423305 712 252
863423305 712 252
863423305 713 253
863423305 714 253
863423305 714 253
863423305 715 253
863423305 715 253
863423305 716 254
863423305 717 254
863423305 718 254
863423305 719 254
863423305 720 255
863423305 721 255
863423305 722 255
863423305 723 256
863423305 724 256
863423305 725 257
863423305 725 257
863423305 726 257
863423305 727 258
863423305 728 258
863423305 729 258
863423305 730 259
863423305 731 259
863423305 732 259
863423305 733 260
863423305 734 261
863423305 734 261
863423305 735 261
863423305 736 261
863423305 737 261
863423305 738 262
863423305 739 262
863423305 740 262
863423305 741 263
863423305 742 263
863423305 743 263
863423305 744 263
863423305 745 263
863423305 746 264
863423305 746 264
863423305 747 264
863423305 748 264
863423305 748 264
863423305 749 265
863423305 750 265
863423305 751 265
863423305 752 265
863423305 753 266
863423305 754 266
863423305 755 267
863423305 756 267
863423305 757 267
863423305 758 267
863423305 759 268
863423305 760 268
863423305 761 268
863423305 762 269
863423305 763 269
863423305 764 269
863423305 765 269
863423305 766 270
863423305 767 270
863423305 768 270
863423305 768 270
863423305 769 271
863423305 770 271
863423305 771 271
863423305 772 271
863423305 773 272
863423305 774 272
863423305 775 272
863423305 776 273
863423305 776 273
863423305 776 273
863423305 777 273
863423305 778 273
863423305 779 273
863423305 780 274
863423305 781 274
863423305 782 274
863423305 783 275
863423305 784 275
863423305 785 275
863423305 786 276
863423305 787 276
863423305 787 276
863423305 788 276
863423305 789 277
863423305 790 277
863423305 791 277
863423305 792 278
863423305 793 278
863423305 794 278
863423305 795 279
863423305 796 279
863423305 797 280
863423305 798 280
863423305 799 280
863423305 800 281
863423305 801 281
863423305 802 282
863423305 803 282
863423305 804 282
863423305 805 283
863423305 806 283
863423305 807 283
863423305 807 283
863423305 808 283
863423305 809 284
863423305 810 284
863423305 811 284
863423305 812 285
863423305 813 285
863423305 814 285
863423305 815 286
863423305 816 286
863423305 817 287
863423305 818 287
863423305 819 288
863423305 820 288
863423305 820 288
863423305 821 288
863423305 822 289
863423305 823 289
863423305 824 289
863423305 825 289
863423305 826 290
863423305 827 290
863423305 828 290
863423305 829 291
863423305 830 291
863423305 831 291
863423305 832 292
863423305 833 292
863423305 834 293
863423305 835 293
863423305 836 294
863423305 837 294
863423305 838 294
863423305 839 295
863423305 840 295
863423305 841 296
863423305 842 296
863423305 843 296
863423305 844 297
863423305 845 297
863423305 846 297
863423305 846 297
863423305 847 297
863423305 847 297
863423305 848 298
863423305 848 298
863423305 849 298
863423305 850 298
863423305 851 299
863423305 852 299
863423305 853 299
863423305 854 299
863423305 855 300
863423305 856 300
863423305 857 300
863423305 858 300
863423305 859 301
863423305 860 302
863423305 861 302
863423305 861 302
863423305 862 303
863423305 863 303
863423305 864 304
863423305 864 304
863423305 865 304
863423305 866 304
863423305 867 305
863423305 868 305
863423305 869 305
863423305 870 306
863423305 871 307
863423305 872 307
863423305 873 308
863423305 874 308
863423305 875 309
863423305 876 309
863423305 877 309
863423305 878 309
863423305 878 309
863423305 879 310
863423305 880 311
863423305 881 311
863423305 882 311
863423305 883 312
863423305 884 312
863423305 885 312
863423305 886 312
863423305 887 313
863423305 888 313
863423305 889 313
863423305 889 313
863423305 890 313
863423305 891 314
863423305 892 314
863423305 892 314
863423305 893 314
863423305 894 315
863423305 895 315
863423305 896 315
863423305 897 315
863423305 898 316
863423305 898 316
863423305 898 316
863423305 899 316
863423305 899 316
863423305 900 316
863423305 900 316
863423305 901 317
863423305 902 317
863423305 903 317
863423305 904 318
863423305 904 318
863423305 905 318
863423305 906 319
863423305 907 319
863423305 908 320
863423305 909 320
863423305 909 320
863423305 910 321
863423305 911 321
863423305 912 321
863423305 913 321
863423305 914 322
863423305 915 322
863423305 916 322
863423305 917 322
863423305 918 323
863423305 919 323
863423305 920 323
863423305 921 324
863423305 922 324
863423305 922 324
863423305 923 325
863423305 924 325
863423305 925 326
863423305 926 326
863423305 927 327
863423305 928 327
863423305 929 327
863423305 930 327
863423305 931 328
863423305 932 328
863423305 933 328
863423305 933 328
863423305 934 329
863423305 935 329
863423305 935 329
863423305 936 329
863423305 937 330
863423305 938 330
863423305 939 331
863423305 940 331
863423305 941 332
863423305 942 332
863423305 943 332
863423305 944 332
863423305 945 333
863423305 946 333
863423305 947 333
863423305 948 334
863423305 949 334
863423305 950 334
863423305 951 335
863423305 951 335
863423305 952 335
863423305 952 335
863423305 953 335
863423305 954 335
863423305 955 336
863423305 956 336
863423305 956 336
863423305 957 336
863423305 958 337
863423305 959 337
863423305 960 337
863423305 961 338
863423305 962 338
863423305 963 338
863423305 964 339
863423305 964 339
863423305 965 339
863423305 966 339
863423305 967 339
863423305 967 339
863423305 968 340
863423305 969 340
863423305 970 341
863423305 971 341
863423305 972 341
863423305 973 341
863423305 974 342
863423305 974 342
863423305 975 342
863423305 976 343
863423305 977 343
863423305 978 344
863423305 979 344
863423305 980 345
863423305 981 345
863423305 982 346
863423305 982 346
863423305 983 346
863423305 984 347
863423305 985 347
863423305 986 347
863423305 987 348
863423305 988 348
863423305 989 349
863423305 990 349
863423305 991 350
863423305 992 350
863423305 993 350
863423305 994 351
863423305 995 351
863423305 996 352
863423305 997 352
863423305 997 352
863423305 998 352
863423305 999 353
863423305 1000 353
863423305 1001 353
863423305 1002 354
863423305 1003 354
863423305 1004 354
863423305 1005 355
863423305 1006 355
863423305 1007 355
863423305 1008 356
863423305 1009 356
863423305 1010 356
863423305 1011 356
863423305 1012 357
863423305 1013 357
863423305 1014 357
863423305 1015 358
863423305 1015 358
863423305 1016 358
863423305 1017 358
863423305 1018 358
863423305 1018 359
863423305 1019 359
863423305 1020 359
863423305 1020 360
863423305 1021 360
863423305 1022 360
863423305 1022 361
863423305 1023 361
863423305 1024 361
863423305 1025 361
863423305 1026 362
863423305 1026 362
863423305 1026 362
863423305 1027 362
863423305 1028 362
863423305 1029 363
863423305 1030 363
863423305 1031 363
863423305 1032 363
863423305 1033 364
863423305 1034 364
863423305 1034 364
863423305 1035 364
863423305 1036 365
863423305 1037 365
863423305 1038 366
863423305 1039 366
863423305 1040 366
863423305 1041 366
863423305 1042 367
863423305 1043 367
863423305 1044 367
863423305 1045 367
863423305 1046 368
863423305 1047 368
863423305 1048 368
863423305 1049 369
863423305 1050 369
863423305 1051 369
863423305 1052 370
863423305 1053 370
863423305 1053 370
863423305 1054 370
863423305 1055 371
863423305 1056 371
863423305 1057 371
863423305 1058 372
863423305 1059 372
863423305 1059 372
863423305 1060 372
863423305 1061 373
863423305 1062 373
863423305 1063 373
863423305 1064 373
863423305 1065 374
863423305 1066 375
863423305 1067 375
863423305 1068 375
863423305 1069 376
863423305 1070 377
863423305 1070 377
863423305 1071 377
863423305 1072 377
863423305 1073 377
863423305 1074 378
863423305 1075 378
863423305 1076 378
863423305 1076 378
863423305 1077 379
863423305 1078 379
863423305 1079 379
863423305 1080 380
863423305 1080 380
863423305 1081 380
863423305 1082 380
863423305 1083 380
863423305 1084 381
863423305 1085 382
863423305 1085 382
863423305 1085 382
863423305 1086 382
863423305 1087 383
863423305 1088 383
863423305 1089 383
863423305 1090 384
863423305 1091 384
863423305 1092 385
863423305 1092 385
863423305 1093 385
863423305 1094 385
863423305 1095 386
863423305 1096 386
863423305 1097 386
863423305 1098 386
863423305 1099 387
863423305 1100 387
863423305 1101 387
863423305 1101 387
863423305 1102 388
863423305 1103 388
863423305 1103 388
863423305 1104 388
863423305 1105 388
863423305 1106 389
863423305 1107 389
863423305 1108 389
863423305 1109 390
863423305 1110 390
863423305 1110 390
863423305 1111 390
863423305 1112 391
863423305 1113 391
863423305 1113 391
863423305 1114 391
863423305 1115 392
863423305 1116 392
863423305 1117 392
863423305 1118 393
863423305 1119 393
863423305 1120 393
863423305 1121 393
863423305 1122 394
863423305 1123 394
863423305 1124 394
863423305 1125 395
863423305 1125 395
863423305 1126 395
863423305 1127 396
863423305 1128 396
863423305 1128 396
863423305 1129 396
863423305 1130 396
863423305 1131 397
863423305 1132 397
863423305 1133 397
863423305 1133 397
863423305 1134 398
863423305 1135 398
863423305 1136 399
863423305 1137 399
863423305 1138 400
863423305 1138 400
863423305 1138 400
863423305 1139 400
863423305 1140 401
863423305 1141 401
863423305 1142 401
863423305 1143 402
863423305 1144 402
863423305 1145 402
863423305 1145 402
863423305 1145 402
863423305 1146 402
863423305 1147 403
863423305 1148 403
863423305 1149 403
863423305 1150 404
863423305 1151 405
863423305 1152 405
863423305 1153 405
863423305 1154 405
863423305 1155 406
863423305 1156 406
863423305 1157 406
863423305 1157 406
863423305 1158 406
863423305 1159 407
863423305 1160 407
863423305 1161 407
863423305 1162 407
863423305 1163 408
863423305 1164 408
863423305 1165 408
863423305 1166 409
863423305 1167 409
863423305 1168 409
863423305 1169 409
863423305 1170 410
863423305 1171 410
863423305 1172 410
863423305 1173 411
863423305 1173 411
863423305 1174 411
863423305 1175 411
863423305 1176 411
863423305 1177 412
863423305 1178 412
863423305 1179 412
863423305 1180 413
863423305 1181 413
863423305 1182 413
863423305 1183 413
863423305 1184 414
863423305 1185 414
863423305 1186 415
863423305 1187 415
863423305 1188 415
863423305 1188 415
863423305 1189 415
863423305 1190 416
863423305 1191 417
863423305 1192 417
863423305 1193 417
863423305 1193 417
863423305 1194 418
863423305 1195 418
863423305 1196 418
863423305 1197 419
863423305 1198 419
863423305 1199 419
863423305 1200 419
863423305 1200 419
863423305 1201 420
863423305 1202 420
863423305 1203 421
863423305 1204 421
863423305 1204 421
863423305 1205 421
863423305 1205 421
863423305 1206 422
863423305 1207 422
863423305 1208 422
863423305 1209 423
863423305 1210 423
863423305 1211 423
863423305 1212 424
863423305 1213 424
863423305 1214 424
863423305 1215 425
863423305 1215 425
863423305 1216 425
863423305 1217 425
863423305 1218 425
863423305 1219 426
863423305 1220 426
863423305 1220 426
863423305 1220 426
863423305 1221 426
863423305 1221 426
863423305 1221 426
863423305 1222 427
863423305 1223 427
863423305 1223 427
863423305 1224 427
863423305 1225 428
863423305 1226 428
863423305 1226 428
863423305 1227 428
863423305 1228 428
863423305 1229 429
863423305 1229 429
863423305 1230 430
863423305 1231 430
863423305 1232 430
863423305 1233 431
863423305 1234 431
863423305 1234 431
863423305 1235 431
863423305 1236 432
863423305 1237 432
863423305 1238 432
863423305 1239 433
863423305 1240 433
863423305 1241 433
863423305 1241 433
863423305 1242 434
863423305 1243 435
863423305 1243 435
863423305 1244 435
863423305 1245 436
863423305 1246 436
863423305 1247 436
863423305 1248 437
863423305 1249 437
863423305 1250 438
863423305 1251 438
863423305 1252 438
863423305 1253 439
863423305 1254 439
863423305 1255 439
863423305 1256 440
863423305 1257 440
863423305 1258 441
863423305 1259 441
863423305 1260 441
863423305 1261 442
863423305 1262 443
863423305 1263 443
863423305 1264 443
863423305 1265 444
863423305 1265 444
863423305 1266 444
863423305 1267 444
863423305 1268 445
863423305 1268 445
863423305 1269 445
863423305 1269 445
863423305 1270 445
863423305 1271 445
863423305 1272 446
863423305 1273 446
863423305 1274 447
863423305 1275 448
863423305 1276 448
863423305 1277 448
863423305 1277 448
863423305 1278 448
863423305 1279 449
863423305 1280 449
863423305 1281 449
863423305 1282 450
863423305 1283 451
863423305 1284 451
863423305 1285 451
863423305 1286 452
863423305 1287 452
863423305 1288 452
863423305 1289 452
863423305 1289 452
863423305 1290 453
863423305 1291 453
863423305 1292 453
863423305 1293 454
863423305 1294 455
863423305 1295 456
863423305 1296 456
863423305 1297 456
863423305 1298 456
863423305 1299 457
863423305 1300 458
863423305 1301 458
863423305 1302 459
863423305 1302 459
863423305 1303 459
863423305 1304 459
863423305 1305 459
863423305 1306 460
863423305 1307 460
863423305 1308 460
863423305 1309 460
863423305 1310 461
863423305 1311 462
863423305 1312 462
863423305 1313 462
863423305 1314 462
863423305 1315 463
863423305 1315 463
863423305 1316 463
863423305 1317 463
863423305 1318 464
863423305 1319 465
863423305 1320 465
863423305 1321 465
863423305 1322 466
863423305 1323 466
863423305 1323 466
863423305 1324 466
863423305 1325 466
863423305 1326 467
863423305 1327 467
863423305 1328 467
863423305 1329 468
863423305 1330 468
863423305 1331 468
863423305 1332 468
863423305 1333 469
863423305 1334 469
863423305 1335 469
863423305 1336 470
863423305 1337 470
863423305 1338 470
863423305 1339 471
863423305 1340 471
863423305 1341 471
863423305 1342 472
863423305 1343 472
863423305 1343 472
863423305 1344 472
863423305 1345 472
863423305 1346 473
863423305 1347 473
863423305 1348 474
863423305 1348 474
863423305 1348 474
863423305 1349 474
863423305 1350 474
863423305 1350 474
863423305 1351 474
863423305 1352 475
863423305 1353 476
863423305 1354 476
863423305 1355 476
863423305 1356 477
863423305 1357 477
863423305 1358 477
863423305 1359 477
863423305 1360 478
863423305 1361 478
863423305 1362 478
863423305 1363 478
863423305 1364 479
863423305 1365 480
863423305 1366 480
863423305 1367 480
863423305 1367 480
863423305 1368 481
863423305 1369 481
863423305 1370 481
863423305 1371 482
863423305 1371 482
863423305 1371 482
863423305 1371 482
863423305 1372 482
863423305 1373 482
863423305 1374 483
863423305 1375 483
863423305 1376 483
863423305 1377 483
863423305 1378 484
863423305 1379 484
863423305 1380 485
863423305 1381 486
863423305 1382 486
863423305 1383 487
863423305 1384 487
863423305 1385 487
863423305 1386 488
863423305 1387 488
863423305 1388 488
863423305 1389 489
863423305 1390 489
863423305 1391 489
863423305 1392 490
863423305 1393 490
863423305 1394 491
863423305 1395 491
863423305 1396 492
863423305 1397 493
863423305 1398 493
863423305 1399 493
863423305 1400 494
863423305 1401 494
863423305 1402 494
863423305 1403 495
863423305 1404 496
863423305 1405 497
863423305 1405 497
863423305 1406 497
863423305 1407 497
863423305 1408 498
863423305 1408 498
863423305 1409 498
863423305 1410 498
863423305 1411 498
863423305 1412 499
863423305 1412 499
863423305 1413 499
863423305 1413 499
863423305 1414 499
863423305 1415 499
863423305 1416 500
863423305 1416 500
863423305 1417 500
863423305 1418 500
863423305 1419 501
863423305 1420 501
863423305 1421 501
863423305 1422 502
863423305 1423 502
863423305 1424 502
863423305 1424 502
863423305 1425 503
863423305 1426 503
863423305 1427 503
863423305 1428 503
863423305 1429 504
863423305 1430 504
863423305 1431 504
863423305 1432 505
863423305 1433 505
863423305 1434 505
863423305 1435 506
863423305 1435 506
863423305 1436 506
863423305 1437 507
863423305 1438 507
863423305 1438 507
863423305 1439 508
863423305 1440 508
863423305 1441 508
863423305 1442 509
863423305 1443 509
863423305 1444 510
863423305 1445 510
863423305 1446 510
863423305 1447 510
863423305 1447 510
863423305 1448 511
863423305 1449 511
863423305 1450 511
863423305 1451 512
863423305 1452 512
863423305 1453 513
863423305 1454 513
863423305 1455 513
863423305 1456 513
863423305 1457 514
863423305 1457 514
863423305 1458 514
863423305 1459 514
863423305 1460 515
863423305 1460 515
863423305 1461 515
863423305 1462 515
863423305 1463 516
863423305 1464 516
863423305 1464 516
863423305 1465 517
863423305 1466 517
863423305 1467 517
863423305 1468 518
863423305 1469 518
863423305 1470 518
863423305 1471 519
863423305 1472 519
863423305 1473 519
863423305 1474 520
863423305 1475 520
863423305 1476 520
863423305 1477 520
863423305 1477 520
863423305 1477 520
863423305 1477 520
863423305 1478 521
863423305 1479 521
863423305 1480 521
863423305 1481 522
863423305 1482 522
863423305 1483 522
863423305 1484 523
863423305 1485 523
863423305 1486 523
863423305 1487 524
863423305 1488 524
863423305 1489 524
863423305 1490 525
863423305 1491 525
863423305 1492 526
863423305 1493 526
863423305 1494 527
863423305 1495 527
863423305 1496 527
863423305 1496 527
863423305 1497 527
863423305 1498 528
863423305 1499 529
863423305 1500 529
863423305 1501 530
863423305 1502 530
863423305 1503 530
863423305 1504 530
863423305 1505 531
863423305 1506 531
863423305 1507 531
863423305 1508 532
863423305 1509 532
863423305 1509 532
863423305 1510 532
863423305 1511 532
863423305 1512 533
863423305 1513 533
863423305 1514 533
863423305 1515 534
863423305 1515 534
863423305 1515 534
863423305 1516 534
863423305 1517 534
863423305 1518 535
863423305 1519 535
863423305 1520 536
863423305 1521 536
863423305 1522 536
863423305 1523 537
863423305 1524 537
863423305 1524 537
863423305 1525 537
863423305 1526 538
863423305 1527 538
863423305 1528 538
863423305 1529 539
863423305 1530 539
863423305 1531 539
863423305 1532 539
863423305 1533 540
863423305 1534 540
863423305 1534 540
863423305 1535 541
863423305 1535 541
863423305 1536 541
863423305 1536 541
863423305 1537 541
863423305 1538 541
863423305 1539 542
863423305 1540 542
863423305 1541 542
863423305 1542 543
863423305 1543 543
863423305 1544 543
863423305 1544 543
863423305 1545 544
863423305 1546 544
863423305 1547 544
863423305 1547 544
863423305 1548 545
863423305 1548 545
863423305 1549 545
863423305 1550 546
863423305 1550 546
863423305 1551 546
863423305 1552 547
863423305 1553 547
863423305 1554 547
863423305 1554 547
863423305 1555 548
863423305 1556 548
863423305 1557 549
863423305 1558 549
863423305 1559 549
863423305 1560 550
863423305 1560 550
863423305 1561 550
863423305 1562 550
863423305 1563 551
863423305 1564 551
863423305 1565 551
863423305 1566 552
863423305 1567 552
863423305 1568 552
863423305 1569 553
863423305 1570 553
863423305 1571 553
863423305 1572 553
863423305 1573 554
863423305 1574 554
863423305 1575 554
863423305 1576 555
863423305 1577 555
863423305 1578 555
863423305 1579 555
863423305 1580 556
863423305 1581 556
863423305 1582 556
863423305 1583 557
863423305 1584 557
863423305 1585 557
863423305 1586 558
863423305 1587 558
863423305 1588 558
863423305 1589 559
863423305 1590 559
863423305 1591 559
863423305 1592 560
863423305 1593 560
863423305 1594 561
863423305 1595 561
863423305 1596 561
863423305 1597 562
863423305 1598 562
863423305 1599 562
863423305 1600 562
863423305 1601 563
863423305 1602 563
863423305 1602 563
863423305 1603 563
863423305 1604 564
863423305 1605 564
863423305 1606 564
863423305 1607 565
863423305 1608 566
863423305 1609 566
863423305 1610 566
863423305 1611 566
863423305 1612 567
863423305 1612 567
863423305 1613 568
863423305 1614 568
863423305 1615 568
863423305 1615 568
863423305 1615 568
863423305 1616 568
863423305 1617 569
863423305 1618 569
863423305 1619 569
863423305 1620 570
863423305 1621 570
863423305 1622 570
863423305 1623 571
863423305 1624 571
863423305 1625 571
863423305 1626 571
863423305 1627 573
863423305 1628 573
863423305 1629 573
863423305 1630 573
863423305 1630 573
863423305 1631 574
863423305 1632 574
863423305 1633 575
863423305 1634 575
863423305 1635 575
863423305 1636 576
863423305 1637 576
863423305 1637 576
863423305 1637 576
863423305 1638 576
863423305 1639 576
863423305 1639 576
863423305 1640 577
863423305 1641 577
863423305 1642 577
863423305 1643 577
863423305 1644 578
863423305 1645 578
863423305 1646 578
863423305 1647 579
863423305 1648 579
863423305 1649 579
863423305 1650 580
863423305 1651 580
863423305 1652 580
863423305 1653 581
863423305 1654 582
863423305 1655 582
863423305 1656 582
863423305 1656 582
863423305 1657 582
863423305 1658 583
863423305 1658 583
863423305 1659 583
863423305 1660 584
863423305 1661 584
863423305 1662 584
863423305 1663 585
863423305 1664 585
863423305 1665 585
863423305 1666 586
863423305 1667 586
863423305 1668 586
863423305 1669 586
863423305 1670 587
863423305 1671 587
863423305 1672 587
863423305 1673 588
863423305 1673 588
863423305 1674 588
863423305 1674 588
863423305 1675 588
863423305 1676 589
863423305 1677 589
863423305 1678 589
863423305 1679 590
863423305 1680 590
863423305 1681 590
863423305 1682 591
863423305 1682 591
863423305 1683 592
863423305 1684 592
863423305 1684 592
863423305 1685 593
863423305 1686 593
863423305 1687 594
863423305 1687 594
863423305 1688 594
863423305 1689 594
863423305 1690 595
863423305 1691 596
863423305 1692 596
863423305 1693 596
863423305 1694 597
863423305 1695 597
863423305 1696 597
863423305 1696 597
863423305 1696 597
863423305 1697 597
863423305 1698 598
863423305 1699 598
863423305 1700 598
863423305 1701 598
863423305 1702 599
863423305 1703 599
863423305 1704 599
863423305 1704 599
863423305 1705 600
863423305 1706 600
863423305 1706 600
863423305 1707 600
863423305 1708 601
