2757314583.0802 1 3
2116785506 2 3
1999627955 3 3
1999627955 4 4
1851053209 5 4
1851053209 6 4
1851053209 7 4
1851053209 7 4
1851053209 7 4
1643312346 8 5
1643312346 9 5
1643312346 10 5
1643312346 11 5
1643312346 12 6
1643312346 13 6
1345374403 14 6
1345374403 15 6
1345374403 16 7
1345374403 17 7
1345374403 17 7
1345374403 17 7
1345374403 18 7
1345374403 19 8
1345374403 20 8
1345374403 21 8
1345374403 22 8
1345374403 22 8
1345374403 23 9
1345374403 24 9
1345374403 25 9
1345374403 26 10
1345374403 27 10
1345374403 28 10
1345374403 29 11
1345374403 30 11
1345374403 30 11
1345374403 31 12
1345374403 31 12
1345374403 32 12
1345374403 33 13
1345374403 34 13
1345374403 35 14
1085474006 36 14
1085474006 37 14
1085474006 38 14
1085474006 39 15
1085474006 40 15
1085474006 41 15
1085474006 42 15
1085474006 43 16
1085474006 44 17
1085474006 45 17
1085474006 46 18
1085474006 47 18
1085474006 48 18
1085474006 49 19
1085474006 50 20
1085474006 51 20
1085474006 52 20
1085474006 53 21
1085474006 53 21
1085474006 54 21
1085474006 54 21
1085474006 55 22
1085474006 56 22
1085474006 57 22
1085474006 57 22
1085474006 57 22
1085474006 58 22
1085474006 59 23
1085474006 60 23
1085474006 60 23
1085474006 61 23
1085474006 61 23
1085474006 62 24
1085474006 63 24
1085474006 64 24
1085474006 65 24
1085474006 66 25
1085474006 67 25
1085474006 68 25
1085474006 68 25
1045501140 69 26
1045501140 70 27
1045501140 71 27
1045501140 72 27
1045501140 73 27
1045501140 74 28
1045501140 74 28
1045501140 75 28
1045501140 76 28
1045501140 77 29
1045501140 78 29
1045501140 79 29
1045501140 80 30
1045501140 81 30
1045501140 82 30
1045501140 83 30
1045501140 84 31
1045501140 84 31
1045501140 85 31
1045501140 86 31
1045501140 87 32
1045501140 88 32
1045501140 89 32
1045501140 90 33
1045501140 91 33
1045501140 92 33
1045501140 92 33
1045501140 93 34
1045501140 94 34
1045501140 95 34
1045501140 96 35
1045501140 97 35
1045501140 98 35
1045501140 99 36
1045501140 100 36
1045501140 101 36
1045501140 102 37
1045501140 103 37
1045501140 104 37
1045501140 105 38
1045501140 106 39
1045501140 107 40
1045501140 108 40
1045501140 109 40
1045501140 110 40
1045501140 111 41
1045501140 112 41
1045501140 113 41
1045501140 113 41
1045501140 114 42
1045501140 115 42
1045501140 115 42
1045501140 116 42
1045501140 117 42
1045501140 118 43
1045501140 119 43
1045501140 120 43
1045501140 121 43
1045501140 122 44
1045501140 122 44
1045501140 123 44
1045501140 124 44
1045501140 125 44
1045501140 126 45
1045501140 127 45
1045501140 128 45
1045501140 129 45
1045501140 130 46
1045501140 131 46
1045501140 132 47
1045501140 133 47
1045501140 134 47
1045501140 135 48
1045501140 135 48
1045501140 135 48
1045501140 136 48
1045501140 136 48
1045501140 137 48
1045501140 138 48
1045501140 139 49
1045501140 140 49
1045501140 141 49
1045501140 142 50
1045501140 143 50
1045501140 143 50
1045501140 144 50
1045501140 145 51
1045501140 146 51
1045501140 147 51
1045501140 148 51
1045501140 149 52
1045501140 150 52
1045501140 150 52
1045501140 151 52
1045501140 152 53
1045501140 153 53
1045501140 154 53
1045501140 155 53
1045501140 156 54
1045501140 157 55
1045501140 157 55
1045501140 158 55
1045501140 159 55
1045501140 160 56
1045501140 161 56
1045501140 162 57
1045501140 163 57
1045501140 164 57
1045501140 165 58
1045501140 166 58
1045501140 167 58
1045501140 168 59
1045501140 169 59
1045501140 170 59
1045501140 171 60
1045501140 172 60
1045501140 173 60
1045501140 174 61
1045501140 175 61
1045501140 176 61
1045501140 177 61
1045501140 178 61
1045501140 178 61
1045501140 179 62
1045501140 180 62
1045501140 181 62
1045501140 182 62
1045501140 183 63
1045501140 184 63
1045501140 185 64
1045501140 186 64
1045501140 187 65
1045501140 188 65
1045501140 189 66
1045501140 190 66
1045501140 191 66
1045501140 192 67
1045501140 193 68
1045501140 194 68
1045501140 195 68
1045501140 196 69
1045501140 197 69
1045501140 198 69
1045501140 199 69
1045501140 200 70
1045501140 200 70
1045501140 201 70
1045501140 202 70
1045501140 203 70
1045501140 204 71
1045501140 205 71
1045501140 206 71
1045501140 207 71
1045501140 208 72
1045501140 208 72
1045501140 209 72
1045501140 210 72
1045501140 211 72
1045501140 212 73
1045501140 213 73
1045501140 214 73
1045501140 215 74
1045501140 216 74
1045501140 217 74
1045501140 218 75
1045501140 218 75
1045501140 219 75
1045501140 219 75
1045501140 220 75
1045501140 221 75
1045501140 221 75
1045501140 222 76
1045501140 222 76
1045501140 223 76
1045501140 224 77
1045501140 225 77
1045501140 226 77
1045501140 227 78
1045501140 228 79
1045501140 229 79
1045501140 229 79
1045501140 230 79
1045501140 231 79
1045501140 231 79
1045501140 232 80
1045501140 232 80
1045501140 233 80
1045501140 234 80
1045501140 235 80
1045501140 236 81
1045501140 237 81
1045501140 238 81
1045501140 238 81
1045501140 239 82
1045501140 239 82
1045501140 240 82
1045501140 241 82
1045501140 242 83
1045501140 243 83
1045501140 243 83
1045501140 244 84
1045501140 245 84
1045501140 246 84
1045501140 247 85
1045501140 248 85
1045501140 249 85
1045501140 250 86
1045501140 251 86
1045501140 252 86
1045501140 253 87
1045501140 254 87
1045501140 255 87
1045501140 256 87
1045501140 257 88
1045501140 258 88
1045501140 259 88
1045501140 260 89
1045501140 261 89
1045501140 262 89
1045501140 263 90
1045501140 264 90
1045501140 264 90
1045501140 265 90
1045501140 266 91
1045501140 267 91
1045501140 268 91
1045501140 269 91
1045501140 270 92
1045501140 271 92
1045501140 272 93
1045501140 273 93
1045501140 274 93
1045501140 275 94
1045501140 276 94
1045501140 277 94
1045501140 278 94
1045501140 278 94
1045501140 279 95
1045501140 280 95
1045501140 281 95
1045501140 282 96
1045501140 283 96
1045501140 284 96
1045501140 284 96
1045501140 285 96
1045501140 286 97
1045501140 287 97
1045501140 288 97
1045501140 289 97
1045501140 290 98
1045501140 291 98
1045501140 292 99
1045501140 293 99
1045501140 294 100
1045501140 295 100
1045501140 296 100
1045501140 297 101
1045501140 298 101
1045501140 298 101
1045501140 299 101
1045501140 300 102
1045501140 301 103
1045501140 301 103
1045501140 302 103
1045501140 302 103
1045501140 303 103
1045501140 303 103
1045501140 304 103
1045501140 305 104
1045501140 306 104
1045501140 307 104
1045501140 308 105
1045501140 309 105
1045501140 310 105
1045501140 310 105
1045501140 310 105
1045501140 311 106
1045501140 312 106
1045501140 313 106
1045501140 314 107
1045501140 315 108
1045501140 316 108
1045501140 317 108
1045501140 318 109
1045501140 318 109
1045501140 318 109
1045501140 318 109
1045501140 319 110
1045501140 320 110
1045501140 321 110
1045501140 322 110
1045501140 323 111
1045501140 324 111
1045501140 325 112
1045501140 326 112
1045501140 326 112
1045501140 327 112
1045501140 327 112
1045501140 328 113
1045501140 329 113
1045501140 330 113
1045501140 331 113
1045501140 332 114
1045501140 333 114
1045501140 334 114
1045501140 335 114
1045501140 335 114
1045501140 336 115
1045501140 337 115
1045501140 338 115
1045501140 339 115
1045501140 340 116
1045501140 340 116
1045501140 340 116
1045501140 341 116
1045501140 342 116
1045501140 343 117
1045501140 344 117
1045501140 345 117
1045501140 346 117
1045501140 347 119
1045501140 348 119
1045501140 348 119
1045501140 349 119
1045501140 350 119
1045501140 351 120
1045501140 352 121
1045501140 353 121
1045501140 354 121
1045501140 355 122
1045501140 356 122
1045501140 357 122
1045501140 358 123
1045501140 359 123
1045501140 360 124
1045501140 361 124
1045501140 362 124
1045501140 363 125
1045501140 364 125
1045501140 365 125
1045501140 366 125
1045501140 366 125
1045501140 366 125
1045501140 367 126
1045501140 368 126
1045501140 369 126
1045501140 370 127
1045501140 371 127
1045501140 372 127
1045501140 373 128
1045501140 373 128
1045501140 374 128
1045501140 375 128
1045501140 375 128
1045501140 376 128
1045501140 377 129
1045501140 378 130
1045501140 379 130
1045501140 379 130
1045501140 380 130
1045501140 380 131
1045501140 381 131
1045501140 382 131
1045501140 382 131
1045501140 383 132
1045501140 384 132
1045501140 385 132
1045501140 386 132
1045501140 387 134
1045501140 388 134
1045501140 389 134
1045501140 390 134
1045501140 391 135
1045501140 392 135
1045501140 392 135
1045501140 392 135
1045501140 393 135
1045501140 394 136
1045501140 395 136
1045501140 396 136
1045501140 396 136
1045501140 396 136
1045501140 396 136
1045501140 396 136
1045501140 396 136
1045501140 396 136
1045501140 397 136
1045501140 397 136
1045501140 397 137
1045501140 398 137
1045501140 399 137
1045501140 400 137
1045501140 401 138
1045501140 402 138
1045501140 402 138
1045501140 402 138
1045501140 403 138
1045501140 404 139
1045501140 405 139
1045501140 406 139
1045501140 407 140
1045501140 408 140
1045501140 409 141
1045501140 409 141
1045501140 410 141
1045501140 411 141
1045501140 412 142
1045501140 413 142
1045501140 414 142
1045501140 415 143
1045501140 416 143
1045501140 417 143
1045501140 418 143
1045501140 418 143
1045501140 419 144
1045501140 420 144
1045501140 421 144
1045501140 422 144
1045501140 423 145
1045501140 424 145
1045501140 425 146
1045501140 426 147
1045501140 427 147
1045501140 428 147
1045501140 428 147
1045501140 428 147
1045501140 429 147
1045501140 430 148
1045501140 431 148
1045501140 432 148
1045501140 433 148
1045501140 434 149
1045501140 435 149
1045501140 436 149
1045501140 437 150
1045501140 438 150
1045501140 439 150
1045501140 440 151
1045501140 441 151
1045501140 442 151
1045501140 443 152
1045501140 444 152
1045501140 445 152
1045501140 446 154
1045501140 447 154
1045501140 448 154
1045501140 449 155
1045501140 450 155
1045501140 451 155
1045501140 452 156
1045501140 452 156
1045501140 453 156
1045501140 454 156
1045501140 454 156
1045501140 455 156
1045501140 456 157
1045501140 457 157
1045501140 457 157
1045501140 458 157
1045501140 459 157
1045501140 460 158
1045501140 461 158
1045501140 462 158
1045501140 463 159
1045501140 464 159
1045501140 465 159
1045501140 465 159
1045501140 466 160
1045501140 467 161
1045501140 468 161
1045501140 469 161
1045501140 470 162
1045501140 471 162
1045501140 472 163
1045501140 473 163
1045501140 473 163
1045501140 474 163
1045501140 475 164
1045501140 476 164
1045501140 476 164
1045501140 477 164
1045501140 478 165
1045501140 479 165
1045501140 480 165
1045501140 481 165
1045501140 481 166
1045501140 482 166
1045501140 483 166
1045501140 484 166
1045501140 485 167
1045501140 485 167
1045501140 486 168
1045501140 486 168
1045501140 487 168
1045501140 488 169
1045501140 489 169
1045501140 489 169
1045501140 490 169
1045501140 491 169
1045501140 492 170
1045501140 493 170
1045501140 494 171
1045501140 495 171
1045501140 496 172
1045501140 497 172
1045501140 498 172
1045501140 499 172
1045501140 500 173
1045501140 501 173
1045501140 502 173
1045501140 503 174
1045501140 504 174
1045501140 505 174
1045501140 506 175
1045501140 507 175
1045501140 508 175
1045501140 509 175
1045501140 510 176
1045501140 511 176
1045501140 512 177
1045501140 513 177
1045501140 514 178
1045501140 515 178
1045501140 516 178
1045501140 517 178
1045501140 517 178
1045501140 518 179
1045501140 519 180
1045501140 520 180
1045501140 521 180
1045501140 522 181
1045501140 523 181
1045501140 524 182
1045501140 525 182
1045501140 526 183
1045501140 527 183
1045501140 528 183
1045501140 529 183
1045501140 530 184
1045501140 531 184
1045501140 532 185
1045501140 533 185
1045501140 534 185
1045501140 535 186
1045501140 536 186
1045501140 537 186
1045501140 537 186
1045501140 538 187
1045501140 539 187
1045501140 540 187
1045501140 541 188
1045501140 541 188
1045501140 542 188
1045501140 543 189
1045501140 544 189
1045501140 545 189
1045501140 546 190
1045501140 546 190
1045501140 547 190
1045501140 548 190
1045501140 548 190
1045501140 549 191
1045501140 550 191
1045501140 550 191
1045501140 550 191
1045501140 550 191
1045501140 551 191
1045501140 552 192
1045501140 553 193
1045501140 553 193
1045501140 554 193
1045501140 555 194
1045501140 556 195
1045501140 556 195
1045501140 557 195
1045501140 558 195
1045501140 558 195
1045501140 558 195
1045501140 559 196
1045501140 560 196
1045501140 561 196
1045501140 562 196
1045501140 563 197
1045501140 564 197
1045501140 565 197
1045501140 566 197
1045501140 566 198
1045501140 567 198
1045501140 568 198
1045501140 569 199
1045501140 569 199
1045501140 570 199
1045501140 571 200
1045501140 572 200
1045501140 573 201
1045501140 574 201
1045501140 575 202
1045501140 576 202
1045501140 577 202
1045501140 578 202
1045501140 579 203
1045501140 580 203
1045501140 580 203
1045501140 581 203
1045501140 582 203
1045501140 583 204
1045501140 584 204
1045501140 585 204
1045501140 586 205
1045501140 587 205
1045501140 588 205
1045501140 589 206
1045501140 590 206
1045501140 591 206
1045501140 592 206
1045501140 593 207
1045501140 594 207
1045501140 595 207
1045501140 596 208
1045501140 596 208
1045501140 597 208
1045501140 598 209
1045501140 599 210
1045501140 600 210
1045501140 601 212
1045501140 602 212
1045501140 603 212
1045501140 604 213
1045501140 605 213
1045501140 606 213
1045501140 607 213
1045501140 608 214
1045501140 609 214
1045501140 610 214
1045501140 611 215
1045501140 612 215
1045501140 613 215
1045501140 614 215
1045501140 615 216
1045501140 615 216
1045501140 616 216
1045501140 617 216
1045501140 618 217
1045501140 619 217
1045501140 620 217
1045501140 621 217
1045501140 621 217
1045501140 622 218
1045501140 622 218
1045501140 623 218
1045501140 624 218
1045501140 625 219
1045501140 625 219
1045501140 626 219
1045501140 627 219
1045501140 628 219
1045501140 628 219
1045501140 629 220
1045501140 630 220
1045501140 630 220
1045501140 630 220
1045501140 631 220
1045501140 632 221
1045501140 633 221
1045501140 634 221
1045501140 635 221
1045501140 636 222
1045501140 636 222
1045501140 637 222
1045501140 638 222
1045501140 639 223
1045501140 640 223
1045501140 641 223
1045501140 642 224
1045501140 643 224
1045501140 644 225
1045501140 645 225
1045501140 646 225
1045501140 647 226
1045501140 648 226
1045501140 649 226
1045501140 649 227
1045501140 649 227
1045501140 650 227
1045501140 651 227
1045501140 652 227
1045501140 653 228
1045501140 654 229
1045501140 654 229
1045501140 655 230
1045501140 656 230
1045501140 657 230
1045501140 658 231
1045501140 658 231
1045501140 659 231
1045501140 660 231
1045501140 661 231
1045501140 662 232
1045501140 663 232
1045501140 664 233
1045501140 665 233
1045501140 666 233
1045501140 667 234
1045501140 668 234
1045501140 669 234
1045501140 669 234
1045501140 670 235
1045501140 671 235
1045501140 672 235
1045501140 673 235
1045501140 674 236
1045501140 675 236
1045501140 676 236
1045501140 677 236
1045501140 678 237
1045501140 679 238
1045501140 680 238
1045501140 681 238
1045501140 682 239
1045501140 683 239
1045501140 684 239
1045501140 684 239
1045501140 685 239
1045501140 686 240
1045501140 686 240
1045501140 686 240
1045501140 687 241
1045501140 688 241
1045501140 689 241
1045501140 690 241
1045501140 691 242
1045501140 692 243
1045501140 693 243
1045501140 694 243
1045501140 695 243
1045501140 696 244
1045501140 697 244
1045501140 698 244
1045501140 699 245
1045501140 700 245
1045501140 701 245
1045501140 702 246
1020878825 703 246
1020878825 704 246
1020878825 705 246
1020878825 706 247
1020878825 707 247
1020878825 708 247
1020878825 709 247
1020878825 710 248
1020878825 710 248
1020878825 711 248
1020878825 712 248
1020878825 713 248
1020878825 713 248
1020878825 714 249
1020878825 715 249
1020878825 716 249
1020878825 717 250
1020878825 718 250
1020878825 719 250
1020878825 720 251
1020878825 721 251
1020878825 722 251
1020878825 723 251
1020878825 723 251
1020878825 724 252
1020878825 725 253
1020878825 726 253
1020878825 727 254
1020878825 727 254
1020878825 728 254
1020878825 729 254
1020878825 730 255
1020878825 731 256
1020878825 732 256
1020878825 732 256
1020878825 733 256
1020878825 733 256
1020878825 734 257
1020878825 735 257
1020878825 736 257
1020878825 737 258
1020878825 737 258
1020878825 737 258
1020878825 738 259
1020878825 739 259
1020878825 740 259
1020878825 741 260
1020878825 742 260
1020878825 743 260
1020878825 744 261
1020878825 745 261
1020878825 746 261
1020878825 747 261
1020878825 748 262
1020878825 749 263
1020878825 750 263
1020878825 751 264
1020878825 752 264
1020878825 753 264
1020878825 754 265
1020878825 754 265
1020878825 755 265
1020878825 756 265
1020878825 757 265
1020878825 758 266
1020878825 759 266
1020878825 760 266
1020878825 761 267
1020878825 762 267
1020878825 763 267
1020878825 763 267
1020878825 764 268
1020878825 765 268
1020878825 766 268
1020878825 767 268
1020878825 768 269
1020878825 769 269
1020878825 769 269
1020878825 769 269
1020878825 770 269
1020878825 771 270
1020878825 772 270
1020878825 773 271
1020878825 774 271
1020878825 775 271
1020878825 776 272
1020878825 777 272
1020878825 778 272
1020878825 779 272
1020878825 779 272
1020878825 780 273
1020878825 780 273
1020878825 781 273
1020878825 782 273
1020878825 783 273
1020878825 784 274
1020878825 785 274
1020878825 786 274
1020878825 787 275
1020878825 788 275
1020878825 789 275
1020878825 790 276
1020878825 791 276
1020878825 791 276
1020878825 792 276
1020878825 793 277
1020878825 793 277
1020878825 794 277
1020878825 795 278
1020878825 796 278
1020878825 797 278
1020878825 798 278
1020878825 799 279
1020878825 800 280
1020878825 801 280
1020878825 802 280
1020878825 803 281
1020878825 804 281
1020878825 805 281
1020878825 806 282
1020878825 807 282
1020878825 808 282
1020878825 809 283
1020878825 810 283
1020878825 811 284
1020878825 812 284
1020878825 813 285
1020878825 814 285
1020878825 815 285
1020878825 816 285
1020878825 817 286
1020878825 818 286
1020878825 819 287
1020878825 820 287
1020878825 820 287
1020878825 821 287
1020878825 822 288
1020878825 823 288
1020878825 824 288
1020878825 824 288
1020878825 825 288
1020878825 826 289
1020878825 827 289
1020878825 828 289
1020878825 828 289
1020878825 829 289
1020878825 830 290
1020878825 831 290
1020878825 832 290
1020878825 833 291
1020878825 834 291
1020878825 835 291
1020878825 836 292
1020878825 837 292
1020878825 838 292
1020878825 839 293
1020878825 840 293
1020878825 841 293
1020878825 841 293
1020878825 842 293
1020878825 843 294
1020878825 844 294
1020878825 845 294
1020878825 846 295
1020878825 847 296
1020878825 848 296
1020878825 849 297
1020878825 850 297
1020878825 851 297
1020878825 852 297
1020878825 853 298
1020878825 853 298
1020878825 854 298
1020878825 855 298
1020878825 856 299
1020878825 857 299
1020878825 858 299
1020878825 859 299
1020878825 860 300
1020878825 861 300
1020878825 861 300
1020878825 862 301
1020878825 863 301
1020878825 863 301
1020878825 864 301
1020878825 865 301
1020878825 866 302
1020878825 866 302
1020878825 866 302
1020878825 867 302
1020878825 867 302
1020878825 868 302
1020878825 869 302
1020878825 870 303
1020878825 871 303
1020878825 871 303
1020878825 872 303
1020878825 873 304
1020878825 874 304
1020878825 874 304
1020878825 875 304
1020878825 876 304
1020878825 877 305
1020878825 878 305
1020878825 879 305
1020878825 880 306
1020878825 880 306
1020878825 881 306
1020878825 882 306
1020878825 883 307
1020878825 884 307
1020878825 885 307
1020878825 885 308
1020878825 885 308
1020878825 886 308
1020878825 887 308
1020878825 888 308
1020878825 889 309
1020878825 889 309
1020878825 890 309
1020878825 891 310
1020878825 891 310
1020878825 892 311
1020878825 893 311
1020878825 894 311
1020878825 894 311
1020878825 895 311
1020878825 896 312
1020878825 897 312
1020878825 898 313
1020878825 899 313
1020878825 899 313
1020878825 900 313
1020878825 901 314
1020878825 902 314
1020878825 903 314
1020878825 903 314
1020878825 904 315
1020878825 904 315
1020878825 905 315
1020878825 906 316
1020878825 907 316
1020878825 908 317
1020878825 908 317
1020878825 909 317
1020878825 910 318
1020878825 911 319
1020878825 912 319
1020878825 913 319
1020878825 914 320
1020878825 915 320
1020878825 915 320
1020878825 916 320
1020878825 917 320
1020878825 918 321
1020878825 919 321
1020878825 919 321
1020878825 920 322
1020878825 920 322
1020878825 921 322
1020878825 922 322
1020878825 923 323
1020878825 924 323
1020878825 925 323
1020878825 926 324
1020878825 927 324
1020878825 928 325
1020878825 929 325
1020878825 929 325
1020878825 930 325
1020878825 931 325
1020878825 932 326
1020878825 933 326
1020878825 934 326
1020878825 935 327
1020878825 936 327
1020878825 937 327
1020878825 938 328
1020878825 939 328
1020878825 939 328
1020878825 940 328
1020878825 941 328
1020878825 942 329
1020878825 943 329
1020878825 944 329
1020878825 945 330
1020878825 946 330
1020878825 947 330
1020878825 948 331
1020878825 949 331
1020878825 950 331
1020878825 951 331
1020878825 952 332
1020878825 953 332
1020878825 954 333
1020878825 954 333
1020878825 955 333
1020878825 956 333
1020878825 957 334
1020878825 958 334
1020878825 959 334
1020878825 960 334
1020878825 961 335
1020878825 962 335
1020878825 963 335
1020878825 964 336
1020878825 965 336
1020878825 965 336
1020878825 966 336
1020878825 967 337
1020878825 968 337
1020878825 969 337
1020878825 970 338
1020878825 971 339
1020878825 972 339
1020878825 973 340
1020878825 974 340
1020878825 975 340
1020878825 976 341
1020878825 977 342
1020878825 978 342
1020878825 979 342
1020878825 980 343
1020878825 981 343
1020878825 982 343
1020878825 983 343
1020878825 984 344
1020878825 985 345
1020878825 986 345
1020878825 987 345
1020878825 988 346
1020878825 989 346
1020878825 990 347
1020878825 990 347
1020878825 991 347
1020878825 992 347
1020878825 992 347
1020878825 992 347
1020878825 993 348
1020878825 994 348
1020878825 994 348
1020878825 994 348
1020878825 995 348
1020878825 996 348
1020878825 997 349
1020878825 998 349
1020878825 999 350
1020878825 1000 350
1020878825 1001 351
1020878825 1002 351
1020878825 1003 351
1020878825 1004 352
1020878825 1005 352
1020878825 1005 352
1020878825 1006 353
1020878825 1007 353
1020878825 1008 353
1020878825 1009 354
1020878825 1009 354
1020878825 1010 354
1020878825 1011 354
1020878825 1012 355
1020878825 1013 356
1020878825 1014 356
1020878825 1015 357
1020878825 1016 357
1020878825 1017 357
1020878825 1018 358
1020878825 1019 358
1020878825 1020 358
1020878825 1021 359
1020878825 1022 359
1020878825 1023 359
1020878825 1024 360
1020878825 1025 360
1020878825 1026 360
1020878825 1027 361
1020878825 1028 361
1020878825 1029 361
1020878825 1030 362
1020878825 1030 362
1020878825 1031 362
1020878825 1032 362
1020878825 1033 363
1020878825 1034 363
1020878825 1035 363
1020878825 1036 363
1020878825 1037 364
1020878825 1038 364
1020878825 1038 364
1020878825 1038 364
1020878825 1039 364
1020878825 1040 365
1020878825 1041 365
1020878825 1042 365
1020878825 1043 366
1020878825 1044 366
1020878825 1045 366
1020878825 1046 367
1020878825 1047 367
1020878825 1048 367
1020878825 1049 368
1020878825 1050 368
1020878825 1050 368
1020878825 1051 369
1020878825 1052 369
1020878825 1053 369
1020878825 1054 369
1020878825 1055 370
1020878825 1056 370
1020878825 1057 370
1020878825 1058 371
1020878825 1059 371
1020878825 1059 371
1020878825 1060 371
1020878825 1061 371
1020878825 1062 372
1020878825 1063 372
1020878825 1064 372
1020878825 1065 373
1020878825 1066 373
1020878825 1067 373
1020878825 1068 374
1020878825 1069 374
1020878825 1069 374
1020878825 1070 375
1020878825 1071 375
1020878825 1071 375
1020878825 1072 375
1020878825 1073 376
1020878825 1074 377
1020878825 1075 377
1020878825 1076 377
1020878825 1077 377
1020878825 1078 378
1020878825 1079 378
1020878825 1080 378
1020878825 1081 379
1020878825 1082 379
1020878825 1083 379
1020878825 1084 380
1020878825 1085 380
1020878825 1086 380
1020878825 1087 380
1020878825 1088 381
1020878825 1088 381
1020878825 1089 381
1020878825 1090 381
1020878825 1091 381
1020878825 1092 382
1020878825 1093 382
1020878825 1093 382
1020878825 1094 382
1020878825 1095 382
1020878825 1096 383
1020878825 1097 383
1020878825 1098 383
1020878825 1099 383
1020878825 1100 384
1020878825 1101 384
1020878825 1101 384
1020878825 1102 384
1020878825 1103 385
1020878825 1104 385
1020878825 1105 385
1020878825 1106 385
1020878825 1107 386
1020878825 1108 386
1020878825 1109 386
1020878825 1109 386
1020878825 1110 386
1020878825 1110 386
1020878825 1111 387
1020878825 1111 387
1020878825 1112 387
1020878825 1113 387
1020878825 1114 388
1020878825 1115 388
1020878825 1116 388
1020878825 1117 389
1020878825 1118 389
1020878825 1119 389
1020878825 1120 390
1020878825 1121 390
1020878825 1122 390
1020878825 1123 390
1020878825 1123 390
1020878825 1124 391
1020878825 1125 391
1020878825 1126 391
1020878825 1127 392
1020878825 1128 392
1020878825 1129 392
1020878825 1129 392
1020878825 1129 392
1020878825 1130 393
1020878825 1131 394
1020878825 1132 394
1020878825 1133 394
1020878825 1134 395
1020878825 1134 395
1020878825 1135 395
1020878825 1136 395
1020878825 1136 395
1020878825 1136 395
1020878825 1137 395
1020878825 1138 396
1020878825 1138 396
1020878825 1139 396
1020878825 1140 396
1020878825 1140 396
1020878825 1141 396
1020878825 1141 396
1020878825 1142 397
1020878825 1143 397
1020878825 1144 398
1020878825 1145 398
1020878825 1145 398
1020878825 1146 399
1020878825 1146 399
1020878825 1147 400
1020878825 1148 400
1020878825 1149 400
1020878825 1150 401
1020878825 1150 401
1020878825 1151 401
1020878825 1152 402
1020878825 1153 402
1020878825 1154 402
1020878825 1155 403
1020878825 1156 403
1020878825 1157 403
1020878825 1158 404
1020878825 1159 404
1020878825 1160 404
1020878825 1160 404
1020878825 1161 405
1020878825 1162 406
1020878825 1163 406
1020878825 1164 406
1020878825 1165 407
1020878825 1166 407
1020878825 1166 407
1020878825 1167 408
1020878825 1168 409
1020878825 1168 409
1020878825 1169 409
1020878825 1170 409
1020878825 1170 409
1020878825 1170 410
1020878825 1171 411
1020878825 1172 411
1020878825 1172 411
1020878825 1172 411
1020878825 1173 411
1020878825 1174 411
1020878825 1175 412
1020878825 1176 412
1020878825 1177 413
1020878825 1178 413
1020878825 1179 414
1020878825 1180 414
1020878825 1181 415
1020878825 1182 415
1020878825 1182 415
1020878825 1182 415
1020878825 1183 415
1020878825 1184 416
1020878825 1185 416
1020878825 1186 416
1020878825 1187 417
1020878825 1188 417
1020878825 1189 417
1020878825 1190 417
1020878825 1190 417
1020878825 1191 418
1020878825 1192 418
1020878825 1193 419
1020878825 1194 419
1020878825 1195 419
1020878825 1196 420
1020878825 1197 420
1020878825 1198 420
1020878825 1199 421
1020878825 1199 421
1020878825 1200 421
1020878825 1201 422
1020878825 1202 422
1020878825 1203 422
1020878825 1203 422
1020878825 1203 422
1020878825 1204 423
1020878825 1205 424
1020878825 1206 424
1020878825 1207 425
1020878825 1208 425
1020878825 1209 426
1020878825 1210 426
1020878825 1211 426
1020878825 1212 427
1020878825 1213 427
1020878825 1213 427
1020878825 1214 428
1020878825 1215 429
1020878825 1216 429
1020878825 1216 429
1020878825 1217 429
1020878825 1218 430
1020878825 1219 430
1020878825 1220 430
1020878825 1221 431
1020878825 1222 431
1020878825 1223 431
1020878825 1224 431
1020878825 1225 432
1020878825 1226 432
1020878825 1227 432
1020878825 1228 433
1020878825 1229 433
1020878825 1230 433
1020878825 1231 434
1020878825 1232 434
1020878825 1232 434
1020878825 1233 434
1020878825 1234 435
1020878825 1234 435
1020878825 1235 435
1020878825 1236 435
1020878825 1236 436
1020878825 1237 436
1020878825 1238 436
1020878825 1239 437
1020878825 1240 437
1020878825 1241 437
1020878825 1242 438
1020878825 1243 438
1020878825 1243 438
1020878825 1243 438
1020878825 1244 438
1020878825 1244 438
1020878825 1244 438
1020878825 1245 439
1020878825 1246 439
1020878825 1247 439
1020878825 1248 440
1020878825 1249 440
1020878825 1250 440
1020878825 1250 440
1020878825 1251 441
1020878825 1252 441
1020878825 1253 441
1020878825 1253 441
1020878825 1254 441
1020878825 1255 442
1020878825 1255 442
1020878825 1255 442
1020878825 1256 442
1020878825 1257 442
1020878825 1258 443
1020878825 1259 443
1020878825 1260 443
1020878825 1261 443
1020878825 1261 443
1020878825 1262 444
1020878825 1263 444
1020878825 1264 444
1020878825 1265 445
1020878825 1266 445
1020878825 1267 445
1020878825 1268 446
1020878825 1269 446
1020878825 1270 446
1020878825 1271 447
1020878825 1272 447
1020878825 1273 447
1020878825 1274 447
1020878825 1275 448
1020878825 1276 448
1020878825 1277 448
1020878825 1277 448
1020878825 1278 449
1020878825 1279 449
1020878825 1280 449
1020878825 1281 450
1020878825 1282 450
1020878825 1283 450
1020878825 1284 451
1020878825 1284 451
1020878825 1285 451
1020878825 1286 452
1020878825 1287 452
1020878825 1288 452
1020878825 1289 452
1020878825 1290 453
1020878825 1291 453
1020878825 1292 453
1020878825 1292 453
1020878825 1293 453
1020878825 1294 454
1020878825 1295 454
1020878825 1295 454
1020878825 1296 455
1020878825 1297 455
1020878825 1298 455
1020878825 1299 455
1020878825 1300 456
1020878825 1301 456
1020878825 1302 456
1020878825 1303 457
1020878825 1304 457
1020878825 1304 457
1020878825 1305 457
1020878825 1306 457
1020878825 1307 458
1020878825 1308 458
1020878825 1309 458
1020878825 1310 459
1020878825 1311 459
1020878825 1312 459
1020878825 1313 460
1020878825 1314 460
1020878825 1315 460
1020878825 1316 461
1020878825 1317 461
1020878825 1318 462
1020878825 1319 462
1020878825 1320 462
1020878825 1320 462
1020878825 1321 463
1020878825 1322 463
1020878825 1322 463
1020878825 1323 463
1020878825 1324 464
1020878825 1325 464
1020878825 1325 464
1020878825 1326 464
1020878825 1327 465
1020878825 1328 465
1020878825 1329 465
1020878825 1330 466
1020878825 1331 466
1020878825 1332 466
1020878825 1333 467
1020878825 1334 467
1020878825 1335 467
1020878825 1335 467
1020878825 1336 468
1020878825 1336 468
1020878825 1337 468
1020878825 1338 468
1020878825 1338 468
1020878825 1338 468
1020878825 1339 468
1020878825 1340 469
1020878825 1341 469
1020878825 1342 469
1020878825 1343 470
1020878825 1343 470
1020878825 1344 470
1020878825 1345 470
1020878825 1346 470
1020878825 1347 471
1020878825 1348 471
1020878825 1349 471
1020878825 1350 471
1020878825 1351 472
1020878825 1352 473
1020878825 1353 473
1020878825 1354 473
1020878825 1355 475
1020878825 1355 475
1020878825 1355 475
1020878825 1356 475
1020878825 1357 475
1020878825 1358 475
1020878825 1359 476
1020878825 1360 476
1020878825 1360 476
1020878825 1361 476
1020878825 1362 477
1020878825 1363 478
1020878825 1364 478
1020878825 1365 479
1020878825 1366 479
1020878825 1367 479
1020878825 1368 479
1020878825 1369 480
1020878825 1370 480
1020878825 1370 480
1020878825 1371 481
1020878825 1372 481
1020878825 1373 481
1020878825 1374 481
1020878825 1375 482
1020878825 1376 482
1020878825 1377 483
1020878825 1377 483
1020878825 1378 483
1020878825 1379 484
1020878825 1379 484
1020878825 1380 484
1020878825 1381 484
1020878825 1382 484
1020878825 1383 485
1020878825 1383 485
1020878825 1384 485
1020878825 1385 485
1020878825 1385 485
1020878825 1385 485
1020878825 1385 485
1020878825 1386 485
1020878825 1387 486
1020878825 1388 486
1020878825 1389 486
1020878825 1390 487
1020878825 1390 487
1020878825 1391 487
1020878825 1392 487
1020878825 1393 487
1020878825 1393 487
1020878825 1394 488
1020878825 1395 488
1020878825 1396 488
1020878825 1396 488
1020878825 1396 488
1020878825 1397 489
1020878825 1398 489
1020878825 1399 489
1020878825 1399 489
1020878825 1400 490
1020878825 1401 490
1020878825 1402 490
1020878825 1403 491
1020878825 1404 491
1020878825 1405 491
1020878825 1406 492
1020878825 1407 492
1020878825 1407 492
1020878825 1408 493
1020878825 1409 493
1020878825 1410 494
1020878825 1411 494
1020878825 1412 494
1020878825 1413 494
1020878825 1414 495
1020878825 1414 495
1020878825 1414 495
1020878825 1414 495
1020878825 1415 495
1020878825 1416 496
1020878825 1416 496
1020878825 1417 496
1020878825 1418 496
1020878825 1419 496
1020878825 1420 497
1020878825 1421 497
1020878825 1422 498
1020878825 1423 498
1020878825 1423 498
1020878825 1424 498
1020878825 1425 498
1020878825 1426 499
1020878825 1426 499
1020878825 1427 499
1020878825 1428 499
1020878825 1429 500
1020878825 1430 500
1020878825 1431 500
1020878825 1432 500
1020878825 1432 500
1020878825 1433 501
1020878825 1434 501
1020878825 1435 501
1020878825 1436 502
1020878825 1437 502
1020878825 1438 502
1020878825 1439 503
1020878825 1439 503
1020878825 1440 503
1020878825 1441 504
1020878825 1442 504
1020878825 1443 505
1020878825 1444 505
1020878825 1445 506
1020878825 1446 507
1020878825 1447 507
1020878825 1447 507
1020878825 1448 507
1020878825 1449 507
1020878825 1450 508
1020878825 1450 508
1020878825 1451 508
1020878825 1452 508
1020878825 1453 509
1020878825 1453 509
1020878825 1453 509
1020878825 1454 509
1020878825 1455 509
1020878825 1456 509
1020878825 1457 510
1020878825 1458 510
1020878825 1459 510
1020878825 1460 511
1020878825 1460 511
1020878825 1461 511
1020878825 1461 511
1020878825 1462 511
1020878825 1463 512
1020878825 1464 512
1020878825 1465 512
1020878825 1466 513
1020878825 1466 513
1020878825 1467 513
1020878825 1468 513
1020878825 1469 514
1020878825 1470 514
1020878825 1471 514
1020878825 1472 515
1020878825 1473 515
1020878825 1473 515
1020878825 1474 515
1020878825 1475 516
1020878825 1476 516
1020878825 1477 516
1020878825 1478 517
1020878825 1479 517
1020878825 1480 517
1020878825 1481 518
1020878825 1482 518
1020878825 1483 518
1020878825 1484 519
1020878825 1485 519
1020878825 1486 519
1020878825 1486 519
1020878825 1487 519
1020878825 1488 520
1020878825 1489 520
1020878825 1490 521
1020878825 1490 521
1020878825 1491 521
1020878825 1492 521
1020878825 1493 522
1020878825 1494 522
1020878825 1495 522
1020878825 1496 523
1020878825 1497 523
1020878825 1498 523
1020878825 1499 524
1020878825 1500 524
1020878825 1501 525
1020878825 1502 526
1020878825 1503 526
1020878825 1504 526
1020878825 1505 527
1020878825 1506 527
1020878825 1507 528
1020878825 1508 528
1020878825 1508 528
1020878825 1508 528
1020878825 1509 528
1020878825 1510 528
1020878825 1511 529
1020878825 1512 529
1020878825 1513 529
1020878825 1514 530
1020878825 1515 530
1020878825 1516 530
1020878825 1517 531
1020878825 1518 531
1020878825 1519 532
1020878825 1520 532
1020878825 1521 533
1020878825 1522 534
1020878825 1523 534
1020878825 1523 534
1020878825 1523 534
1020878825 1524 534
1020878825 1525 535
1020878825 1526 535
1020878825 1527 535
1020878825 1528 536
1020878825 1529 536
1020878825 1530 536
1020878825 1531 537
1020878825 1532 537
1020878825 1533 537
1020878825 1534 537
1020878825 1535 538
1020878825 1536 538
1020878825 1537 538
1020878825 1538 539
1020878825 1539 539
1020878825 1539 539
1020878825 1540 540
1020878825 1541 540
1020878825 1542 541
1020878825 1543 541
1020878825 1543 541
1020878825 1544 541
1020878825 1545 542
1020878825 1546 542
1020878825 1546 542
1020878825 1547 542
1020878825 1548 542
1020878825 1549 543
1020878825 1550 543
1020878825 1551 543
1020878825 1551 543
1020878825 1552 543
1020878825 1553 544
1020878825 1554 545
1020878825 1555 545
1020878825 1556 546
1020878825 1557 546
1020878825 1558 547
1020878825 1559 547
1020878825 1560 547
1020878825 1561 549
1020878825 1562 549
1020878825 1563 549
1020878825 1564 549
1020878825 1565 550
1020878825 1566 550
1020878825 1567 550
1020878825 1568 551
1020878825 1568 551
1020878825 1569 551
1020878825 1570 551
1020878825 1571 552
1020878825 1572 552
1020878825 1572 552
1020878825 1573 552
1020878825 1574 552
1020878825 1575 553
1020878825 1576 553
1020878825 1577 553
1020878825 1578 554
1020878825 1579 554
1020878825 1580 555
1020878825 1581 555
1020878825 1582 555
1020878825 1582 555
1020878825 1583 556
1020878825 1584 556
1020878825 1585 556
1020878825 1586 557
1020878825 1587 557
1020878825 1588 558
1020878825 1589 558
1020878825 1590 558
1020878825 1591 559
1020878825 1592 559
1020878825 1592 559
1020878825 1593 560
1020878825 1594 560
1020878825 1594 560
1020878825 1595 561
1020878825 1596 561
1020878825 1597 562
1020878825 1598 562
1020878825 1598 562
1020878825 1599 562
1020878825 1600 562
1020878825 1601 563
1020878825 1602 563
1020878825 1603 564
1020878825 1604 564
1020878825 1605 564
1020878825 1606 564
1020878825 1607 565
1020878825 1608 565
1020878825 1609 565
1020878825 1610 566
1020878825 1611 566
1020878825 1612 566
1020878825 1613 567
1020878825 1614 567
1020878825 1615 567
1020878825 1615 567
1020878825 1615 567
1020878825 1616 567
1020878825 1617 568
1020878825 1618 568
1020878825 1619 568
1020878825 1619 568
1020878825 1620 568
1020878825 1621 569
1020878825 1621 569
1020878825 1622 569
1020878825 1623 569
1020878825 1624 570
1020878825 1625 570
1020878825 1626 570
1020878825 1626 570
1020878825 1627 570
1020878825 1628 571
1020878825 1629 571
1020878825 1630 572
1020878825 1631 572
1020878825 1632 572
1020878825 1633 572
1020878825 1634 573
1020878825 1635 573
1020878825 1636 573
1020878825 1637 574
1020878825 1638 575
1020878825 1638 575
1020878825 1639 575
1020878825 1640 575
1020878825 1641 576
1020878825 1642 576
1020878825 1643 576
1020878825 1644 576
1020878825 1644 576
1020878825 1645 577
1020878825 1646 577
1020878825 1647 577
1020878825 1648 577
1020878825 1648 577
1020878825 1649 578
1020878825 1650 578
1020878825 1651 578
1020878825 1651 578
1020878825 1652 579
1020878825 1653 579
1020878825 1654 579
1020878825 1655 579
1020878825 1656 580
1020878825 1657 580
1020878825 1658 580
1020878825 1659 580
1020878825 1659 581
1020878825 1659 581
1020878825 1660 581
1020878825 1661 581
1020878825 1662 581
1020878825 1663 582
1020878825 1664 582
1020878825 1665 582
1020878825 1666 583
1020878825 1667 583
1020878825 1668 584
1020878825 1669 584
1020878825 1670 585
1020878825 1670 585
1020878825 1671 585
1020878825 1672 585
1020878825 1673 586
1020878825 1674 586
1020878825 1675 586
1020878825 1676 586
1020878825 1677 587
1020878825 1678 587
1020878825 1678 587
1020878825 1679 588
1020878825 1680 588
1020878825 1681 588
1020878825 1682 589
1020878825 1683 589
1020878825 1684 589
1020878825 1684 589
1020878825 1685 590
1020878825 1686 590
1020878825 1686 590
1020878825 1687 590
1020878825 1688 591
1020878825 1689 591
1020878825 1690 592
1020878825 1691 592
1020878825 1692 592
1020878825 1693 593
1020878825 1694 593
1020878825 1695 593
1020878825 1696 593
1020878825 1697 594
1020878825 1698 594
1020878825 1698 594
1020878825 1699 594
1020878825 1700 595
1020878825 1700 595
1020878825 1701 595
1020878825 1702 596
1020878825 1703 596
1020878825 1703 596
1020878825 1704 596
1020878825 1705 597
1020878825 1706 597
1020878825 1707 597
1020878825 1708 598
1020878825 1709 598
1020878825 1710 598
1020878825 1711 598
1020878825 1712 599
1020878825 1713 599
1020878825 1714 599
1020878825 1715 600
1020878825 1716 600
1020878825 1717 600
1020878825 1717 600
1020878825 1718 601
