2572527998 1 3
1994600089 2 3
1516278183 3 4
1516278183 4 4
1516278183 5 4
1516278183 6 4
1243756156.9424 7 5
1243756156.9424 8 5
1243756156.9424 9 5
1243756156.9424 10 6
1243756156.9424 11 7
1243756156.9424 11 7
1243756156.9424 11 7
1243756156.9424 12 8
1243756156.9424 13 8
1243756156.9424 14 9
1243756156.9424 14 9
1243756156.9424 15 9
1243756156.9424 16 9
1243756156.9424 17 10
1243756156.9424 18 10
1243756156.9424 19 10
1243756156.9424 20 10
1243756156.9424 21 11
1243756156.9424 22 11
1243756156.9424 23 12
1243756156.9424 24 12
1243756156.9424 25 12
1243756156.9424 26 13
1243756156.9424 27 13
1243756156.9424 28 13
1243756156.9424 29 13
1243756156.9424 29 13
1243756156.9424 30 14
1243756156.9424 31 14
1243756156.9424 32 15
1243756156.9424 33 15
1243756156.9424 33 15
1243756156.9424 34 15
1243756156.9424 35 16
1243756156.9424 35 16
1243756156.9424 36 16
1243756156.9424 37 16
1243756156.9424 38 17
1243756156.9424 39 17
1243756156.9424 40 17
1243756156.9424 40 17
1243756156.9424 41 18
1243756156.9424 42 18
1243756156.9424 43 19
1243756156.9424 44 19
1243756156.9424 44 19
1243756156.9424 44 19
1243756156.9424 45 19
1243756156.9424 46 20
1243756156.9424 47 20
1243756156.9424 48 20
1243756156.9424 49 20
1243756156.9424 50 21
1243756156.9424 51 21
1243756156.9424 52 21
1243756156.9424 52 21
1243756156.9424 53 22
1243756156.9424 54 22
1243756156.9424 55 22
1243756156.9424 56 23
1243756156.9424 57 23
1243756156.9424 58 23
1243756156.9424 59 23
1243756156.9424 60 24
1243756156.9424 61 24
1243756156.9424 62 24
1243756156.9424 63 25
1243756156.9424 64 26
1243756156.9424 65 26
1243756156.9424 66 26
1243756156.9424 67 26
1243756156.9424 68 27
1243756156.9424 69 27
1243756156.9424 70 27
1243756156.9424 71 28
1243756156.9424 71 28
1243756156.9424 72 28
1243756156.9424 73 28
1243756156.9424 74 29
1243756156.9424 75 29
1243756156.9424 76 29
1243756156.9424 77 29
1243756156.9424 77 30
1243756156.9424 78 30
1243756156.9424 79 31
1243756156.9424 80 31
1243756156.9424 81 32
1243756156.9424 82 33
1243756156.9424 83 33
1243756156.9424 84 33
1243756156.9424 85 34
1243756156.9424 86 34
1243756156.9424 87 34
1243756156.9424 88 35
1243756156.9424 89 35
1243756156.9424 90 35
1243756156.9424 91 36
1243756156.9424 92 36
1243756156.9424 93 36
1243756156.9424 94 36
1243756156.9424 95 37
1243756156.9424 96 37
1243756156.9424 97 38
1243756156.9424 98 38
1243756156.9424 99 39
1243756156.9424 100 39
1243756156.9424 101 39
1243756156.9424 102 39
1243756156.9424 103 40
1243756156.9424 104 41
1243756156.9424 105 41
1243756156.9424 106 42
1243756156.9424 107 42
1243756156.9424 108 42
1243756156.9424 109 43
1243756156.9424 110 43
1243756156.9424 111 44
1243756156.9424 111 44
1243756156.9424 112 45
1243756156.9424 113 45
1243756156.9424 114 45
1243756156.9424 115 46
1243756156.9424 116 46
1243756156.9424 117 46
1243756156.9424 118 46
1243756156.9424 119 47
1243756156.9424 120 47
1243756156.9424 120 47
1243756156.9424 121 48
1243756156.9424 122 48
1243756156.9424 122 48
1243756156.9424 123 48
1243756156.9424 124 48
1243756156.9424 125 50
1243756156.9424 126 50
1243756156.9424 127 50
1243756156.9424 128 51
1243756156.9424 129 51
1243756156.9424 130 51
1243756156.9424 131 51
1243756156.9424 132 52
1243756156.9424 132 52
1243756156.9424 133 52
1243756156.9424 134 52
1243756156.9424 135 52
1243756156.9424 135 52
1243756156.9424 136 53
1243756156.9424 137 53
1243756156.9424 138 53
1243756156.9424 139 54
1243756156.9424 140 54
1243756156.9424 141 55
1243756156.9424 142 55
1243756156.9424 142 55
1243756156.9424 143 55
1243756156.9424 143 55
1243756156.9424 143 55
1243756156.9424 144 56
1243756156.9424 145 56
1243756156.9424 146 56
1243756156.9424 147 57
1243756156.9424 148 57
1243756156.9424 149 57
1243756156.9424 150 58
1243756156.9424 151 58
1243756156.9424 152 58
1243756156.9424 153 59
1243756156.9424 154 59
1243756156.9424 155 59
1243756156.9424 155 59
1243756156.9424 156 60
1243756156.9424 156 60
1243756156.9424 157 61
1243756156.9424 157 61
1243756156.9424 158 61
1243756156.9424 159 61
1243756156.9424 160 61
1243756156.9424 161 62
1243756156.9424 162 62
1243756156.9424 162 62
1243756156.9424 163 62
1243756156.9424 164 62
1243756156.9424 165 63
1243756156.9424 166 63
1243756156.9424 166 63
1243756156.9424 166 63
1243756156.9424 166 63
1243756156.9424 167 63
1243756156.9424 168 64
1243756156.9424 169 65
1243756156.9424 170 65
1243756156.9424 170 65
1243756156.9424 171 65
1243756156.9424 172 66
1243756156.9424 173 66
1243756156.9424 174 67
1243756156.9424 175 67
1243756156.9424 176 68
1243756156.9424 177 68
1243756156.9424 178 68
1243756156.9424 179 69
1243756156.9424 179 69
1243756156.9424 180 69
1243756156.9424 180 69
1243756156.9424 181 69
1243756156.9424 182 70
1243756156.9424 183 70
1243756156.9424 184 70
1243756156.9424 185 70
1238382725 186 71
1238382725 187 72
1238382725 188 72
1238382725 189 72
1238382725 190 72
1238382725 190 72
1238382725 191 73
1238382725 192 73
1238382725 193 73
1238382725 194 74
1238382725 195 74
1238382725 196 74
1238382725 197 75
1238382725 198 75
1238382725 199 75
1238382725 200 76
1238382725 201 76
1238382725 202 77
1238382725 203 77
1238382725 204 77
1238382725 205 78
1238382725 206 78
1238382725 207 78
1238382725 207 78
1238382725 208 78
1238382725 208 79
1238382725 209 79
1238382725 210 79
1238382725 211 79
1238382725 212 80
1238382725 212 80
1238382725 213 80
1238382725 214 81
1238382725 215 81
1238382725 216 81
1238382725 217 82
1238382725 218 82
1238382725 219 82
1238382725 220 83
1238382725 221 83
1238382725 222 84
1238382725 223 85
1238382725 224 85
1238382725 225 85
1238382725 226 85
1238382725 226 85
1238382725 227 86
1238382725 228 86
1238382725 229 87
1238382725 230 87
1238382725 231 87
1238382725 232 88
1238382725 233 88
1238382725 233 88
1238382725 234 88
1238382725 235 89
1238382725 236 90
1238382725 237 90
1238382725 238 90
1238382725 238 90
1238382725 239 90
1238382725 240 91
1238382725 241 91
1238382725 242 91
1238382725 243 92
1238382725 243 92
1238382725 244 92
1238382725 244 92
1238382725 245 93
1238382725 246 93
1238382725 247 93
1238382725 248 94
1238382725 249 94
1238382725 250 94
1238382725 251 94
1238382725 252 95
1238382725 253 95
1119689548 254 95
1119689548 255 95
1119689548 256 96
1119689548 257 96
1119689548 258 96
1119689548 259 97
1119689548 260 97
1119689548 260 97
1119689548 261 98
1119689548 262 98
1119689548 263 99
1119689548 264 99
1119689548 265 100
1119689548 266 100
1119689548 267 100
1119689548 267 100
1119689548 267 100
1119689548 268 101
1119689548 269 101
1119689548 270 101
1119689548 271 102
1119689548 271 102
1119689548 271 102
1119689548 272 102
1119689548 273 102
1119689548 274 103
1119689548 274 103
1119689548 275 104
1119689548 276 104
1119689548 277 104
1119689548 278 105
1119689548 279 105
1119689548 280 105
1119689548 281 105
1119689548 281 105
1119689548 282 106
1119689548 282 106
1119689548 283 106
1119689548 284 107
1119689548 285 107
1119689548 286 108
1119689548 287 108
1119689548 288 109
1119689548 289 109
1119689548 290 109
1119689548 291 110
1119689548 292 110
1119689548 293 110
1119689548 293 110
1119689548 294 111
1119689548 294 111
1119689548 295 111
1119689548 295 111
1119689548 296 112
1119689548 297 113
1119689548 298 113
1119689548 299 113
1119689548 300 113
1119689548 301 114
1119689548 302 114
1119689548 303 115
1119689548 304 115
1119689548 304 115
1119689548 305 115
1119689548 306 115
1119689548 306 115
1119689548 306 115
1119689548 307 116
1119689548 308 116
1119689548 308 116
1119689548 309 116
1119689548 310 117
1119689548 311 117
1119689548 312 118
1119689548 313 118
1119689548 314 119
1119689548 315 119
1119689548 316 120
1119689548 317 120
1119689548 318 120
1119689548 319 121
1119689548 320 122
1119689548 321 122
1119689548 322 122
1119689548 323 122
1119689548 324 123
1119689548 325 123
1119689548 326 123
1119689548 326 123
1119689548 327 124
1119689548 328 124
1119689548 329 124
1119689548 330 125
1119689548 331 125
1119689548 332 126
1119689548 333 126
1119689548 334 126
1119689548 334 126
1119689548 335 126
1119689548 336 127
1119689548 336 127
1119689548 337 127
1119689548 338 127
1119689548 339 128
1119689548 340 129
1119689548 341 129
1119689548 342 130
1119689548 342 130
1119689548 343 130
1119689548 344 130
1119689548 345 131
1119689548 345 131
1119689548 346 131
1119689548 347 131
1119689548 348 132
1119689548 349 132
1119689548 350 132
1119689548 351 132
1119689548 352 133
1119689548 353 133
1119689548 354 133
1119689548 355 134
1119689548 356 134
1119689548 357 134
1119689548 357 134
1119689548 358 135
1119689548 359 135
1119689548 360 135
1119689548 361 135
1119689548 362 136
1119689548 363 136
1119689548 364 136
1119689548 365 137
1119689548 366 137
1119689548 367 137
1119689548 368 138
1119689548 369 139
1119689548 370 139
1119689548 370 139
1119689548 371 139
1119689548 372 140
1119689548 373 140
1119689548 374 141
1119689548 374 141
1119689548 375 141
1119689548 376 142
1119689548 377 142
1119689548 377 142
1119689548 378 143
1119689548 379 143
1119689548 380 143
1119689548 381 143
1119689548 382 144
1119689548 383 144
1119689548 383 144
1119689548 384 144
1119689548 385 144
1119689548 386 145
1119689548 387 145
1119689548 388 145
1119689548 389 146
1119689548 390 146
1119689548 391 146
1119689548 392 147
1119689548 393 148
1119689548 394 148
1119689548 395 148
1119689548 396 149
1119689548 397 149
1119689548 398 149
1119689548 399 149
1119689548 400 150
1119689548 401 150
1119689548 401 150
1119689548 402 151
1119689548 403 151
1119689548 404 151
1119689548 405 151
1119689548 406 152
1119689548 407 152
1119689548 408 152
1119689548 409 153
1119689548 410 154
1119689548 410 154
1119689548 410 154
1119689548 411 154
1119689548 412 154
1119689548 413 154
1119689548 413 154
1119689548 414 155
1119689548 415 155
1119689548 416 155
1119689548 417 155
1119689548 418 156
1119689548 419 156
1119689548 420 157
1119689548 420 157
1119689548 421 157
1119689548 422 158
1119689548 423 158
1119689548 423 158
1119689548 424 158
1119689548 425 159
1119689548 426 159
1119689548 427 159
1119689548 428 160
1119689548 428 160
1119689548 429 160
1119689548 430 160
1119689548 431 161
1119689548 432 161
1119689548 433 161
1119689548 433 161
1119689548 434 162
1119689548 435 162
1119689548 436 162
1119689548 437 163
1119689548 438 164
1119689548 439 164
1119689548 440 165
1119689548 441 165
1119689548 442 165
1119689548 443 166
1119689548 444 166
1119689548 445 166
1119689548 446 167
1119689548 447 167
1119689548 448 167
1119689548 449 167
1119689548 450 168
1119689548 451 168
1119689548 452 168
1119689548 453 168
1119689548 454 169
1119689548 455 169
1119689548 456 169
1119689548 457 170
1119689548 458 170
1119689548 459 170
1119689548 460 171
1119689548 461 171
1119689548 462 171
1119689548 463 172
1119689548 463 172
1119689548 464 173
1119689548 465 173
1119689548 466 173
1119689548 467 173
1119689548 468 174
1119689548 469 174
1119689548 470 174
1119689548 471 175
1119689548 472 175
1119689548 473 175
1119689548 474 176
1119689548 475 176
1119689548 476 176
1119689548 477 176
1119689548 478 177
1119689548 478 177
1119689548 479 177
1119689548 480 177
1074045616 481 178
1074045616 482 178
1074045616 483 178
1074045616 483 178
1074045616 484 178
1074045616 484 178
1074045616 485 179
1074045616 485 179
1074045616 486 179
1074045616 487 180
1074045616 488 181
1074045616 489 181
1074045616 490 181
1074045616 491 182
1074045616 491 182
1074045616 492 182
1074045616 493 182
1074045616 494 182
1074045616 495 183
1074045616 496 183
1074045616 497 183
1074045616 498 184
1074045616 499 184
1074045616 500 184
1074045616 501 185
1074045616 502 185
1074045616 503 185
1074045616 504 186
1074045616 505 186
1074045616 506 187
1074045616 507 187
1074045616 508 187
1074045616 508 187
1074045616 509 188
1074045616 510 188
1074045616 511 188
1074045616 512 188
1074045616 513 189
1074045616 514 189
1074045616 515 189
1074045616 516 190
1074045616 517 190
1074045616 517 190
1074045616 518 190
1074045616 519 191
1074045616 519 191
1074045616 519 191
1074045616 520 191
1074045616 521 191
1074045616 522 192
1074045616 523 192
1074045616 524 192
1074045616 525 192
1074045616 526 193
1074045616 527 193
1074045616 528 194
1074045616 528 194
1074045616 529 194
1074045616 530 194
1074045616 531 194
1074045616 532 195
1074045616 533 195
1074045616 534 196
1074045616 535 196
1074045616 536 196
1074045616 537 196
1074045616 538 197
1074045616 539 197
1074045616 539 197
1074045616 540 197
1074045616 541 197
1074045616 542 198
1074045616 543 198
1074045616 544 198
1074045616 545 198
1074045616 546 199
1074045616 547 199
1074045616 548 199
1074045616 549 200
1074045616 550 200
1074045616 551 200
1074045616 552 200
1074045616 552 200
1074045616 553 201
1074045616 554 201
1074045616 555 201
1074045616 556 201
1074045616 557 202
1074045616 558 202
1074045616 558 202
1074045616 559 202
1074045616 560 203
1074045616 561 203
1074045616 562 204
1074045616 563 204
1074045616 563 204
1074045616 564 204
1074045616 564 204
1074045616 564 204
1074045616 565 205
1074045616 566 206
1074045616 567 207
1074045616 568 207
1074045616 569 207
1074045616 570 208
1074045616 570 208
1074045616 571 209
1074045616 572 210
1074045616 573 210
1074045616 574 211
1074045616 575 211
1074045616 576 212
1074045616 577 213
1074045616 578 213
1074045616 579 214
1074045616 580 214
1074045616 581 215
1074045616 582 216
1074045616 583 216
1074045616 584 216
1074045616 585 217
1074045616 586 217
1074045616 586 217
1074045616 587 217
1074045616 588 218
1074045616 589 218
1074045616 590 218
1074045616 591 219
1074045616 592 219
1074045616 593 219
1074045616 594 220
1074045616 595 220
1074045616 596 220
1074045616 597 220
1074045616 598 222
1074045616 598 222
1074045616 599 222
1074045616 600 222
1074045616 601 223
1074045616 602 223
1074045616 603 224
1074045616 604 224
1074045616 604 224
1074045616 605 224
1074045616 605 224
1074045616 606 225
1074045616 607 225
1074045616 608 225
1074045616 608 225
1074045616 609 226
1074045616 610 226
1074045616 611 226
1074045616 612 227
1074045616 613 227
1074045616 614 227
1074045616 615 227
1074045616 616 228
1074045616 617 228
1074045616 618 228
1074045616 619 229
1074045616 620 229
1074045616 621 229
1074045616 622 230
1074045616 622 230
1074045616 623 230
1074045616 624 230
1074045616 625 230
1074045616 626 231
1074045616 626 231
1074045616 627 231
1074045616 628 231
1074045616 629 231
1074045616 630 232
1074045616 631 232
1074045616 632 232
1074045616 633 233
1074045616 634 233
1074045616 635 233
1074045616 636 233
1074045616 637 234
1074045616 637 234
1074045616 638 234
1074045616 639 234
1074045616 640 235
1074045616 641 235
1074045616 642 235
1074045616 643 235
1074045616 644 236
1074045616 645 236
1074045616 646 236
1074045616 647 237
1074045616 647 237
1074045616 648 238
1074045616 649 238
1074045616 650 238
1074045616 651 239
1074045616 651 239
1074045616 652 239
1074045616 652 239
1074045616 653 239
1074045616 653 239
1074045616 654 240
1074045616 655 240
1074045616 656 240
1074045616 657 241
1074045616 658 241
1074045616 659 242
1074045616 660 242
1074045616 661 242
1074045616 662 243
1074045616 663 243
1074045616 664 243
1074045616 665 244
1074045616 666 244
1074045616 667 244
1074045616 668 244
1074045616 669 246
1074045616 670 246
1074045616 671 246
1074045616 672 246
1074045616 673 247
1074045616 674 247
1074045616 675 247
1074045616 676 248
1074045616 677 248
1074045616 678 249
1074045616 679 249
1074045616 680 249
1074045616 680 249
1074045616 681 250
1074045616 682 250
1074045616 683 250
1074045616 684 250
1074045616 685 251
1074045616 686 251
1074045616 687 251
1074045616 688 251
1074045616 688 251
1074045616 689 252
1074045616 690 252
1074045616 691 252
1074045616 692 252
1074045616 692 253
1074045616 693 253
1074045616 694 253
1074045616 695 254
1074045616 696 254
1074045616 697 254
1074045616 698 254
1074045616 699 255
1074045616 700 255
1074045616 701 255
1074045616 702 255
1074045616 703 256
1074045616 703 256
1074045616 704 256
1074045616 705 256
1074045616 706 257
1074045616 707 257
1074045616 708 257
1074045616 709 257
1074045616 710 258
1074045616 711 258
1074045616 712 258
1074045616 713 259
1074045616 713 259
1074045616 714 259
1074045616 715 259
1074045616 716 260
1074045616 716 260
1074045616 717 260
1074045616 718 260
1074045616 719 260
1074045616 720 261
1074045616 720 261
1074045616 721 261
1074045616 721 261
1074045616 722 262
1074045616 723 263
1074045616 724 263
1074045616 725 263
1074045616 726 264
1074045616 727 264
1074045616 728 264
1074045616 729 265
1074045616 730 265
1074045616 731 265
1074045616 732 266
1074045616 732 267
1074045616 732 267
1074045616 733 268
1074045616 733 268
1074045616 734 268
1074045616 734 268
1074045616 735 268
1074045616 736 269
1074045616 737 269
1074045616 738 270
1074045616 739 270
1074045616 740 270
1074045616 741 271
1074045616 742 271
1074045616 743 271
1074045616 744 272
1074045616 745 272
1074045616 746 272
1074045616 746 272
1074045616 747 272
1074045616 747 272
1074045616 747 272
1074045616 748 273
1074045616 748 273
1074045616 749 273
1074045616 750 273
1074045616 751 274
1074045616 752 274
1074045616 753 274
1074045616 754 275
1074045616 755 275
1074045616 756 275
1074045616 757 276
1074045616 758 276
1074045616 759 277
1074045616 760 277
1074045616 760 277
1074045616 761 277
1074045616 762 278
1074045616 763 278
1074045616 764 278
1074045616 765 279
1074045616 766 279
1074045616 766 279
1074045616 767 279
1074045616 768 279
1074045616 769 280
1074045616 770 280
1074045616 771 280
1074045616 772 281
1074045616 773 281
1074045616 774 281
1074045616 775 282
1074045616 776 282
1074045616 777 282
1074045616 778 282
1074045616 779 283
1074045616 780 283
1074045616 780 283
1074045616 780 283
1074045616 781 284
1074045616 781 284
1074045616 782 284
1074045616 783 284
1074045616 784 284
1074045616 785 285
1074045616 786 285
1074045616 787 285
1074045616 788 286
1074045616 789 286
1074045616 790 286
1074045616 791 286
1074045616 791 286
1074045616 792 287
1074045616 793 287
1074045616 794 287
1074045616 794 287
1074045616 795 288
1074045616 796 289
1074045616 797 289
1074045616 798 289
1074045616 799 290
1074045616 800 290
1074045616 801 290
1074045616 801 290
1074045616 802 291
1074045616 803 291
1074045616 804 292
1074045616 805 292
1074045616 806 292
1074045616 807 292
1074045616 808 293
1074045616 808 293
1074045616 809 293
1074045616 810 293
1074045616 811 293
1074045616 812 294
1074045616 813 294
1074045616 814 294
1074045616 815 295
1074045616 816 295
1074045616 817 296
1074045616 818 296
1074045616 819 296
1074045616 820 297
1074045616 821 297
1074045616 822 297
1074045616 823 298
1074045616 824 298
1074045616 825 298
1074045616 826 299
1074045616 827 299
1074045616 828 300
1074045616 829 300
1074045616 830 300
1074045616 831 301
1074045616 832 301
1074045616 833 302
1074045616 834 302
1074045616 835 302
1074045616 836 303
1074045616 837 303
1074045616 838 303
1074045616 839 303
1074045616 840 304
1074045616 841 304
1074045616 842 304
1074045616 842 304
1074045616 843 305
1074045616 843 305
1074045616 844 305
1074045616 845 306
1074045616 846 306
1074045616 847 307
1074045616 848 307
1074045616 849 307
1074045616 850 307
1074045616 851 308
1074045616 852 309
1074045616 853 309
1074045616 854 310
1074045616 854 310
1074045616 855 310
1074045616 856 310
1074045616 857 311
1074045616 858 311
1074045616 859 311
1074045616 860 312
1074045616 861 312
1074045616 862 312
1074045616 863 313
1074045616 864 313
1074045616 865 313
1074045616 866 313
1074045616 867 314
1074045616 868 314
1074045616 869 314
1074045616 870 315
1074045616 871 315
1074045616 872 316
1074045616 873 316
1074045616 874 317
1074045616 875 317
1074045616 876 317
1074045616 877 318
1074045616 878 319
1074045616 879 319
1074045616 880 319
1074045616 881 319
1074045616 882 320
1074045616 883 320
1074045616 884 320
1074045616 885 321
1074045616 886 321
1074045616 887 321
1074045616 888 321
1074045616 889 322
1074045616 890 322
1074045616 891 322
1074045616 892 322
1074045616 893 323
1074045616 894 323
1074045616 895 323
1074045616 895 323
1074045616 896 324
1074045616 897 325
1074045616 898 325
1074045616 899 325
1074045616 900 326
1074045616 901 326
1074045616 902 327
1074045616 903 328
1074045616 904 328
1074045616 905 328
1074045616 906 329
1074045616 907 329
1074045616 908 329
1074045616 909 330
1074045616 910 330
1074045616 911 330
1074045616 912 330
1074045616 912 330
1074045616 913 331
1074045616 914 331
1074045616 915 331
1074045616 915 331
1074045616 916 332
1074045616 917 333
1074045616 918 333
1074045616 919 334
1074045616 920 334
1074045616 920 334
1074045616 921 335
1074045616 921 335
1074045616 921 335
1074045616 922 335
1074045616 923 336
1074045616 924 336
1074045616 925 336
1074045616 926 337
1074045616 927 337
1074045616 928 337
1074045616 929 338
1074045616 929 338
1074045616 929 338
1074045616 930 339
1074045616 930 339
1074045616 930 339
1074045616 931 340
1074045616 932 340
1074045616 933 342
1074045616 934 342
1074045616 935 343
1074045616 936 343
1074045616 937 343
1074045616 938 344
1074045616 939 344
1074045616 940 344
1074045616 941 345
1074045616 942 345
1074045616 943 345
1074045616 944 345
1074045616 945 346
1074045616 946 346
1074045616 947 347
1074045616 948 347
1074045616 949 347
1074045616 950 348
1074045616 951 348
1074045616 952 348
1074045616 953 348
1074045616 954 349
1074045616 955 349
1074045616 956 349
1074045616 957 350
1074045616 958 350
1074045616 959 350
1074045616 960 351
1074045616 961 351
1074045616 961 351
1074045616 962 351
1074045616 963 352
1074045616 963 352
1074045616 964 353
1074045616 965 353
1074045616 966 353
1074045616 967 354
1074045616 968 354
1074045616 969 354
1074045616 969 354
1074045616 970 355
1074045616 971 355
1074045616 971 355
1074045616 972 355
1074045616 972 355
1074045616 973 355
1074045616 974 356
1074045616 974 356
1074045616 974 356
1074045616 975 356
1074045616 976 356
1074045616 977 357
1074045616 978 357
1074045616 979 357
1074045616 980 358
1074045616 981 358
1074045616 981 358
1074045616 982 358
1074045616 983 359
1074045616 984 359
1074045616 985 359
1074045616 986 359
1074045616 987 360
1074045616 988 360
1074045616 989 360
1074045616 989 360
1074045616 990 360
1074045616 991 361
1074045616 992 361
1074045616 993 361
1074045616 994 361
1074045616 995 362
1074045616 996 362
1074045616 997 362
1074045616 998 362
1074045616 999 363
1074045616 1000 363
1074045616 1000 363
1074045616 1001 363
1074045616 1002 364
1074045616 1003 364
1074045616 1004 364
1074045616 1005 365
1074045616 1006 365
1074045616 1007 365
1074045616 1008 365
1074045616 1009 366
1074045616 1010 366
1074045616 1011 366
1074045616 1012 366
1074045616 1013 367
1074045616 1014 368
1074045616 1015 368
1074045616 1016 368
1074045616 1017 369
1074045616 1018 369
1074045616 1019 369
1074045616 1020 369
1074045616 1021 370
1074045616 1022 370
1074045616 1023 371
1074045616 1024 371
1074045616 1025 371
1074045616 1026 371
1074045616 1027 372
1074045616 1028 372
1074045616 1029 372
1074045616 1030 373
1074045616 1031 373
1074045616 1031 373
1074045616 1032 373
1074045616 1032 373
1074045616 1033 373
1074045616 1034 374
1074045616 1035 374
1074045616 1036 374
1074045616 1037 375
1074045616 1038 375
1074045616 1039 375
1074045616 1040 375
1074045616 1041 376
1074045616 1042 376
1074045616 1042 376
1074045616 1043 376
1074045616 1044 376
1074045616 1045 377
1074045616 1046 378
1074045616 1046 378
1074045616 1047 378
1074045616 1048 378
1074045616 1049 379
1074045616 1050 379
1074045616 1051 379
1074045616 1052 380
1074045616 1053 380
1074045616 1054 380
1074045616 1054 380
1074045616 1055 380
1074045616 1056 381
1074045616 1057 381
1074045616 1058 381
1074045616 1059 381
1074045616 1060 382
1074045616 1061 382
1074045616 1062 382
1074045616 1063 383
1074045616 1064 383
1074045616 1065 383
1074045616 1066 384
1074045616 1067 384
1074045616 1068 384
1074045616 1069 385
1074045616 1070 385
1074045616 1071 385
1074045616 1072 386
1074045616 1073 386
1074045616 1074 386
1074045616 1075 387
1074045616 1076 387
1074045616 1077 387
1074045616 1078 388
1074045616 1079 388
1074045616 1080 388
1074045616 1081 389
1074045616 1082 389
1074045616 1083 389
1074045616 1084 390
1074045616 1085 390
1074045616 1086 390
1074045616 1087 390
1074045616 1088 391
1074045616 1088 391
1074045616 1089 391
1074045616 1090 392
1074045616 1091 392
1074045616 1091 392
1074045616 1092 392
1074045616 1093 392
1074045616 1094 393
1074045616 1095 393
1074045616 1096 393
1074045616 1097 393
1074045616 1098 394
1074045616 1099 394
1074045616 1100 394
1074045616 1101 394
1074045616 1102 395
1074045616 1103 395
1074045616 1104 395
1074045616 1105 396
1074045616 1105 396
1074045616 1106 396
1074045616 1107 397
1074045616 1107 397
1074045616 1108 397
1074045616 1109 397
1074045616 1109 397
1074045616 1110 397
1074045616 1110 397
1074045616 1111 398
1074045616 1111 398
1074045616 1112 398
1074045616 1112 398
1074045616 1113 398
1074045616 1114 399
1074045616 1115 399
1074045616 1116 399
1074045616 1116 400
1074045616 1116 400
1074045616 1117 400
1074045616 1118 400
1074045616 1119 401
1074045616 1120 401
1074045616 1121 401
1074045616 1122 402
1074045616 1123 402
1074045616 1124 402
1074045616 1125 402
1074045616 1126 403
1074045616 1127 403
1074045616 1128 403
1074045616 1129 404
1074045616 1130 404
1074045616 1131 404
1074045616 1132 405
1074045616 1132 405
1074045616 1133 405
1074045616 1134 405
1074045616 1135 406
1074045616 1136 406
1074045616 1137 406
1074045616 1138 407
1074045616 1139 407
1074045616 1139 407
1074045616 1140 407
1074045616 1141 407
1074045616 1141 407
1074045616 1142 408
1074045616 1143 408
1074045616 1144 408
1074045616 1145 409
1074045616 1146 409
1074045616 1147 409
1074045616 1148 410
1074045616 1149 411
1074045616 1150 411
1074045616 1151 411
1074045616 1152 411
1074045616 1153 412
1074045616 1154 412
1074045616 1155 413
1074045616 1155 413
1074045616 1156 413
1074045616 1157 413
1074045616 1158 414
1074045616 1159 414
1074045616 1159 414
1074045616 1159 414
1074045616 1160 415
1074045616 1160 415
1074045616 1161 415
1074045616 1162 415
1074045616 1163 416
1074045616 1163 416
1074045616 1163 416
1074045616 1164 416
1074045616 1165 416
1074045616 1166 417
1074045616 1167 418
1074045616 1168 418
1074045616 1169 418
1074045616 1170 419
1074045616 1171 419
1074045616 1172 419
1074045616 1173 419
1074045616 1174 420
1074045616 1175 421
1074045616 1176 421
1074045616 1177 421
1074045616 1177 421
1074045616 1178 422
1074045616 1179 422
1074045616 1180 422
1074045616 1181 423
1074045616 1182 424
1074045616 1183 424
1074045616 1184 425
1074045616 1185 425
1074045616 1185 425
1074045616 1185 425
1074045616 1186 425
1074045616 1187 426
1074045616 1188 426
1074045616 1189 426
1074045616 1190 426
1074045616 1191 427
1074045616 1192 427
1074045616 1193 427
1074045616 1194 428
1074045616 1195 428
1074045616 1196 428
1074045616 1196 428
1074045616 1196 428
1074045616 1197 428
1074045616 1198 429
1074045616 1199 429
1074045616 1200 429
1074045616 1201 430
1074045616 1202 430
1074045616 1202 430
1074045616 1203 430
1074045616 1204 431
1074045616 1205 431
1074045616 1206 432
1074045616 1207 432
1074045616 1208 432
1074045616 1209 432
1074045616 1210 433
1074045616 1211 433
1074045616 1212 433
1074045616 1213 434
1074045616 1214 434
1074045616 1215 435
1074045616 1216 435
1074045616 1217 435
1074045616 1218 436
1074045616 1219 436
1074045616 1219 436
1074045616 1220 436
1074045616 1221 436
1074045616 1222 437
1074045616 1223 437
1074045616 1224 437
1074045616 1225 438
1074045616 1226 438
1074045616 1227 438
1074045616 1228 439
1074045616 1229 439
1074045616 1230 439
1074045616 1231 439
1074045616 1232 440
1074045616 1233 440
1074045616 1234 440
1074045616 1235 440
1074045616 1236 441
1074045616 1237 441
1074045616 1238 441
1074045616 1239 441
1074045616 1240 442
1074045616 1240 442
1074045616 1241 442
1074045616 1242 442
1074045616 1243 443
1074045616 1244 443
1074045616 1245 443
1074045616 1246 444
1074045616 1247 444
1074045616 1248 444
1074045616 1249 445
1074045616 1250 445
1074045616 1251 445
1074045616 1252 446
1074045616 1252 446
1074045616 1253 446
1074045616 1254 446
1074045616 1255 447
1074045616 1256 447
1074045616 1257 448
1074045616 1258 448
1074045616 1259 448
1074045616 1259 448
1074045616 1260 448
1074045616 1261 449
1074045616 1262 449
1074045616 1263 449
1074045616 1264 450
1074045616 1265 450
1074045616 1266 451
1074045616 1267 451
1074045616 1268 451
1074045616 1269 451
1074045616 1270 452
1074045616 1271 452
1074045616 1272 452
1074045616 1273 452
1074045616 1274 453
1074045616 1275 453
1074045616 1275 453
1074045616 1276 453
1074045616 1277 453
1074045616 1278 454
1074045616 1279 454
1074045616 1280 454
1074045616 1281 455
1074045616 1282 455
1074045616 1283 455
1074045616 1283 455
1074045616 1284 456
1074045616 1285 456
1074045616 1285 456
1074045616 1286 457
1074045616 1287 457
1074045616 1288 457
1074045616 1289 457
1074045616 1290 458
1074045616 1291 458
1074045616 1292 458
1074045616 1292 458
1074045616 1293 459
1074045616 1294 459
1074045616 1295 459
1074045616 1296 460
1074045616 1297 460
1074045616 1298 461
1074045616 1299 461
1074045616 1300 461
1074045616 1301 461
1074045616 1302 462
1074045616 1303 462
1074045616 1304 462
1074045616 1305 462
1074045616 1306 463
1074045616 1307 463
1074045616 1308 463
1074045616 1309 464
1074045616 1309 464
1074045616 1310 464
1074045616 1311 464
1074045616 1312 465
1074045616 1313 465
1074045616 1314 465
1074045616 1315 466
1074045616 1315 466
1074045616 1316 466
1074045616 1317 466
1074045616 1318 466
1074045616 1319 467
1074045616 1320 467
1074045616 1320 467
1074045616 1321 467
1074045616 1322 467
1074045616 1323 468
1074045616 1324 468
1074045616 1325 468
1074045616 1326 469
1074045616 1327 469
1074045616 1327 469
1074045616 1327 469
1074045616 1328 469
1074045616 1329 470
1074045616 1330 470
1074045616 1331 470
1074045616 1332 471
1074045616 1333 471
1074045616 1333 471
1074045616 1334 471
1074045616 1334 471
1074045616 1335 472
1074045616 1336 472
1074045616 1337 472
1074045616 1338 472
1074045616 1339 473
1074045616 1340 474
1074045616 1341 474
1074045616 1342 475
1074045616 1343 476
1074045616 1344 476
1074045616 1345 476
1074045616 1346 477
1074045616 1347 477
1074045616 1348 478
1074045616 1348 478
1074045616 1349 478
1074045616 1350 479
1074045616 1351 479
1074045616 1351 479
1074045616 1352 479
1074045616 1353 479
1074045616 1354 480
1074045616 1355 481
1074045616 1356 481
1074045616 1356 481
1074045616 1357 482
1074045616 1358 482
1074045616 1359 482
1074045616 1359 482
1074045616 1360 483
1074045616 1361 483
1074045616 1361 483
1074045616 1362 483
1074045616 1363 483
1074045616 1363 483
1074045616 1364 484
1074045616 1365 484
1074045616 1366 485
1074045616 1367 485
1074045616 1368 485
1074045616 1369 486
1074045616 1370 486
1074045616 1371 486
1074045616 1372 488
1074045616 1373 488
1074045616 1374 488
1074045616 1375 489
1074045616 1376 489
1074045616 1377 489
1074045616 1378 490
1074045616 1379 491
1074045616 1380 491
1074045616 1380 491
1074045616 1381 492
1074045616 1381 492
1074045616 1382 492
1074045616 1383 492
1074045616 1384 492
1074045616 1385 493
1074045616 1386 493
1074045616 1387 494
1074045616 1388 494
1074045616 1389 494
1074045616 1390 495
1074045616 1391 495
1074045616 1392 495
1074045616 1393 495
1074045616 1394 496
1074045616 1395 496
1074045616 1396 496
1074045616 1397 497
1074045616 1398 497
1074045616 1399 498
1074045616 1400 498
1074045616 1401 499
1074045616 1402 499
1074045616 1403 499
1074045616 1403 499
1074045616 1403 499
1074045616 1404 499
1074045616 1405 500
1074045616 1406 500
1074045616 1407 500
1074045616 1408 501
1074045616 1408 501
1074045616 1409 501
1074045616 1409 501
1074045616 1410 502
1074045616 1411 502
1074045616 1411 502
1074045616 1412 502
1074045616 1413 503
1074045616 1414 503
1074045616 1414 503
1074045616 1414 503
1074045616 1414 503
1074045616 1415 503
1074045616 1416 504
1074045616 1417 504
1074045616 1418 504
1074045616 1419 505
1074045616 1420 505
1074045616 1421 506
1074045616 1422 507
1074045616 1422 507
1074045616 1423 507
1074045616 1424 507
1074045616 1425 507
1074045616 1426 508
1074045616 1427 508
1074045616 1428 509
1074045616 1429 509
1074045616 1430 509
1074045616 1430 510
1074045616 1431 510
1074045616 1432 510
1074045616 1433 510
1074045616 1434 511
1074045616 1435 511
1074045616 1436 511
1074045616 1437 511
1074045616 1438 512
1074045616 1439 512
1074045616 1439 512
1074045616 1440 512
1074045616 1441 513
1074045616 1442 513
1074045616 1443 513
1074045616 1444 514
1074045616 1445 515
1074045616 1446 515
1074045616 1447 515
1074045616 1448 516
1074045616 1448 516
1074045616 1449 516
1074045616 1450 517
1074045616 1451 517
1074045616 1452 517
1074045616 1453 517
1074045616 1454 518
1074045616 1455 518
1074045616 1456 519
1074045616 1457 520
1074045616 1458 520
1074045616 1459 521
1074045616 1460 521
1074045616 1460 522
1074045616 1461 522
1074045616 1462 522
1074045616 1462 522
1074045616 1463 522
1074045616 1464 523
1074045616 1465 523
1074045616 1466 524
1074045616 1467 524
1074045616 1468 524
1074045616 1469 524
1074045616 1470 525
1074045616 1470 525
1074045616 1471 525
1074045616 1472 525
1074045616 1473 526
1074045616 1474 526
1074045616 1475 526
1074045616 1476 527
1074045616 1477 527
1074045616 1478 528
1074045616 1479 528
1074045616 1479 528
1074045616 1480 529
1074045616 1481 529
1074045616 1482 529
1074045616 1482 529
1074045616 1483 530
1074045616 1484 530
1074045616 1484 530
1074045616 1485 530
1074045616 1486 531
1074045616 1487 531
1074045616 1487 531
1074045616 1487 531
1074045616 1488 531
1074045616 1489 531
1074045616 1490 532
1074045616 1490 532
1074045616 1491 532
1074045616 1492 532
1074045616 1493 532
1074045616 1494 533
1074045616 1495 533
1074045616 1496 534
1074045616 1497 534
1074045616 1498 535
1074045616 1499 535
1074045616 1500 535
1074045616 1501 535
1074045616 1502 537
1074045616 1503 537
1074045616 1504 537
1074045616 1505 537
1074045616 1505 537
1074045616 1506 538
1074045616 1507 538
1074045616 1508 538
1074045616 1509 538
1074045616 1510 539
1074045616 1511 539
1074045616 1512 539
1074045616 1513 539
1074045616 1514 540
1074045616 1515 540
1074045616 1515 541
1074045616 1516 541
1074045616 1517 541
1074045616 1518 543
1074045616 1519 543
1074045616 1520 543
1074045616 1520 543
1074045616 1520 543
1074045616 1521 543
1074045616 1522 544
1074045616 1523 544
1074045616 1524 544
1074045616 1525 544
1074045616 1526 545
1074045616 1527 546
1074045616 1528 546
1074045616 1529 547
1074045616 1530 548
1074045616 1531 549
1074045616 1532 549
1074045616 1533 550
1074045616 1534 550
1074045616 1535 550
1074045616 1536 551
1074045616 1537 551
1074045616 1538 551
1074045616 1539 551
1074045616 1540 552
1074045616 1541 552
1074045616 1542 552
1074045616 1543 552
1074045616 1544 552
1074045616 1545 553
1074045616 1546 553
1074045616 1546 553
1074045616 1547 554
1074045616 1548 554
1074045616 1548 554
1074045616 1549 555
1074045616 1550 555
1074045616 1551 555
1074045616 1552 556
1074045616 1553 556
1074045616 1553 556
1074045616 1554 556
1074045616 1555 556
1074045616 1555 556
1074045616 1556 557
1074045616 1557 557
1074045616 1558 558
1074045616 1559 558
1074045616 1559 558
1074045616 1560 559
1074045616 1561 559
1074045616 1562 559
1074045616 1563 559
1074045616 1564 560
1074045616 1565 560
1074045616 1566 560
1074045616 1567 561
1074045616 1568 561
1074045616 1569 561
1074045616 1570 562
1074045616 1571 562
1074045616 1571 562
1074045616 1572 562
1074045616 1572 562
1074045616 1572 562
1074045616 1573 563
1074045616 1574 563
1074045616 1575 564
1074045616 1576 564
1074045616 1577 565
1074045616 1578 565
1074045616 1579 565
1074045616 1579 565
1074045616 1580 565
1074045616 1581 566
1074045616 1582 566
1074045616 1583 567
1074045616 1584 568
1074045616 1585 568
1074045616 1586 568
1074045616 1587 569
1074045616 1588 569
1074045616 1589 569
1074045616 1590 569
1074045616 1591 570
1074045616 1592 570
1074045616 1593 570
1074045616 1594 570
1074045616 1595 571
1074045616 1595 571
1074045616 1596 571
1074045616 1597 572
1074045616 1598 572
1074045616 1599 572
1074045616 1600 572
1074045616 1601 573
1074045616 1602 573
1074045616 1603 573
1074045616 1604 573
1074045616 1605 574
1074045616 1605 574
1074045616 1606 574
1074045616 1606 574
1074045616 1607 574
1074045616 1608 574
1074045616 1609 575
1074045616 1610 575
1074045616 1610 575
1074045616 1611 576
1074045616 1612 576
1074045616 1613 576
1074045616 1614 577
1074045616 1615 577
1074045616 1616 577
1074045616 1616 577
1074045616 1616 577
1074045616 1617 577
1074045616 1618 578
1074045616 1618 578
1074045616 1618 578
1074045616 1619 578
1074045616 1619 578
1074045616 1620 578
1074045616 1620 578
1074045616 1621 579
1074045616 1622 579
1074045616 1623 579
1074045616 1624 580
1074045616 1624 580
1074045616 1625 581
1074045616 1626 581
1074045616 1627 582
1074045616 1628 582
1074045616 1629 582
1074045616 1630 583
1074045616 1631 583
1074045616 1632 583
1074045616 1633 584
1074045616 1634 584
1074045616 1635 585
1074045616 1636 585
1074045616 1637 585
1074045616 1638 585
1074045616 1639 586
1074045616 1640 586
1074045616 1641 586
1074045616 1641 586
1074045616 1642 587
1074045616 1643 587
1074045616 1644 587
1074045616 1645 587
1074045616 1646 588
1074045616 1647 588
1074045616 1648 588
1074045616 1649 588
1074045616 1650 589
1074045616 1651 589
1074045616 1652 589
1074045616 1653 589
1074045616 1654 590
1074045616 1655 590
1074045616 1656 590
1074045616 1657 591
1074045616 1658 591
1074045616 1659 591
1074045616 1659 591
1074045616 1659 591
1074045616 1660 592
1074045616 1661 592
1074045616 1662 592
1074045616 1663 592
1074045616 1664 593
1074045616 1665 593
1074045616 1666 593
1074045616 1667 594
1074045616 1668 594
1074045616 1668 594
1074045616 1669 594
1074045616 1670 595
1074045616 1671 595
1074045616 1672 595
1074045616 1673 595
1074045616 1673 595
1074045616 1674 596
1074045616 1675 596
1074045616 1676 596
1074045616 1677 596
1074045616 1678 597
1074045616 1679 597
1074045616 1680 597
1074045616 1680 597
1074045616 1680 597
1074045616 1681 598
1074045616 1681 598
1074045616 1682 598
1074045616 1683 598
1074045616 1684 598
1074045616 1685 599
1074045616 1686 599
1074045616 1687 599
1074045616 1688 600
1074045616 1689 600
1074045616 1690 600
1074045616 1691 600
1074045616 1692 601
