4464125931 1 4
2618619611 2 4
2618619611 3 4
2618619611 4 5
2618619611 4 5
2618619611 4 5
2060431536 5 5
2060431536 5 5
2060431536 5 5
2002141483 6 6
2002141483 7 6
1450518896 8 6
1450518896 9 7
1450518896 10 7
1450518896 11 7
1450518896 11 7
1450518896 12 8
1450518896 13 8
1450518896 14 8
1450518896 15 9
1450518896 16 10
1450518896 17 10
1450518896 18 10
1450518896 19 10
1450518896 20 11
1450518896 21 12
1450518896 22 12
1450518896 22 12
1450518896 23 13
1450518896 24 13
1450518896 25 13
1450518896 26 14
1450518896 27 14
1450518896 28 15
1450518896 28 15
1450518896 29 15
1450518896 30 15
1450518896 31 15
1450518896 32 16
1450518896 33 16
1450518896 34 16
1450518896 35 17
1450518896 36 17
1450518896 36 17
1450518896 37 18
1070953396 38 18
1070953396 39 18
1070953396 40 18
1070953396 41 19
1070953396 42 19
1070953396 43 19
1070953396 44 20
1070953396 45 20
1070953396 46 20
1070953396 46 20
1070953396 47 20
1070953396 48 21
1070953396 49 21
1070953396 50 22
1070953396 50 22
1070953396 51 22
1070953396 52 23
1070953396 53 23
1070953396 54 23
1070953396 55 23
1070953396 56 24
1070953396 57 24
1070953396 58 24
1070953396 59 25
1070953396 60 25
1070953396 61 25
1070953396 62 25
1070953396 63 26
1070953396 64 26
1070953396 65 26
1070953396 66 27
1070953396 67 27
1070953396 68 27
1070953396 69 28
1070953396 70 28
1070953396 71 28
1070953396 71 28
1070953396 72 29
1070953396 72 29
1070953396 73 29
1070953396 74 29
1070953396 75 29
1070953396 76 30
1070953396 77 30
1070953396 78 31
1070953396 79 31
1070953396 80 31
1070953396 81 32
1070953396 82 32
1070953396 82 32
1070953396 83 32
1070953396 84 33
1070953396 85 34
1070953396 86 34
1070953396 87 34
1070953396 87 34
1070953396 88 35
1070953396 89 35
1070953396 90 35
1070953396 91 36
1070953396 92 37
1070953396 93 37
1070953396 94 37
1070953396 95 38
1070953396 96 38
1070953396 97 38
1070953396 98 39
1070953396 99 39
1070953396 100 40
1070953396 101 40
1070953396 102 40
1070953396 103 42
1070953396 104 42
1070953396 104 42
1070953396 105 42
1070953396 105 42
1070953396 106 42
1070953396 107 43
1070953396 107 43
1070953396 108 43
1070953396 109 43
1070953396 110 44
1070953396 111 44
1070953396 112 44
1070953396 113 45
1070953396 114 45
1070953396 115 45
1070953396 116 45
1070953396 117 46
1070953396 118 46
1070953396 119 46
1070953396 120 47
1070953396 121 47
1070953396 121 47
1070953396 122 47
1070953396 123 48
1070953396 124 48
1070953396 125 48
1070953396 126 48
1070953396 126 48
1070953396 127 49
1070953396 128 49
1070953396 129 49
1070953396 130 50
1070953396 131 50
1070953396 131 50
1070953396 132 50
1070953396 132 50
1070953396 133 51
1070953396 134 51
1070953396 135 51
1070953396 136 52
1070953396 137 52
1070953396 138 52
1070953396 139 52
1070953396 140 53
1070953396 141 53
1070953396 142 53
1070953396 143 53
1070953396 144 54
1070953396 145 55
1070953396 146 55
1070953396 147 56
1070953396 148 56
1070953396 149 57
1070953396 150 58
1070953396 150 58
1070953396 150 58
1070953396 150 58
1070953396 151 58
1070953396 152 59
1070953396 153 59
1070953396 154 59
1070953396 154 59
1070953396 154 59
1070953396 155 60
1070953396 156 60
1070953396 156 60
1070953396 157 61
1070953396 158 61
1070953396 158 61
1070953396 159 61
1070953396 160 62
1070953396 161 63
1070953396 162 63
1070953396 163 63
1070953396 164 64
1070953396 164 64
1070953396 165 64
1070953396 166 64
1070953396 167 65
1070953396 167 65
1070953396 168 65
1070953396 168 65
1070953396 169 66
1070953396 170 66
1070953396 171 66
1070953396 171 66
1070953396 171 66
1070953396 172 66
1070953396 173 67
1070953396 174 67
1070953396 175 68
1070953396 175 68
1070953396 176 68
1070953396 177 69
1070953396 178 69
1070953396 179 69
1070953396 179 69
1070953396 180 69
1070953396 181 70
1070953396 182 70
1070953396 182 70
1070953396 183 70
1070953396 184 71
1070953396 185 71
1070953396 186 71
1070953396 187 71
1070953396 188 72
1070953396 189 73
1070953396 190 73
1070953396 191 73
1070953396 192 74
1070953396 192 74
1070953396 193 74
1070953396 193 74
1070953396 194 74
1070953396 195 75
1070953396 196 75
1070953396 196 75
1070953396 197 76
1070953396 198 77
1070953396 198 77
1070953396 199 77
1070953396 200 77
1070953396 201 77
1070953396 202 78
1070953396 203 78
1070953396 204 78
1070953396 205 78
1070953396 205 78
1070953396 206 79
1070953396 207 79
1070953396 208 79
1070953396 208 79
1070953396 209 80
1070953396 210 80
1070953396 210 80
1070953396 210 80
1070953396 211 80
1070953396 212 80
1070953396 213 81
1070953396 214 82
1070953396 215 82
1070953396 215 82
1070953396 216 83
1070953396 217 84
1070953396 218 84
1070953396 219 84
1070953396 220 85
1070953396 220 85
1070953396 221 85
1070953396 222 85
1070953396 223 85
1070953396 224 86
1070953396 225 86
1070953396 226 86
1070953396 227 86
1070953396 228 87
1070953396 229 87
1070953396 230 87
1070953396 231 88
1070953396 232 88
1070953396 233 88
1070953396 234 88
1070953396 235 89
1070953396 236 89
1070953396 237 89
1070953396 238 90
1070953396 239 90
1070953396 240 90
1070953396 241 91
1070953396 242 91
1070953396 243 91
1070953396 244 92
1070953396 245 92
1070953396 246 92
1070953396 247 93
1070953396 248 93
1070953396 249 93
1070953396 250 94
1070953396 251 94
1070953396 251 94
1070953396 252 95
1070953396 252 95
1070953396 253 95
1070953396 254 96
1070953396 255 96
1070953396 256 96
1070953396 257 97
1070953396 258 97
1070953396 259 97
1070953396 260 97
1070953396 261 98
1070953396 262 98
1070953396 263 98
1070953396 263 98
1070953396 264 99
1070953396 264 99
1070953396 265 99
1070953396 266 100
1070953396 267 100
1070953396 267 100
1070953396 268 100
1070953396 269 100
1070953396 270 101
1070953396 271 101
1070953396 272 102
1070953396 273 102
1070953396 274 102
1070953396 275 103
1070953396 276 104
1070953396 277 104
1070953396 278 104
1070953396 279 105
1070953396 280 105
1070953396 281 105
1070953396 282 106
1070953396 283 106
1070953396 284 107
1070953396 285 107
1070953396 286 108
1070953396 287 108
1070953396 288 108
1070953396 289 108
1070953396 289 108
1070953396 290 109
1070953396 291 109
1070953396 291 109
1070953396 292 109
1070953396 293 109
1070953396 294 110
1070953396 294 110
1070953396 295 110
1070953396 296 110
1070953396 297 111
1070953396 298 111
1070953396 299 111
1070953396 299 111
1070953396 300 111
1070953396 300 111
1070953396 301 112
1070953396 302 112
1070953396 302 112
1070953396 303 112
1070953396 304 113
1070953396 305 113
1070953396 306 113
1070953396 307 114
1070953396 308 114
1070953396 309 114
1070953396 310 114
1070953396 311 115
1070953396 311 115
1070953396 311 115
1070953396 312 115
1070953396 313 115
1037158292 314 116
1037158292 315 116
1037158292 316 116
1037158292 317 116
1037158292 318 117
1037158292 319 117
1037158292 320 117
1037158292 321 117
1037158292 322 118
1037158292 323 118
1037158292 323 118
1037158292 324 119
1037158292 325 119
1016808630 326 119
1016808630 327 120
1016808630 328 120
1016808630 329 120
1016808630 330 121
1016808630 330 121
1016808630 331 121
1016808630 332 122
1016808630 333 122
1016808630 334 123
1016808630 335 123
1016808630 336 124
1016808630 337 124
1016808630 338 124
1016808630 339 124
1016808630 340 125
1016808630 341 125
1016808630 342 125
1016808630 343 125
1016808630 344 126
1016808630 345 126
1016808630 346 126
1016808630 347 126
1016808630 348 127
1016808630 349 127
1016808630 350 127
1016808630 351 128
1016808630 352 128
1016808630 353 128
1016808630 354 129
1016808630 355 129
1016808630 355 129
1016808630 356 129
1016808630 357 129
1016808630 358 130
1016808630 359 131
1016808630 359 131
1016808630 360 131
1016808630 361 131
1016808630 362 132
1016808630 363 132
1016808630 364 132
1016808630 365 132
1016808630 366 133
1016808630 366 133
1016808630 367 133
1016808630 368 134
1016808630 369 134
1016808630 370 135
1016808630 371 135
1016808630 372 135
1016808630 373 136
1016808630 374 136
1016808630 374 136
1016808630 375 137
1016808630 376 137
1016808630 377 137
1016808630 378 137
1016808630 379 138
1016808630 380 138
1016808630 381 138
1016808630 381 138
1016808630 382 139
1016808630 383 140
1016808630 384 140
1016808630 385 140
1016808630 386 141
1016808630 387 141
1016808630 387 141
1016808630 387 141
1016808630 388 141
1016808630 389 141
1016808630 390 142
1016808630 391 142
1016808630 392 142
1016808630 392 142
1016808630 393 144
1016808630 394 144
1016808630 395 144
1016808630 396 144
1016808630 397 145
1016808630 398 145
1016808630 399 146
1016808630 400 146
1016808630 401 146
1016808630 402 147
1016808630 403 147
1016808630 404 147
1016808630 404 147
1016808630 405 148
1016808630 406 148
1016808630 406 148
1016808630 407 148
1016808630 408 149
1016808630 409 149
1016808630 410 150
1016808630 410 150
1016808630 411 150
1016808630 412 150
1016808630 412 150
1016808630 412 150
1016808630 413 151
1016808630 414 152
1016808630 415 152
1016808630 416 153
1016808630 417 153
1016808630 418 154
1016808630 419 154
1016808630 419 154
1016808630 420 154
1016808630 420 154
1016808630 421 154
1016808630 422 155
1016808630 423 155
1016808630 424 155
1016808630 425 156
1016808630 425 156
1016808630 425 156
1016808630 426 156
1016808630 427 156
1016808630 428 157
1016808630 428 157
1016808630 429 157
1016808630 430 157
1016808630 431 158
1016808630 432 158
1016808630 433 158
1016808630 434 159
1016808630 435 160
1016808630 436 160
1016808630 437 160
1016808630 438 161
1016808630 439 161
1016808630 439 161
1016808630 440 161
1016808630 441 162
1016808630 441 162
1016808630 442 162
1016808630 443 162
1016808630 444 162
1016808630 445 163
1016808630 446 163
1016808630 447 164
1016808630 448 164
1016808630 449 164
1016808630 450 164
1016808630 451 165
1016808630 451 165
1016808630 452 165
1016808630 453 166
1016808630 453 166
1016808630 454 166
1016808630 454 166
1016808630 455 167
1016808630 456 167
1016808630 457 167
1016808630 458 167
1016808630 459 168
1016808630 460 168
1016808630 461 168
1016808630 462 169
1016808630 463 169
1016808630 464 169
1016808630 465 170
1016808630 466 170
1016808630 467 170
1016808630 468 170
1016808630 469 171
1016808630 470 171
1016808630 470 171
1016808630 471 171
1016808630 472 172
1016808630 472 172
1016808630 473 172
1016808630 474 172
1016808630 474 172
1016808630 475 172
1016808630 476 173
1016808630 477 173
1016808630 477 173
1016808630 478 173
1016808630 479 174
1016808630 480 174
1016808630 481 174
1016808630 482 175
1016808630 483 175
1016808630 484 176
1016808630 484 176
1016808630 485 176
1016808630 486 176
1016808630 487 176
1016808630 488 177
1016808630 489 177
1016808630 490 178
1016808630 491 178
1016808630 492 178
1016808630 493 179
1016808630 493 179
1016808630 494 179
1016808630 495 179
1016808630 496 179
1016808630 497 180
1016808630 498 180
1016808630 499 180
1016808630 500 181
1016808630 501 181
1016808630 502 182
1016808630 503 182
1016808630 504 182
1016808630 505 183
1016808630 506 183
1016808630 507 183
1016808630 508 183
1016808630 509 184
1016808630 510 184
1016808630 511 185
1016808630 512 185
1016808630 513 185
1016808630 513 185
1016808630 514 186
1016808630 514 186
1016808630 515 186
1016808630 515 186
1016808630 516 187
1016808630 517 187
1016808630 518 187
1016808630 519 188
1016808630 520 188
1016808630 520 188
1016808630 521 188
1016808630 522 189
1016808630 523 190
1016808630 524 190
1016808630 525 190
1016808630 526 191
1016808630 527 191
1016808630 528 192
1016808630 529 193
1016808630 530 193
1016808630 531 193
1016808630 532 194
1016808630 533 194
1016808630 533 194
1016808630 534 194
1016808630 535 195
1016808630 536 195
1016808630 537 195
1016808630 537 195
1016808630 537 195
1016808630 538 196
1016808630 538 196
1016808630 539 196
1016808630 540 197
1016808630 541 197
1016808630 542 197
1016808630 543 197
1016808630 544 198
1016808630 545 198
1016808630 546 198
1016808630 547 198
1016808630 548 199
1016808630 549 199
1016808630 550 199
1016808630 551 200
1016808630 551 200
1016808630 552 200
1016808630 553 201
1016808630 553 201
1016808630 553 201
1016808630 554 201
1016808630 555 201
1016808630 556 202
1016808630 557 202
1016808630 557 202
1016808630 557 202
1016808630 558 203
1016808630 559 203
1016808630 560 203
1016808630 561 204
1016808630 562 204
1016808630 563 204
1016808630 564 204
1016808630 565 205
1016808630 566 205
1016808630 567 205
1016808630 568 206
1016808630 569 206
1016808630 570 206
1016808630 571 206
1016808630 572 207
1016808630 573 207
1016808630 574 207
1016808630 575 208
1016808630 576 208
1016808630 577 208
1016808630 578 208
1016808630 578 208
1016808630 579 209
1016808630 580 209
1016808630 581 209
1016808630 581 209
1016808630 582 210
1016808630 583 211
1016808630 584 211
1016808630 585 211
1016808630 586 211
1016808630 587 212
1016808630 588 212
1016808630 588 212
1016808630 589 212
1016808630 590 213
1016808630 591 214
1016808630 592 214
1016808630 593 214
1016808630 594 215
1016808630 595 215
1016808630 596 216
1016808630 597 216
1016808630 598 216
1016808630 599 216
1016808630 600 217
1016808630 601 217
1016808630 601 217
1016808630 601 217
1016808630 602 217
1016808630 603 218
1016808630 604 218
1016808630 605 218
1016808630 606 219
1016808630 607 219
1016808630 608 220
1016808630 609 220
1016808630 610 220
1016808630 611 220
1016808630 612 221
1016808630 613 221
1016808630 614 221
1016808630 615 221
1016808630 616 222
1016808630 617 222
1016808630 618 222
1016808630 619 223
1016808630 620 223
1016808630 620 223
1016808630 621 224
1016808630 622 224
1016808630 622 224
1016808630 623 224
1016808630 624 224
1016808630 625 225
1016808630 626 225
1016808630 627 225
1016808630 628 226
1016808630 629 226
1016808630 630 226
1016808630 630 226
1016808630 631 227
1016808630 632 227
1016808630 632 227
1016808630 633 228
1016808630 634 228
1016808630 635 228
1016808630 636 228
1016808630 637 229
1016808630 637 229
1016808630 638 230
1016808630 639 230
1016808630 640 230
1016808630 640 230
1016808630 641 231
1016808630 642 231
1016808630 643 232
1016808630 644 232
1016808630 645 233
1016808630 646 233
1016808630 647 234
1016808630 647 234
1016808630 648 234
1016808630 649 234
1016808630 650 235
1016808630 651 235
1016808630 652 235
1016808630 653 235
1016808630 654 236
1016808630 655 236
1016808630 656 236
1016808630 657 237
1016808630 658 237
1016808630 659 237
1016808630 660 238
1016808630 660 238
1016808630 660 238
1016808630 661 238
1016808630 662 238
1016808630 663 239
1016808630 664 239
1016808630 664 239
1016808630 665 239
1016808630 666 240
1016808630 667 240
1016808630 668 241
1016808630 669 241
1016808630 670 241
1016808630 671 241
1016808630 672 242
1016808630 673 242
1016808630 673 242
1016808630 674 242
1016808630 675 243
1016808630 676 243
1016808630 677 243
1016808630 678 244
1016808630 679 244
1016808630 680 244
1016808630 680 244
1016808630 681 245
1016808630 682 245
1016808630 683 245
1016808630 684 245
1016808630 685 246
1016808630 686 246
1016808630 687 246
1016808630 688 247
1016808630 689 247
1016808630 690 247
1016808630 691 247
1016808630 692 248
1016808630 693 248
1016808630 694 248
1016808630 695 248
1016808630 696 249
1016808630 697 249
1016808630 698 249
1016808630 699 250
1016808630 700 250
1016808630 700 250
1016808630 701 250
1016808630 702 251
1016808630 703 251
1016808630 704 251
1016808630 705 251
1016808630 706 252
1016808630 707 252
1016808630 707 252
1016808630 708 252
1016808630 709 253
1016808630 710 253
1016808630 710 253
1016808630 711 253
1016808630 712 253
1016808630 713 254
1016808630 714 254
1016808630 715 254
1016808630 716 254
1016808630 717 255
1016808630 718 255
1016808630 719 255
1016808630 719 255
1016808630 719 255
1016808630 720 256
1016808630 721 256
1016808630 722 257
1016808630 723 257
1016808630 724 257
1016808630 725 257
1016808630 726 258
1016808630 726 258
1016808630 727 258
1016808630 728 258
1016808630 729 259
1016808630 730 259
1016808630 730 259
1016808630 731 259
1016808630 732 260
1016808630 733 260
1016808630 734 260
1016808630 735 260
1016808630 736 261
1016808630 736 261
1016808630 737 261
1016808630 738 261
1016808630 739 262
1016808630 740 262
1016808630 741 262
1016808630 742 263
1016808630 742 263
1016808630 743 263
1016808630 744 263
1016808630 745 264
1016808630 745 264
1016808630 746 264
1016808630 747 264
1016808630 748 264
1016808630 749 265
1016808630 750 265
1016808630 751 265
1016808630 752 266
1016808630 753 266
1016808630 754 266
1016808630 755 266
1016808630 756 267
1016808630 757 268
1016808630 758 268
1016808630 759 268
1016808630 759 268
1016808630 760 269
1016808630 761 269
1016808630 762 270
1016808630 762 270
1016808630 763 270
1016808630 764 270
1016808630 764 270
1016808630 765 270
1016808630 766 271
1016808630 767 272
1016808630 768 272
1016808630 769 272
1016808630 770 273
1016808630 771 273
1016808630 772 273
1016808630 773 273
1016808630 774 274
1016808630 774 274
1016808630 775 274
1016808630 776 275
1016808630 777 275
1016808630 778 275
1016808630 779 277
1016808630 780 277
1016808630 781 277
1016808630 782 277
1016808630 783 278
1016808630 784 278
1016808630 784 278
1016808630 785 278
1016808630 786 279
1016808630 787 279
1016808630 788 279
1016808630 788 279
1016808630 788 279
1016808630 788 279
1016808630 789 279
1016808630 790 280
1016808630 791 280
1016808630 792 280
1016808630 793 281
1016808630 793 281
1016808630 793 281
1016808630 794 281
1016808630 794 281
1016808630 795 281
1016808630 796 281
1016808630 796 281
1016808630 797 282
1016808630 798 282
1016808630 799 282
1016808630 800 283
1016808630 801 283
1016808630 802 283
1016808630 803 283
1016808630 804 284
1016808630 805 284
1016808630 806 284
1016808630 807 284
1016808630 808 285
1016808630 809 285
1016808630 810 285
1016808630 811 286
1016808630 812 287
1016808630 813 287
1016808630 814 288
1016808630 815 288
1016808630 815 288
1016808630 816 289
1016808630 817 289
1016808630 818 289
1016808630 819 290
1016808630 820 290
1016808630 821 290
1016808630 822 290
1016808630 823 291
1016808630 824 291
1016808630 825 291
1016808630 826 292
1016808630 827 292
1016808630 828 292
1016808630 829 293
1016808630 830 293
1016808630 831 293
1016808630 832 294
1016808630 832 294
1016808630 833 294
1016808630 834 294
1016808630 834 294
1016808630 835 294
1016808630 836 295
1016808630 837 295
1016808630 838 295
1016808630 838 295
1016808630 839 295
1016808630 840 296
1016808630 841 296
1016808630 842 297
1016808630 843 297
1016808630 844 297
1016808630 845 298
1016808630 846 298
1016808630 847 298
1016808630 848 299
1016808630 849 299
1016808630 849 299
1016808630 850 299
1016808630 851 300
1016808630 852 300
1016808630 853 300
1016808630 854 301
1016808630 855 302
1016808630 856 302
1016808630 857 302
1016808630 858 303
1016808630 859 303
1016808630 860 303
1016808630 861 304
1016808630 862 305
1016808630 863 305
1016808630 864 305
1016808630 865 305
1016808630 866 306
1016808630 867 306
1016808630 868 306
1016808630 869 307
1016808630 870 307
1016808630 871 307
1016808630 872 308
1016808630 872 308
1016808630 873 308
1016808630 873 308
1016808630 874 308
1016808630 875 309
1016808630 876 309
1016808630 877 310
1016808630 878 310
1016808630 879 311
1016808630 880 311
1016808630 881 311
1016808630 882 312
1016808630 883 312
1016808630 884 313
1016808630 885 313
1016808630 886 313
1016808630 887 314
1016808630 888 314
1016808630 889 314
1016808630 890 314
1016808630 891 315
1016808630 891 315
1016808630 892 315
1016808630 892 315
1016808630 893 315
1016808630 894 316
1016808630 895 316
1016808630 896 317
1016808630 897 317
1016808630 898 317
1016808630 899 318
1016808630 900 318
1016808630 901 318
1016808630 902 318
1016808630 903 319
1016808630 904 319
1016808630 905 320
1016808630 906 320
1016808630 907 320
1016808630 908 320
1016808630 909 321
1016808630 910 321
1016808630 911 321
1016808630 912 322
1016808630 913 322
1016808630 914 323
1016808630 915 323
1016808630 916 323
1016808630 916 323
1016808630 917 324
1016808630 918 324
1016808630 919 324
1016808630 920 325
1016808630 921 325
1016808630 922 325
1016808630 923 326
1016808630 924 326
1016808630 925 326
1016808630 926 326
1016808630 927 327
1016808630 928 327
1016808630 928 327
1016808630 929 327
1016808630 930 328
1016808630 931 328
1016808630 932 328
1016808630 933 328
1016808630 934 330
1016808630 935 330
1016808630 935 330
1016808630 936 331
1016808630 937 331
1016808630 938 332
1016808630 939 332
1016808630 940 332
1016808630 941 332
1016808630 941 333
1016808630 942 333
1016808630 943 333
1016808630 943 333
1016808630 944 334
1016808630 945 334
1016808630 946 334
1016808630 947 335
1016808630 948 335
1016808630 949 335
1016808630 950 335
1016808630 951 336
1016808630 952 337
1016808630 953 337
1016808630 954 337
1016808630 954 337
1016808630 955 337
1016808630 956 338
1016808630 957 338
1016808630 958 338
1016808630 959 339
1016808630 960 339
1016808630 961 339
1016808630 962 340
1016808630 963 341
1016808630 964 341
1016808630 964 341
1016808630 965 342
1016808630 966 342
1016808630 967 342
1016808630 968 342
1016808630 969 343
1016808630 970 343
1016808630 971 343
1016808630 971 343
1016808630 972 343
1016808630 973 344
1016808630 974 344
1016808630 975 344
1016808630 975 344
1016808630 976 344
1016808630 977 345
1016808630 978 345
1016808630 978 345
1016808630 979 346
1016808630 980 346
1016808630 981 346
1016808630 981 346
1016808630 982 346
1016808630 983 347
1016808630 984 347
1016808630 985 347
1016808630 986 347
1016808630 987 348
1016808630 988 348
1016808630 989 348
1016808630 989 348
1016808630 990 348
1016808630 991 349
1016808630 992 349
1016808630 993 349
1016808630 994 350
1016808630 995 350
1016808630 996 350
1016808630 997 351
1016808630 998 351
1016808630 999 351
1016808630 1000 352
1016808630 1001 353
1016808630 1002 353
1016808630 1003 353
1016808630 1004 354
1016808630 1005 354
1016808630 1006 355
1016808630 1007 356
1016808630 1008 356
942286113 1009 357
942286113 1010 358
942286113 1011 358
942286113 1012 358
942286113 1013 358
942286113 1014 359
942286113 1015 359
942286113 1016 359
942286113 1017 360
942286113 1018 360
942286113 1019 360
942286113 1019 360
942286113 1020 361
942286113 1020 361
942286113 1020 361
942286113 1021 361
942286113 1022 361
942286113 1023 361
942286113 1024 362
942286113 1025 362
942286113 1025 362
942286113 1026 362
942286113 1027 362
942286113 1027 362
942286113 1028 363
942286113 1029 364
942286113 1030 364
942286113 1030 364
942286113 1031 365
942286113 1032 365
942286113 1032 365
942286113 1033 365
942286113 1034 366
942286113 1035 366
942286113 1036 366
942286113 1037 366
942286113 1038 367
942286113 1039 367
942286113 1040 368
942286113 1040 368
942286113 1041 368
942286113 1041 368
942286113 1042 369
942286113 1043 369
942286113 1044 369
942286113 1045 370
942286113 1046 370
942286113 1047 371
942286113 1048 372
942286113 1049 372
942286113 1050 372
942286113 1051 372
942286113 1052 373
942286113 1053 373
942286113 1053 373
942286113 1053 373
942286113 1054 374
942286113 1055 374
942286113 1056 374
942286113 1057 374
942286113 1058 375
942286113 1059 375
942286113 1060 375
942286113 1061 376
942286113 1062 376
942286113 1063 377
942286113 1064 377
942286113 1065 378
942286113 1066 378
942286113 1067 378
942286113 1068 379
942286113 1069 379
942286113 1070 379
942286113 1070 379
942286113 1071 380
942286113 1072 380
942286113 1073 380
942286113 1074 381
942286113 1075 381
942286113 1076 381
942286113 1077 382
942286113 1077 382
942286113 1077 382
942286113 1078 382
942286113 1079 382
942286113 1080 382
942286113 1081 383
942286113 1082 383
942286113 1082 383
942286113 1083 384
942286113 1084 384
942286113 1085 384
942286113 1086 384
942286113 1087 385
942286113 1088 385
942286113 1089 385
942286113 1090 386
942286113 1091 386
942286113 1092 386
942286113 1093 387
942286113 1094 388
942286113 1095 388
942286113 1096 388
942286113 1097 388
942286113 1098 389
942286113 1098 389
942286113 1099 389
942286113 1100 389
942286113 1101 390
942286113 1101 390
942286113 1102 390
942286113 1103 391
942286113 1104 391
942286113 1105 391
942286113 1106 391
942286113 1107 392
942286113 1108 392
942286113 1109 393
942286113 1110 393
942286113 1111 393
942286113 1112 393
942286113 1113 394
942286113 1114 394
942286113 1115 395
942286113 1116 395
942286113 1117 395
942286113 1118 396
942286113 1119 396
942286113 1120 396
942286113 1121 396
942286113 1121 396
942286113 1122 397
942286113 1123 397
942286113 1124 398
942286113 1125 398
942286113 1126 398
942286113 1127 398
942286113 1127 399
942286113 1128 399
942286113 1129 399
942286113 1129 399
942286113 1130 400
942286113 1131 400
942286113 1132 400
942286113 1132 400
942286113 1132 400
942286113 1133 400
942286113 1133 400
942286113 1134 401
942286113 1135 401
942286113 1136 402
942286113 1136 402
942286113 1137 403
942286113 1138 403
942286113 1139 403
942286113 1140 403
942286113 1140 403
942286113 1141 404
942286113 1142 404
942286113 1143 404
942286113 1144 404
942286113 1145 405
942286113 1145 405
942286113 1146 405
942286113 1147 405
942286113 1148 406
942286113 1149 406
942286113 1150 406
942286113 1151 406
942286113 1152 407
942286113 1153 408
942286113 1154 408
942286113 1155 408
942286113 1156 409
942286113 1157 409
942286113 1158 409
942286113 1159 410
942286113 1160 410
942286113 1161 410
942286113 1162 410
942286113 1163 411
942286113 1163 411
942286113 1164 411
942286113 1164 411
942286113 1165 412
942286113 1166 412
942286113 1167 412
942286113 1168 413
942286113 1169 414
942286113 1170 414
942286113 1170 414
942286113 1170 414
942286113 1171 414
942286113 1172 415
942286113 1173 415
942286113 1174 415
942286113 1175 416
942286113 1176 416
942286113 1177 416
942286113 1177 416
942286113 1178 417
942286113 1179 418
942286113 1180 418
942286113 1180 418
942286113 1181 418
942286113 1182 419
942286113 1183 419
942286113 1184 419
942286113 1185 420
942286113 1186 420
942286113 1187 420
942286113 1188 420
942286113 1189 421
942286113 1190 421
942286113 1191 421
942286113 1192 421
942286113 1192 421
942286113 1193 422
942286113 1194 422
942286113 1195 422
942286113 1195 422
942286113 1196 423
942286113 1197 423
942286113 1198 423
942286113 1199 424
942286113 1200 424
942286113 1201 425
942286113 1201 425
942286113 1202 425
942286113 1202 425
942286113 1203 426
942286113 1204 426
942286113 1205 426
942286113 1206 426
942286113 1207 427
942286113 1208 428
942286113 1209 428
942286113 1209 428
942286113 1209 428
942286113 1210 428
942286113 1211 429
942286113 1212 429
942286113 1213 429
942286113 1214 430
942286113 1215 430
942286113 1216 430
942286113 1217 431
942286113 1218 431
942286113 1219 431
942286113 1220 432
942286113 1221 432
942286113 1221 432
942286113 1222 433
942286113 1223 433
942286113 1224 433
942286113 1224 433
942286113 1225 434
942286113 1226 434
942286113 1227 435
942286113 1228 435
942286113 1229 435
942286113 1230 436
942286113 1231 436
942286113 1231 436
942286113 1232 436
942286113 1233 437
942286113 1234 437
942286113 1234 437
942286113 1235 438
942286113 1236 439
942286113 1237 439
942286113 1238 440
942286113 1239 440
942286113 1240 440
942286113 1240 440
942286113 1241 441
942286113 1242 441
942286113 1243 441
942286113 1244 441
942286113 1245 442
942286113 1246 442
942286113 1246 442
942286113 1247 442
942286113 1248 443
942286113 1249 443
942286113 1250 443
942286113 1251 444
942286113 1252 444
942286113 1253 444
942286113 1254 445
942286113 1255 445
942286113 1255 445
942286113 1256 445
942286113 1257 446
942286113 1258 446
942286113 1259 446
942286113 1260 446
942286113 1260 446
942286113 1261 448
942286113 1262 448
942286113 1263 449
942286113 1264 449
942286113 1265 450
942286113 1266 450
942286113 1266 450
942286113 1267 450
942286113 1268 450
942286113 1269 451
942286113 1269 451
942286113 1270 451
942286113 1271 451
942286113 1272 452
942286113 1272 452
942286113 1272 452
942286113 1273 452
942286113 1274 452
942286113 1274 452
942286113 1274 452
942286113 1275 453
942286113 1276 453
942286113 1277 453
942286113 1277 453
942286113 1278 455
942286113 1279 455
942286113 1280 455
942286113 1281 455
942286113 1282 456
942286113 1283 456
942286113 1284 456
942286113 1285 458
942286113 1286 458
942286113 1287 458
942286113 1287 458
942286113 1288 459
942286113 1289 459
942286113 1289 459
942286113 1290 459
942286113 1291 460
942286113 1292 460
942286113 1293 460
942286113 1293 460
942286113 1294 461
942286113 1294 461
942286113 1295 461
942286113 1296 462
942286113 1297 462
942286113 1298 463
942286113 1298 463
942286113 1299 463
942286113 1300 464
942286113 1301 464
942286113 1302 464
942286113 1303 465
942286113 1304 465
942286113 1305 465
942286113 1305 465
942286113 1306 466
942286113 1307 466
942286113 1308 466
942286113 1308 466
942286113 1309 467
942286113 1309 467
942286113 1309 467
942286113 1310 467
942286113 1310 467
942286113 1311 467
942286113 1311 467
942286113 1312 468
942286113 1313 468
942286113 1314 468
942286113 1314 468
942286113 1315 469
942286113 1315 469
942286113 1316 470
942286113 1317 470
942286113 1318 470
942286113 1319 470
942286113 1320 471
942286113 1320 471
942286113 1321 471
942286113 1322 471
942286113 1323 472
942286113 1324 472
942286113 1325 473
942286113 1326 473
942286113 1326 473
942286113 1327 473
942286113 1328 474
942286113 1329 474
942286113 1330 474
942286113 1330 474
942286113 1331 475
942286113 1331 475
942286113 1332 475
942286113 1333 476
942286113 1334 476
942286113 1335 476
942286113 1336 476
942286113 1337 477
942286113 1338 477
942286113 1339 477
942286113 1340 478
942286113 1340 478
942286113 1340 478
942286113 1341 478
942286113 1342 478
942286113 1343 478
942286113 1344 479
942286113 1345 479
942286113 1346 479
942286113 1347 480
942286113 1348 480
942286113 1348 480
942286113 1349 480
942286113 1350 481
942286113 1350 481
942286113 1351 481
942286113 1352 481
942286113 1353 481
942286113 1354 482
942286113 1355 482
942286113 1356 482
942286113 1357 483
942286113 1357 483
942286113 1358 483
942286113 1359 483
942286113 1360 484
942286113 1360 484
942286113 1361 484
942286113 1362 484
942286113 1363 485
942286113 1364 485
942286113 1365 485
942286113 1366 486
942286113 1367 486
942286113 1368 487
942286113 1368 487
942286113 1369 487
942286113 1370 487
942286113 1371 487
942286113 1371 487
942286113 1371 487
942286113 1372 488
942286113 1373 489
942286113 1374 489
942286113 1375 489
942286113 1376 490
942286113 1377 490
942286113 1378 491
942286113 1378 491
942286113 1379 491
942286113 1379 491
942286113 1380 492
942286113 1380 492
942286113 1381 493
942286113 1382 493
942286113 1382 493
942286113 1382 493
942286113 1383 494
942286113 1384 494
942286113 1385 494
942286113 1386 495
942286113 1387 495
942286113 1388 495
942286113 1389 495
942286113 1390 496
942286113 1391 496
942286113 1391 496
942286113 1392 496
942286113 1393 497
942286113 1394 497
942286113 1395 497
942286113 1396 498
942286113 1397 498
942286113 1398 498
942286113 1399 499
942286113 1399 499
942286113 1400 499
942286113 1401 499
942286113 1402 500
942286113 1403 500
942286113 1404 500
942286113 1405 501
942286113 1406 501
942286113 1407 501
942286113 1408 502
942286113 1409 503
942286113 1410 503
942286113 1411 503
942286113 1412 503
942286113 1413 504
942286113 1414 504
942286113 1414 504
942286113 1415 504
942286113 1416 505
942286113 1417 505
942286113 1418 505
942286113 1419 505
942286113 1420 506
942286113 1421 506
942286113 1422 507
942286113 1422 507
942286113 1423 507
942286113 1424 508
942286113 1425 508
942286113 1426 508
942286113 1427 509
942286113 1428 509
942286113 1429 509
942286113 1430 510
942286113 1431 510
942286113 1432 511
942286113 1433 511
942286113 1434 511
942286113 1435 511
942286113 1436 512
942286113 1437 512
942286113 1438 512
942286113 1439 513
942286113 1440 513
942286113 1440 513
942286113 1441 513
942286113 1441 513
942286113 1442 514
942286113 1443 514
942286113 1444 514
942286113 1444 514
942286113 1445 514
942286113 1446 514
942286113 1446 514
942286113 1447 515
942286113 1448 515
942286113 1449 515
942286113 1450 516
942286113 1451 517
942286113 1452 517
942286113 1453 518
942286113 1454 518
942286113 1455 518
942286113 1456 519
942286113 1457 519
942286113 1458 519
942286113 1458 519
942286113 1459 520
942286113 1460 520
942286113 1461 520
942286113 1462 521
942286113 1463 521
942286113 1464 521
942286113 1465 522
942286113 1466 522
942286113 1467 522
942286113 1468 522
942286113 1469 522
942286113 1470 523
942286113 1471 523
942286113 1471 523
942286113 1472 524
942286113 1473 524
942286113 1474 524
942286113 1475 524
942286113 1476 525
942286113 1477 525
942286113 1478 525
942286113 1479 526
942286113 1480 527
942286113 1481 527
942286113 1482 527
942286113 1483 528
942286113 1484 528
942286113 1485 528
942286113 1486 528
942286113 1487 529
942286113 1488 529
942286113 1489 530
942286113 1490 530
942286113 1491 531
942286113 1492 531
942286113 1493 531
942286113 1494 531
942286113 1495 532
942286113 1496 532
942286113 1496 532
942286113 1497 532
942286113 1497 532
942286113 1498 533
942286113 1499 533
942286113 1500 533
942286113 1501 534
942286113 1502 535
942286113 1503 536
942286113 1504 537
942286113 1505 537
942286113 1506 538
942286113 1507 538
942286113 1508 538
942286113 1509 538
942286113 1510 539
942286113 1511 539
942286113 1512 539
942286113 1513 539
942286113 1514 540
942286113 1514 540
942286113 1515 540
942286113 1516 540
942286113 1517 541
942286113 1518 541
942286113 1519 541
942286113 1520 542
942286113 1521 542
942286113 1522 542
942286113 1523 542
942286113 1524 543
942286113 1525 544
942286113 1526 544
942286113 1527 544
942286113 1528 545
942286113 1529 545
942286113 1529 545
942286113 1530 545
942286113 1530 545
942286113 1531 546
942286113 1532 546
942286113 1533 547
942286113 1534 547
942286113 1535 547
942286113 1536 548
942286113 1537 548
942286113 1538 548
942286113 1538 548
942286113 1538 548
942286113 1539 548
942286113 1540 549
942286113 1541 549
942286113 1542 549
942286113 1543 550
942286113 1544 550
942286113 1545 550
942286113 1546 551
942286113 1547 551
942286113 1548 552
942286113 1549 552
942286113 1550 552
942286113 1551 553
942286113 1552 553
942286113 1553 553
942286113 1554 554
942286113 1555 554
942286113 1556 555
942286113 1557 555
942286113 1558 555
942286113 1559 555
942286113 1560 556
942286113 1561 557
942286113 1561 557
942286113 1562 557
942286113 1563 557
942286113 1564 558
942286113 1565 558
942286113 1566 558
942286113 1567 559
942286113 1568 559
942286113 1569 559
942286113 1570 560
942286113 1571 560
942286113 1572 560
942286113 1573 561
942286113 1574 561
942286113 1575 561
942286113 1576 561
942286113 1577 562
942286113 1577 562
942286113 1577 562
942286113 1578 562
942286113 1579 562
942286113 1580 563
942286113 1581 563
942286113 1582 563
942286113 1583 563
942286113 1584 564
942286113 1585 564
942286113 1586 564
942286113 1587 564
942286113 1588 565
942286113 1589 565
942286113 1590 566
942286113 1591 566
942286113 1592 567
942286113 1593 568
942286113 1594 568
942286113 1594 568
942286113 1595 568
942286113 1596 569
942286113 1597 569
942286113 1597 569
942286113 1598 570
942286113 1598 570
942286113 1599 570
942286113 1599 570
942286113 1600 571
942286113 1601 571
942286113 1602 572
942286113 1603 573
942286113 1604 573
942286113 1605 573
942286113 1606 573
942286113 1606 573
942286113 1607 574
942286113 1608 574
942286113 1608 574
942286113 1608 574
942286113 1609 574
942286113 1610 575
942286113 1610 575
942286113 1611 575
942286113 1612 575
942286113 1613 575
942286113 1614 576
942286113 1615 576
942286113 1616 576
942286113 1617 577
942286113 1618 577
942286113 1619 577
942286113 1619 577
942286113 1620 577
942286113 1621 578
942286113 1621 578
942286113 1622 578
942286113 1623 578
942286113 1624 578
942286113 1624 578
942286113 1625 579
942286113 1626 579
942286113 1626 579
942286113 1627 579
942286113 1628 580
942286113 1629 581
942286113 1629 581
942286113 1630 581
942286113 1631 581
942286113 1631 581
942286113 1632 582
942286113 1633 582
942286113 1634 582
942286113 1635 583
942286113 1636 584
942286113 1637 584
942286113 1638 584
942286113 1639 584
942286113 1640 585
942286113 1640 585
942286113 1641 585
942286113 1642 585
942286113 1643 586
942286113 1644 586
942286113 1645 586
942286113 1645 586
942286113 1646 586
942286113 1647 587
942286113 1648 588
942286113 1649 588
942286113 1650 589
942286113 1651 589
942286113 1652 589
942286113 1653 589
942286113 1654 590
942286113 1655 590
942286113 1656 590
942286113 1657 590
942286113 1657 590
942286113 1658 591
942286113 1659 591
942286113 1660 591
942286113 1661 592
942286113 1662 592
942286113 1663 592
942286113 1664 593
942286113 1665 593
942286113 1666 593
942286113 1667 594
942286113 1668 594
942286113 1669 594
942286113 1670 594
942286113 1671 595
942286113 1672 595
942286113 1673 595
942286113 1674 596
942286113 1674 596
942286113 1675 596
942286113 1676 596
942286113 1676 596
942286113 1677 597
942286113 1678 597
942286113 1679 597
942286113 1680 598
942286113 1681 599
942286113 1682 599
942286113 1683 599
942286113 1684 600
942286113 1685 600
942286113 1685 600
942286113 1686 601
