1672769883 1 3
1672769883 1 3
1672769883 2 3
1672769883 3 3
1630039153 4 4
1630039153 4 4
1630039153 5 4
1630039153 6 4
1382494163 7 5
1382494163 8 5
1382494163 8 5
1382494163 9 5
1382494163 10 5
1382494163 11 6
1382494163 12 6
1382494163 13 6
1382494163 14 7
1382494163 15 7
1382494163 16 8
1382494163 17 8
1382494163 18 9
1382494163 19 9
1382494163 20 9
1382494163 21 10
1382494163 22 10
1382494163 23 10
1382494163 24 12
1382494163 25 12
1382494163 26 12
1382494163 26 12
1382494163 27 12
1382494163 28 13
1382494163 29 13
1382494163 29 13
1382494163 30 13
1382494163 31 14
1382494163 32 14
1382494163 33 14
1382494163 34 14
1382494163 35 15
1382494163 36 15
1382494163 37 15
1382494163 38 15
1382494163 39 16
1382494163 40 16
1382494163 41 16
1382494163 41 16
1382494163 42 16
1382494163 43 17
1382494163 44 17
1382494163 44 17
1382494163 45 18
1382494163 46 18
1382494163 47 18
1382494163 48 18
1382494163 49 19
1382494163 50 19
1382494163 51 20
1382494163 51 20
1382494163 52 20
1382494163 53 21
1382494163 54 21
1382494163 55 21
1382494163 56 21
1382494163 57 22
1382494163 58 22
1382494163 59 22
1382494163 60 22
1382494163 61 23
1382494163 62 24
1288638688.8275 63 24
1288638688.8275 64 24
1288638688.8275 65 25
1288638688.8275 66 25
1288638688.8275 66 25
1288638688.8275 67 25
1288638688.8275 67 25
1288638688.8275 68 26
1288638688.8275 68 26
1288638688.8275 69 26
1288638688.8275 69 26
1288638688.8275 70 27
1288638688.8275 70 27
1288638688.8275 71 27
1288638688.8275 72 27
1288638688.8275 72 27
1288638688.8275 73 28
1288638688.8275 74 28
1288638688.8275 75 28
1288638688.8275 76 28
1288638688.8275 77 29
1288638688.8275 78 29
1288638688.8275 79 29
1288638688.8275 80 29
1288638688.8275 81 30
1288638688.8275 82 30
1288638688.8275 83 30
1288638688.8275 84 31
1288638688.8275 85 31
1288638688.8275 86 31
1288638688.8275 87 32
1288638688.8275 87 32
1288638688.8275 88 32
1288638688.8275 89 32
1288638688.8275 90 32
1288638688.8275 91 32
1288638688.8275 92 33
1288638688.8275 92 33
1288638688.8275 93 33
1288638688.8275 94 34
1288638688.8275 95 34
1288638688.8275 96 34
1288638688.8275 97 35
1288638688.8275 98 35
1288638688.8275 99 35
1288638688.8275 100 36
1288638688.8275 101 36
1288638688.8275 102 36
1288638688.8275 103 36
1288638688.8275 103 36
1288638688.8275 104 37
1103544139 105 37
1103544139 106 37
1103544139 107 38
1103544139 108 38
1103544139 109 38
1103544139 110 38
1103544139 111 39
1103544139 112 39
1103544139 113 39
1103544139 114 39
1103544139 115 40
1103544139 116 40
1103544139 117 41
1103544139 118 41
1103544139 119 41
1103544139 120 41
1103544139 121 41
1103544139 122 42
1103544139 123 42
1103544139 123 42
1103544139 124 42
1103544139 125 43
1103544139 126 43
1103544139 127 43
1103544139 128 44
1103544139 129 44
1103544139 129 44
1103544139 130 44
1103544139 131 45
1103544139 132 46
1103544139 132 46
1103544139 133 46
1103544139 134 46
1103544139 135 47
1103544139 136 47
1103544139 137 47
1103544139 138 47
1103544139 139 48
1103544139 140 48
1103544139 141 48
1103544139 142 49
1103544139 143 49
1103544139 144 49
1103544139 145 50
1103544139 146 50
1103544139 147 50
1103544139 148 51
1103544139 149 51
1103544139 150 51
1103544139 150 51
1103544139 151 52
1103544139 152 52
1103544139 153 52
1103544139 154 52
1103544139 155 53
1103544139 156 53
1103544139 157 53
1103544139 157 53
1103544139 158 53
1103544139 159 54
1103544139 160 54
1103544139 160 54
1103544139 160 54
1103544139 160 54
1103544139 161 54
1103544139 162 55
1103544139 163 55
1103544139 164 55
1103544139 165 56
1103544139 166 56
1103544139 167 56
1103544139 167 56
1103544139 168 57
1103544139 169 57
1103544139 170 58
1103544139 171 58
1103544139 172 58
1103544139 173 58
1103544139 174 58
1103544139 175 59
1103544139 176 59
1103544139 177 60
1103544139 178 60
1103544139 179 60
1103544139 180 60
1103544139 181 61
1103544139 182 62
1103544139 183 62
1103544139 184 63
1103544139 184 63
1103544139 184 63
1103544139 185 63
1103544139 186 64
1103544139 187 64
1103544139 188 64
1103544139 189 65
1103544139 190 65
1103544139 191 65
1103544139 192 65
1103544139 193 66
1103544139 194 66
1103544139 195 67
1103544139 196 67
1103544139 196 67
1103544139 197 67
1103544139 197 67
1103544139 198 68
1103544139 199 68
1103544139 200 68
1103544139 201 68
1103544139 201 68
1103544139 202 69
1103544139 203 70
1103544139 204 71
1103544139 205 71
1103544139 205 71
1103544139 206 72
1103544139 207 72
1103544139 207 72
1103544139 207 72
1103544139 208 72
1103544139 208 72
1021560829 209 72
1021560829 210 73
1021560829 211 73
1021560829 212 74
1021560829 212 74
1021560829 213 74
1021560829 213 74
1021560829 214 74
1021560829 215 75
1021560829 216 75
1021560829 217 75
1021560829 218 75
1021560829 219 76
1021560829 219 76
1021560829 220 76
1021560829 221 76
1021560829 221 76
1021560829 222 77
1021560829 223 77
1021560829 223 77
1021560829 224 77
1021560829 225 78
1021560829 226 78
1021560829 227 79
1021560829 228 79
1021560829 229 79
1021560829 230 79
1021560829 231 80
1021560829 231 80
1021560829 232 80
1021560829 233 80
1021560829 234 80
1021560829 235 81
1021560829 235 81
1021560829 235 81
1021560829 236 81
1021560829 237 81
1021560829 238 82
1021560829 239 82
1021560829 240 82
1021560829 241 83
1021560829 242 83
1021560829 243 83
1021560829 244 83
1021560829 245 84
1021560829 246 84
1021560829 247 85
1021560829 248 85
1021560829 249 86
1021560829 250 86
1021560829 251 86
1021560829 252 87
1021560829 253 87
1021560829 254 87
1021560829 255 87
1021560829 255 87
1021560829 256 88
1021560829 257 88
1021560829 258 88
1021560829 259 89
1021560829 260 89
1021560829 261 89
1021560829 262 90
1021560829 263 90
1021560829 263 90
1021560829 264 90
1021560829 265 91
1021560829 265 91
1021560829 266 91
1021560829 267 92
1021560829 268 92
1021560829 269 93
1021560829 270 93
1021560829 271 94
1021560829 272 94
1021560829 273 95
1021560829 274 95
1021560829 275 96
1021560829 276 96
1021560829 277 96
1021560829 278 97
1021560829 279 97
1021560829 280 98
1021560829 281 98
1021560829 282 98
1021560829 283 99
1021560829 283 99
1021560829 283 99
1021560829 284 99
1021560829 285 100
1021560829 286 100
1021560829 287 101
1021560829 288 101
1021560829 289 102
1021560829 290 102
1021560829 291 102
1021560829 292 102
1021560829 293 103
1021560829 294 103
1021560829 295 103
1021560829 296 104
1021560829 297 105
1021560829 298 105
1021560829 299 106
1021560829 300 106
1021560829 301 107
1021560829 302 107
1021560829 303 107
1021560829 304 108
1021560829 305 108
1021560829 306 109
1021560829 307 109
1021560829 308 109
1021560829 309 109
1021560829 310 110
1021560829 311 110
1021560829 312 110
1021560829 313 111
1021560829 314 112
1021560829 315 112
1021560829 316 112
1021560829 317 112
1021560829 318 113
1021560829 319 113
1021560829 320 113
1021560829 321 114
1021560829 322 114
1021560829 323 114
1021560829 324 115
1021560829 325 116
1021560829 326 116
1021560829 327 117
1021560829 328 118
1021560829 328 118
1021560829 329 118
1021560829 330 119
1021560829 331 119
1021560829 332 119
1021560829 333 120
1021560829 334 120
1021560829 335 120
1021560829 336 121
1021560829 337 122
1021560829 338 122
1021560829 339 122
1021560829 340 123
1021560829 341 123
1021560829 342 123
1021560829 343 123
1021560829 344 124
1021560829 345 124
1021560829 346 124
1021560829 347 125
1021560829 348 125
1021560829 349 126
1021560829 350 127
1021560829 351 127
1021560829 352 127
1021560829 353 127
1021560829 354 128
1021560829 355 128
1021560829 355 128
1021560829 356 128
1021560829 357 129
1021560829 358 129
1021560829 359 129
1021560829 360 130
1021560829 361 131
1021560829 361 131
1021560829 362 131
1021560829 362 131
1021560829 363 131
1021560829 364 131
1021560829 365 132
1021560829 366 132
1021560829 367 132
1021560829 368 133
1021560829 369 133
1021560829 370 134
1021560829 371 134
1021560829 372 134
1021560829 373 134
1021560829 373 134
1021560829 374 135
1021560829 375 135
1021560829 376 136
1021560829 377 136
1021560829 378 136
1021560829 379 137
1021560829 380 137
1021560829 381 137
1021560829 382 138
1021560829 383 138
1021560829 384 138
1021560829 385 139
1021560829 386 139
1021560829 387 139
1021560829 388 139
1021560829 388 139
1021560829 389 140
1021560829 390 140
1021560829 391 140
1021560829 391 140
1021560829 392 141
1021560829 393 141
1021560829 394 141
1021560829 395 142
1021560829 396 142
1021560829 397 142
1021560829 398 143
1021560829 398 143
1021560829 399 143
1021560829 400 143
1021560829 401 143
1021560829 401 143
1021560829 402 144
1021560829 403 145
1021560829 404 145
1021560829 405 145
1021560829 406 145
1021560829 407 146
1021560829 408 146
1021560829 409 147
1021560829 410 147
1021560829 411 147
1021560829 411 147
1021560829 412 148
1021560829 413 148
1021560829 414 148
1021560829 415 148
1021560829 416 149
1021560829 417 149
1021560829 418 149
1021560829 419 150
1021560829 420 150
1021560829 420 150
1021560829 421 150
1021560829 422 150
1021560829 423 151
1021560829 424 151
1021560829 425 151
1021560829 426 152
1021560829 427 152
1021560829 428 152
1021560829 429 153
1021560829 430 153
1021560829 431 154
1021560829 432 154
1021560829 433 154
1021560829 434 154
1021560829 435 155
1021560829 436 155
1021560829 437 155
1021560829 437 156
1021560829 438 156
1021560829 438 156
1021560829 439 156
1021560829 440 156
1021560829 441 157
1021560829 442 157
1021560829 443 157
1021560829 444 158
1021560829 445 158
1021560829 446 158
1021560829 447 159
1021560829 448 159
1021560829 449 159
1021560829 450 159
1021560829 451 160
1021560829 452 160
1021560829 453 160
1021560829 454 161
1021560829 455 161
1021560829 456 162
1021560829 457 162
1021560829 458 163
1021560829 459 163
1021560829 460 163
1021560829 461 164
1021560829 462 165
1021560829 463 165
1021560829 464 165
1021560829 465 165
1021560829 466 166
1021560829 467 166
1021560829 468 166
1021560829 468 166
1021560829 469 167
1021560829 470 167
1021560829 470 167
1021560829 471 167
1021560829 472 168
1021560829 473 168
1021560829 473 168
1021560829 473 168
1021560829 474 168
1021560829 475 169
1021560829 476 169
1021560829 477 170
1021560829 478 170
1021560829 479 170
1021560829 479 170
1021560829 480 170
1021560829 481 171
1021560829 482 171
1021560829 482 171
1021560829 483 171
1021560829 484 172
1021560829 485 172
1021560829 486 173
1021560829 487 173
1021560829 488 174
1021560829 489 174
1021560829 490 174
1021560829 491 175
1021560829 492 175
1021560829 492 175
1021560829 493 175
1021560829 493 175
1021560829 494 176
1021560829 495 176
1021560829 496 176
1021560829 497 177
1021560829 498 178
1021560829 499 178
1021560829 500 178
1021560829 500 178
1021560829 501 179
1021560829 502 179
1021560829 503 179
1021560829 504 179
1021560829 505 180
1021560829 506 180
1021560829 507 181
1021560829 508 181
1021560829 509 181
1021560829 510 182
1021560829 510 182
1021560829 511 182
1021560829 512 182
1021560829 513 183
1021560829 514 184
1021560829 515 184
1021560829 516 184
1021560829 517 184
1021560829 518 185
1021560829 519 185
1021560829 520 185
1021560829 521 186
1021560829 522 187
1021560829 523 187
1021560829 524 187
1021560829 525 188
1021560829 526 188
1021560829 527 188
1021560829 528 188
1021560829 529 190
1021560829 530 190
1021560829 531 190
1021560829 532 190
1021560829 533 191
1021560829 534 191
1021560829 535 192
1021560829 536 192
1021560829 536 192
1021560829 537 192
1021560829 538 193
1021560829 539 193
1021560829 540 194
1021560829 541 194
1021560829 542 194
1021560829 543 194
1021560829 543 194
1021560829 544 195
1021560829 545 195
1021560829 546 195
1021560829 547 196
1021560829 548 196
1021560829 549 197
1021560829 550 197
1021560829 551 197
1021560829 552 198
1021560829 553 198
1021560829 554 199
1021560829 555 199
1021560829 556 201
1021560829 557 201
1021560829 558 201
1021560829 559 201
1021560829 560 202
1021560829 561 202
1021560829 561 202
1021560829 562 202
1021560829 563 203
1021560829 564 203
1021560829 565 203
1021560829 566 204
1021560829 567 204
1021560829 568 204
1021560829 569 205
1021560829 570 205
1021560829 571 205
1021560829 572 205
1021560829 573 206
1021560829 574 206
1021560829 575 206
1021560829 576 207
1021560829 577 207
1021560829 578 208
1021560829 579 209
1021560829 580 209
1021560829 580 209
1021560829 581 209
1021560829 582 209
1021560829 583 210
1021560829 584 210
1021560829 585 210
1021560829 586 211
1021560829 587 211
1021560829 588 212
1021560829 588 212
1021560829 589 212
1009267964 590 213
1009267964 591 213
1009267964 592 213
1009267964 592 213
1009267964 592 213
1009267964 593 214
1009267964 594 214
1009267964 595 215
1009267964 596 215
1009267964 597 215
1009267964 598 216
1009267964 599 216
1009267964 600 216
1009267964 601 217
1009267964 602 217
1009267964 603 217
1009267964 604 218
1009267964 605 218
1009267964 605 218
1009267964 605 218
1009267964 606 219
1009267964 607 219
1009267964 608 219
1009267964 609 220
1009267964 610 220
1009267964 611 220
1009267964 612 220
1009267964 613 221
1009267964 614 221
1009267964 615 221
1009267964 616 222
1009267964 617 222
1009267964 618 222
1009267964 618 222
1009267964 619 222
1009267964 620 223
1009267964 621 223
1009267964 622 223
1009267964 623 224
1009267964 624 224
1009267964 625 225
1009267964 626 225
1009267964 626 225
1009267964 627 225
1009267964 628 226
1009267964 629 226
1009267964 630 227
1009267964 631 227
1009267964 632 227
1009267964 633 228
1009267964 634 228
1009267964 635 228
1009267964 636 229
1009267964 636 229
1009267964 637 229
1009267964 638 229
1009267964 639 229
1009267964 640 230
1009267964 641 230
1009267964 642 231
1009267964 643 231
1009267964 644 231
1009267964 645 231
1009267964 646 232
1009267964 647 232
1009267964 648 232
1009267964 649 233
1009267964 650 233
1009267964 651 233
1009267964 652 234
1009267964 653 234
1009267964 653 234
1009267964 654 234
1009267964 655 235
1009267964 656 236
1009267964 657 236
1009267964 658 236
1009267964 659 237
1009267964 660 237
1009267964 661 237
1009267964 662 239
1009267964 663 239
1009267964 664 239
1009267964 665 240
1009267964 666 240
1009267964 667 241
1009267964 667 241
1009267964 668 241
1009267964 669 242
1009267964 670 242
1009267964 671 242
1009267964 672 242
1009267964 673 243
1009267964 674 243
1009267964 675 243
1009267964 676 243
1009267964 677 244
1009267964 678 244
1009267964 679 244
1009267964 679 244
1009267964 680 245
1009267964 680 245
1009267964 681 245
1009267964 682 246
1009267964 683 246
1009267964 683 246
1009267964 684 246
1009267964 684 246
1009267964 685 247
1009267964 686 247
1009267964 687 247
1009267964 688 248
1009267964 689 248
1009267964 690 248
1009267964 691 249
1009267964 692 249
1009267964 693 249
1009267964 694 250
1009267964 695 250
1009267964 696 250
1009267964 697 251
1009267964 698 251
1009267964 699 251
1009267964 700 252
1009267964 701 252
1009267964 701 252
1009267964 701 252
1009267964 702 253
1009267964 703 253
1009267964 704 254
1009267964 705 254
1009267964 706 254
1009267964 707 255
1009267964 708 255
1009267964 709 255
1009267964 710 256
1009267964 711 256
1009267964 712 256
1009267964 713 256
1009267964 714 257
1009267964 715 257
1009267964 716 257
1009267964 717 258
1009267964 717 258
1009267964 718 258
1009267964 719 258
1009267964 720 259
1009267964 721 259
1009267964 722 259
1009267964 723 259
1009267964 724 260
1009267964 725 260
1009267964 726 261
1009267964 727 261
1009267964 728 261
1009267964 729 261
1009267964 729 261
1009267964 730 262
1009267964 731 262
1009267964 732 263
1009267964 733 263
1009267964 734 263
1009267964 735 264
1009267964 736 264
1009267964 737 264
1009267964 737 264
1009267964 738 264
1009267964 739 265
1009267964 740 265
1009267964 741 265
1009267964 742 265
1009267964 743 266
1009267964 744 266
1009267964 744 266
1009267964 744 266
927606107 745 267
927606107 746 267
927606107 746 267
927606107 746 267
927606107 747 268
927606107 747 268
927606107 748 268
927606107 748 268
927606107 749 268
927606107 750 269
927606107 751 269
927606107 752 269
927606107 753 269
927606107 753 269
927606107 753 269
927606107 754 270
927606107 754 270
927606107 755 270
927606107 756 271
927606107 757 271
927606107 758 271
927606107 759 272
927606107 760 272
927606107 761 273
927606107 762 273
927606107 763 273
927606107 764 273
927606107 765 274
927606107 766 275
927606107 767 275
927606107 767 275
927606107 768 275
927606107 769 276
927606107 770 276
927606107 771 276
927606107 772 277
927606107 773 277
927606107 774 277
927606107 775 277
927606107 775 277
927606107 776 278
927606107 777 278
927606107 778 278
927606107 779 279
927606107 780 280
927606107 781 280
927606107 781 280
927606107 782 281
927606107 783 281
927606107 784 282
927606107 785 282
927606107 786 282
927606107 787 283
927606107 788 283
927606107 789 283
927606107 790 284
927606107 791 284
927606107 792 284
927606107 793 285
927606107 794 285
927606107 795 285
927606107 796 286
927606107 797 286
927606107 798 286
927606107 799 286
927606107 800 287
927606107 801 287
927606107 802 287
927606107 803 288
927606107 804 288
927606107 805 288
927606107 806 289
927606107 807 289
927606107 808 290
927606107 809 290
927606107 810 290
927606107 811 291
927606107 812 291
927606107 813 291
927606107 814 292
927606107 815 292
927606107 816 292
927606107 817 292
927606107 818 293
927606107 819 293
927606107 820 293
927606107 821 294
927606107 822 294
927606107 822 294
927606107 823 294
927606107 824 295
927606107 825 296
927606107 826 296
927606107 827 297
927606107 828 297
927606107 829 297
927606107 830 297
927606107 831 298
927606107 832 298
927606107 833 298
927606107 834 298
927606107 835 299
927606107 836 299
927606107 837 299
927606107 838 300
927606107 839 300
927606107 840 301
927606107 841 301
927606107 841 301
927606107 842 301
927606107 843 301
927606107 844 302
927606107 845 302
927606107 846 302
927606107 847 303
927606107 848 303
927606107 849 304
927606107 849 304
927606107 850 304
927606107 851 305
927606107 852 305
927606107 853 305
927606107 854 305
927606107 855 306
927606107 856 306
927606107 857 306
927606107 858 307
927606107 859 307
927606107 860 307
927606107 861 308
927606107 862 308
927606107 863 308
927606107 864 309
927606107 865 310
927606107 866 310
927606107 867 311
927606107 868 311
927606107 869 311
927606107 870 311
927606107 871 312
927606107 872 312
927606107 872 312
927606107 872 312
927606107 873 312
927606107 873 312
927606107 874 312
927606107 875 313
927606107 876 313
927606107 877 313
927606107 878 314
927606107 879 314
927606107 880 314
927606107 881 315
927606107 882 315
927606107 883 315
927606107 884 316
927606107 885 316
927606107 886 316
927606107 887 316
927606107 888 317
927606107 889 317
927606107 890 317
927606107 891 318
927606107 892 318
927606107 893 319
927606107 893 319
927606107 893 319
927606107 893 319
927606107 894 319
927606107 894 319
927606107 895 319
927606107 895 319
927606107 896 320
927606107 897 320
927606107 898 320
927606107 899 320
927606107 900 321
927606107 901 321
927606107 902 321
927606107 903 322
927606107 904 323
927606107 904 323
927606107 905 323
927606107 905 323
927606107 906 323
927606107 907 323
927606107 908 324
927606107 909 325
927606107 910 325
927606107 910 325
927606107 911 325
927606107 912 325
927606107 913 326
927606107 914 326
927606107 915 326
927606107 916 327
927606107 917 327
927606107 918 327
927606107 919 327
927606107 920 328
927606107 921 328
927606107 922 329
927606107 923 329
927606107 924 329
927606107 924 329
927606107 925 330
927606107 926 330
927606107 927 331
927606107 928 331
927606107 929 331
927606107 930 331
927606107 930 331
927606107 931 332
927606107 932 332
927606107 932 332
927606107 933 333
927606107 933 333
927606107 934 333
927606107 934 333
927606107 935 333
927606107 936 334
927606107 937 334
927606107 938 334
927606107 938 334
927606107 938 334
927606107 939 335
927606107 940 335
927606107 941 335
927606107 941 335
927606107 942 336
927606107 943 336
927606107 944 336
927606107 945 337
927606107 946 337
927606107 947 337
927606107 948 338
927606107 949 338
927606107 950 338
927606107 951 338
927606107 952 339
927606107 953 339
927606107 954 339
927606107 955 340
927606107 956 340
927606107 957 340
927606107 958 341
927606107 958 341
927606107 959 341
927606107 960 341
927606107 961 341
927606107 961 341
927606107 961 341
927606107 962 342
927606107 963 342
927606107 964 342
927606107 964 342
927606107 965 342
927606107 966 343
927606107 967 343
927606107 968 343
927606107 968 343
927606107 969 344
927606107 970 344
927606107 971 345
927606107 972 345
927606107 973 345
927606107 974 346
927606107 975 346
927606107 976 346
927606107 977 346
927606107 978 347
927606107 979 347
927606107 980 347
927606107 981 348
927606107 982 348
927606107 983 348
927606107 984 349
927606107 985 349
927606107 986 350
927606107 987 350
927606107 988 351
927606107 988 351
927606107 989 351
927606107 990 352
927606107 990 352
927606107 991 352
927606107 992 352
927606107 993 353
927606107 994 353
927606107 995 353
927606107 996 353
927606107 997 354
927606107 998 355
927606107 999 355
927606107 1000 355
927606107 1001 355
927606107 1002 356
927606107 1003 356
927606107 1004 356
927606107 1004 356
927606107 1005 357
927606107 1005 357
927606107 1006 357
927606107 1007 357
927606107 1008 357
927606107 1009 358
927606107 1010 358
927606107 1011 358
927606107 1012 358
927606107 1013 359
927606107 1014 359
927606107 1015 359
927606107 1016 360
927606107 1017 361
927606107 1018 361
927606107 1018 361
927606107 1019 361
927606107 1020 362
927606107 1021 362
927606107 1022 362
927606107 1023 362
927606107 1024 363
927606107 1025 363
927606107 1026 363
927606107 1026 363
927606107 1027 363
927606107 1028 364
927606107 1028 364
927606107 1029 364
927606107 1030 364
927606107 1031 365
927606107 1032 365
927606107 1033 366
927606107 1034 366
927606107 1035 366
927606107 1036 367
927606107 1036 367
927606107 1036 367
927606107 1037 367
927606107 1037 367
927606107 1038 367
927606107 1038 367
927606107 1039 368
927606107 1040 368
927606107 1041 369
927606107 1042 369
927606107 1043 369
927606107 1044 370
927606107 1045 370
927606107 1046 370
927606107 1047 371
927606107 1048 371
927606107 1049 371
927606107 1050 372
927606107 1051 372
927606107 1052 372
927606107 1053 373
927606107 1054 373
927606107 1055 374
927606107 1056 374
927606107 1056 374
927606107 1057 374
927606107 1058 375
927606107 1059 376
927606107 1060 376
927606107 1061 376
927606107 1062 376
927606107 1063 377
927606107 1064 377
927606107 1065 377
927606107 1066 378
927606107 1067 378
927606107 1068 378
927606107 1069 378
927606107 1070 379
927606107 1070 379
927606107 1071 379
927606107 1072 379
927606107 1073 380
927606107 1074 380
927606107 1074 380
927606107 1075 380
927606107 1076 380
927606107 1077 381
927606107 1078 381
927606107 1079 381
927606107 1080 382
927606107 1081 382
927606107 1082 382
927606107 1083 383
927606107 1084 383
927606107 1085 383
927606107 1086 384
927606107 1086 384
927606107 1087 384
927606107 1088 384
927606107 1089 384
927606107 1090 385
927606107 1091 385
927606107 1091 385
927606107 1092 385
927606107 1093 386
927606107 1094 386
927606107 1095 386
927606107 1096 386
927606107 1097 386
927606107 1098 387
927606107 1099 387
927606107 1100 387
927606107 1101 388
927606107 1101 388
927606107 1102 388
927606107 1103 389
927606107 1104 389
927606107 1105 389
927606107 1106 390
927606107 1106 390
927606107 1107 390
927606107 1108 391
927606107 1109 391
927606107 1110 391
927606107 1110 391
927606107 1111 391
927606107 1111 391
927606107 1112 392
927606107 1113 392
927606107 1114 392
927606107 1115 393
927606107 1115 393
927606107 1116 393
927606107 1117 393
927606107 1118 393
927606107 1119 394
927606107 1120 394
927606107 1121 394
927606107 1122 395
927606107 1123 395
927606107 1124 395
927606107 1125 395
927606107 1126 396
927606107 1127 397
927606107 1127 397
927606107 1128 397
927606107 1129 397
927606107 1130 397
927606107 1131 398
927606107 1132 398
927606107 1133 398
927606107 1134 399
927606107 1135 399
927606107 1136 399
927606107 1137 399
927606107 1137 399
927606107 1138 400
927606107 1139 400
927606107 1140 400
927606107 1140 400
927606107 1141 401
927606107 1142 402
927606107 1143 402
927606107 1144 403
927606107 1145 403
927606107 1146 403
927606107 1147 403
927606107 1148 404
927606107 1148 404
927606107 1148 404
927606107 1149 404
927606107 1150 404
927606107 1151 405
927606107 1151 405
927606107 1152 405
927606107 1153 405
927606107 1153 405
927606107 1154 406
927606107 1155 406
927606107 1156 406
927606107 1157 406
927606107 1158 407
927606107 1159 407
927606107 1160 407
927606107 1161 408
927606107 1162 408
927606107 1163 408
927606107 1163 408
927606107 1164 409
927606107 1165 409
927606107 1166 410
927606107 1167 411
927606107 1168 411
927606107 1169 411
927606107 1170 412
927606107 1171 412
927606107 1172 412
927606107 1173 412
927606107 1173 412
927606107 1174 413
927606107 1175 413
927606107 1176 414
927606107 1177 414
927606107 1178 415
927606107 1179 415
927606107 1180 415
927606107 1181 416
927606107 1182 416
927606107 1182 416
927606107 1183 416
927606107 1184 416
927606107 1185 417
927606107 1186 417
927606107 1187 417
927606107 1188 418
927606107 1189 418
927606107 1190 418
927606107 1191 418
927606107 1192 419
927606107 1193 419
927606107 1194 419
927606107 1195 420
927606107 1196 420
927606107 1197 420
927606107 1198 421
927606107 1199 421
927606107 1200 421
927606107 1201 421
927606107 1202 422
927606107 1203 422
927606107 1204 422
927606107 1204 422
927606107 1205 423
927606107 1206 423
927606107 1206 423
927606107 1207 423
927606107 1208 424
927606107 1209 424
927606107 1210 424
927606107 1211 424
927606107 1211 424
927606107 1212 425
927606107 1213 425
927606107 1214 426
927606107 1215 426
927606107 1215 426
927606107 1216 427
927606107 1217 428
927606107 1218 428
927606107 1219 429
927606107 1220 429
927606107 1221 429
927606107 1222 429
927606107 1223 430
927606107 1223 430
927606107 1224 430
927606107 1225 430
927606107 1226 431
927606107 1227 432
927606107 1228 432
927606107 1229 432
927606107 1230 432
927606107 1231 433
927606107 1232 433
927606107 1233 433
927606107 1234 433
927606107 1235 434
927606107 1236 434
927606107 1237 435
927606107 1238 435
927606107 1239 435
927606107 1240 436
927606107 1241 436
927606107 1241 436
927606107 1241 436
927606107 1241 436
927606107 1242 437
927606107 1243 437
927606107 1244 437
927606107 1245 438
927606107 1246 438
927606107 1247 438
927606107 1248 438
927606107 1249 439
927606107 1250 439
927606107 1251 440
927606107 1252 440
927606107 1253 441
927606107 1254 441
927606107 1254 441
927606107 1255 441
927606107 1256 442
927606107 1257 443
927606107 1258 443
927606107 1258 443
927606107 1259 444
927606107 1260 444
927606107 1261 444
927606107 1262 444
927606107 1262 444
927606107 1263 445
927606107 1264 445
927606107 1265 445
927606107 1266 445
927606107 1266 445
927606107 1267 446
927606107 1268 446
927606107 1269 446
927606107 1270 447
927606107 1271 447
927606107 1272 447
927606107 1272 447
927606107 1272 447
927606107 1273 448
927606107 1274 448
927606107 1275 449
927606107 1276 449
927606107 1277 449
927606107 1278 449
927606107 1279 450
927606107 1280 450
927606107 1281 451
927606107 1282 452
927606107 1283 452
927606107 1284 452
927606107 1285 453
927606107 1286 454
927606107 1287 454
927606107 1288 454
927606107 1289 455
927606107 1290 455
927606107 1291 455
927606107 1292 456
927606107 1293 456
927606107 1294 456
927606107 1295 456
927606107 1296 457
927606107 1297 457
927606107 1298 458
927606107 1298 458
927606107 1299 458
927606107 1300 458
927606107 1301 459
927606107 1302 459
927606107 1303 460
927606107 1304 460
927606107 1305 460
927606107 1306 461
927606107 1307 462
927606107 1307 462
927606107 1308 462
927606107 1309 462
927606107 1310 462
927606107 1311 463
927606107 1312 463
927606107 1313 463
927606107 1314 464
927606107 1315 464
927606107 1316 465
927606107 1317 465
927606107 1318 465
927606107 1319 465
927606107 1320 466
927606107 1321 466
927606107 1322 466
927606107 1323 467
927606107 1324 467
927606107 1325 467
927606107 1325 467
927606107 1325 467
927606107 1326 468
927606107 1326 468
927606107 1327 468
927606107 1328 468
927606107 1329 468
927606107 1330 469
927606107 1331 469
927606107 1332 469
927606107 1333 470
927606107 1334 470
927606107 1335 470
927606107 1335 470
927606107 1336 471
927606107 1337 471
927606107 1338 471
927606107 1339 471
927606107 1340 472
927606107 1341 472
927606107 1342 472
927606107 1343 473
927606107 1344 473
927606107 1345 473
927606107 1346 474
927606107 1347 474
927606107 1347 474
927606107 1347 474
927606107 1348 475
927606107 1348 475
927606107 1349 475
927606107 1350 475
927606107 1351 475
927606107 1352 476
927606107 1353 476
927606107 1354 476
927606107 1355 476
927606107 1356 478
927606107 1357 478
927606107 1358 479
927606107 1358 479
927606107 1359 479
927606107 1360 479
927606107 1361 480
927606107 1362 480
927606107 1363 480
927606107 1364 481
927606107 1365 481
927606107 1366 482
927606107 1366 482
927606107 1367 482
927606107 1368 482
927606107 1368 482
927606107 1369 483
927606107 1370 483
927606107 1370 484
927606107 1371 484
927606107 1371 484
927606107 1372 485
927606107 1373 485
927606107 1374 486
927606107 1375 486
927606107 1376 486
927606107 1377 487
927606107 1377 487
927606107 1378 487
927606107 1379 487
927606107 1380 488
927606107 1381 488
927606107 1382 488
927606107 1382 488
927606107 1383 489
927606107 1384 489
927606107 1385 489
927606107 1386 489
927606107 1387 490
927606107 1387 490
927606107 1387 490
927606107 1388 490
927606107 1389 490
927606107 1389 490
927606107 1389 490
927606107 1390 490
927606107 1391 491
927606107 1392 491
927606107 1393 491
927606107 1394 492
927606107 1395 492
927606107 1396 492
927606107 1396 492
927606107 1397 493
927606107 1398 493
927606107 1398 493
927606107 1398 493
927606107 1399 493
927606107 1400 494
927606107 1401 494
927606107 1402 494
927606107 1403 495
927606107 1404 495
927606107 1404 495
927606107 1405 495
927606107 1405 495
927606107 1406 496
927606107 1407 496
927606107 1408 496
927606107 1409 497
927606107 1410 497
927606107 1411 498
927606107 1412 498
927606107 1413 498
927606107 1414 499
927606107 1415 499
927606107 1416 499
927606107 1417 500
927606107 1418 500
927606107 1418 500
927606107 1419 500
927606107 1420 501
927606107 1421 501
927606107 1422 501
927606107 1422 501
927606107 1422 501
927606107 1423 502
927606107 1424 502
927606107 1425 502
927606107 1426 503
927606107 1427 503
927606107 1428 503
927606107 1429 503
927606107 1430 504
927606107 1431 505
927606107 1432 505
927606107 1433 506
927606107 1434 506
927606107 1435 506
927606107 1436 506
927606107 1437 507
927606107 1438 507
927606107 1439 507
927606107 1440 508
927606107 1441 509
927606107 1442 509
927606107 1442 509
927606107 1443 510
927606107 1444 510
927606107 1444 510
927606107 1445 510
927606107 1446 511
927606107 1447 512
927606107 1448 512
927606107 1449 513
927606107 1450 513
927606107 1451 513
927606107 1452 513
927606107 1453 514
927606107 1454 514
927606107 1455 514
927606107 1456 515
927606107 1457 515
927606107 1457 515
927606107 1458 515
927606107 1459 515
927606107 1460 516
927606107 1461 516
927606107 1462 517
927606107 1463 517
927606107 1464 517
927606107 1465 518
927606107 1465 518
927606107 1466 518
927606107 1467 518
927606107 1468 518
927606107 1469 519
927606107 1470 519
927606107 1471 519
927606107 1472 520
927606107 1473 520
927606107 1474 521
927606107 1475 521
927606107 1476 522
927606107 1477 522
927606107 1478 522
927606107 1479 522
927606107 1480 523
927606107 1481 523
927606107 1482 523
927606107 1482 523
927606107 1483 524
927606107 1484 524
927606107 1484 524
927606107 1485 525
927606107 1486 525
927606107 1487 525
927606107 1488 526
927606107 1489 527
927606107 1490 527
927606107 1491 527
927606107 1492 527
927606107 1493 528
927606107 1494 528
927606107 1495 528
927606107 1496 529
927606107 1497 529
927606107 1498 529
927606107 1499 530
927606107 1500 530
927606107 1501 530
927606107 1502 530
927606107 1502 530
927606107 1503 531
927606107 1503 531
927606107 1504 531
927606107 1505 532
927606107 1506 532
927606107 1507 532
927606107 1508 533
927606107 1509 533
927606107 1510 534
927606107 1511 535
927606107 1512 535
927606107 1513 535
927606107 1514 536
927606107 1515 537
927606107 1515 537
927606107 1515 537
927606107 1516 538
927606107 1517 538
927606107 1517 538
927606107 1517 538
927606107 1518 539
927606107 1519 539
927606107 1520 540
927606107 1521 540
927606107 1521 540
927606107 1522 540
927606107 1523 541
927606107 1524 541
927606107 1524 541
927606107 1525 541
927606107 1526 542
927606107 1527 542
927606107 1528 542
927606107 1529 543
927606107 1530 543
927606107 1531 543
927606107 1532 543
927606107 1533 544
927606107 1534 544
927606107 1535 545
927606107 1536 545
927606107 1537 545
927606107 1538 545
927606107 1539 546
927606107 1540 546
927606107 1541 547
927606107 1542 547
927606107 1543 547
927606107 1544 548
927606107 1545 548
927606107 1546 548
927606107 1547 549
927606107 1548 549
927606107 1549 549
927606107 1549 549
927606107 1549 549
927606107 1550 549
927606107 1551 550
927606107 1551 550
927606107 1551 550
927606107 1552 550
927606107 1553 551
927606107 1554 551
927606107 1555 552
927606107 1555 552
927606107 1555 552
927606107 1555 552
927606107 1556 552
927606107 1557 553
927606107 1558 553
927606107 1559 553
927606107 1560 554
927606107 1560 554
927606107 1561 554
927606107 1562 554
927606107 1562 554
927606107 1562 554
927606107 1563 555
927606107 1564 555
927606107 1565 555
927606107 1566 555
927606107 1567 556
927606107 1568 556
927606107 1568 556
927606107 1569 556
927606107 1570 557
927606107 1570 557
927606107 1570 557
927606107 1571 557
927606107 1572 557
927606107 1573 558
927606107 1573 558
927606107 1574 558
927606107 1575 558
927606107 1576 559
927606107 1577 559
927606107 1578 560
927606107 1579 560
927606107 1580 560
927606107 1581 561
927606107 1582 561
927606107 1583 561
927606107 1584 562
927606107 1585 562
927606107 1585 562
927606107 1586 563
927606107 1587 563
927606107 1587 563
927606107 1588 564
927606107 1588 564
927606107 1588 564
927606107 1589 564
927606107 1590 564
927606107 1591 564
927606107 1592 566
927606107 1593 566
927606107 1594 566
927606107 1595 567
927606107 1596 567
927606107 1597 568
927606107 1597 568
927606107 1598 568
927606107 1599 568
927606107 1600 569
927606107 1601 570
927606107 1602 570
927606107 1603 570
927606107 1604 571
927606107 1605 571
927606107 1606 571
927606107 1607 572
927606107 1608 572
927606107 1609 572
927606107 1610 573
927606107 1610 573
927606107 1610 573
927606107 1611 573
927606107 1612 574
927606107 1612 574
927606107 1613 574
927606107 1613 574
927606107 1614 575
927606107 1614 575
927606107 1615 575
927606107 1616 575
927606107 1617 576
927606107 1618 576
927606107 1619 576
927606107 1620 576
927606107 1621 577
927606107 1622 577
927606107 1623 577
927606107 1624 578
927606107 1625 578
927606107 1626 578
927606107 1627 579
927606107 1628 579
927606107 1629 579
927606107 1630 580
927606107 1631 580
927606107 1632 580
927606107 1633 580
927606107 1634 581
927606107 1635 581
927606107 1636 581
927606107 1637 581
927606107 1638 582
927606107 1639 583
927606107 1639 583
927606107 1640 583
927606107 1641 584
927606107 1642 584
927606107 1643 584
927606107 1644 584
927606107 1645 585
927606107 1646 585
927606107 1647 586
927606107 1648 586
927606107 1649 586
927606107 1650 586
927606107 1651 587
927606107 1651 588
927606107 1652 588
927606107 1653 588
927606107 1654 588
927606107 1655 589
927606107 1656 589
927606107 1657 589
927606107 1658 589
927606107 1659 590
927606107 1659 590
927606107 1660 590
927606107 1661 590
927606107 1662 591
927606107 1662 591
927606107 1663 591
927606107 1663 591
927606107 1663 591
927606107 1664 592
927606107 1665 592
927606107 1665 592
927606107 1666 593
927606107 1666 593
927606107 1667 594
927606107 1668 594
927606107 1669 594
927606107 1670 595
927606107 1671 595
927606107 1671 595
927606107 1672 595
927606107 1673 596
927606107 1674 596
927606107 1674 596
927606107 1675 597
927606107 1676 597
927606107 1677 597
927606107 1678 598
927606107 1679 598
927606107 1680 598
927606107 1681 598
927606107 1682 599
927606107 1682 599
927606107 1683 599
927606107 1684 599
927606107 1685 600
927606107 1685 600
927606107 1686 600
927606107 1687 600
927606107 1688 600
927606107 1689 601
