5301141275 1 3
2641815609 2 3
2579033100 3 4
2579033100 4 4
2579033100 5 5
2579033100 6 5
2579033100 7 5
1714917382 8 5
1379072798.8495 9 6
1379072798.8495 10 6
1379072798.8495 11 6
1379072798.8495 11 6
1379072798.8495 12 7
1379072798.8495 13 7
1379072798.8495 14 7
1379072798.8495 15 8
1379072798.8495 16 8
1379072798.8495 17 8
1379072798.8495 18 8
1379072798.8495 18 8
1379072798.8495 19 9
1379072798.8495 20 9
1379072798.8495 21 9
1379072798.8495 22 10
1379072798.8495 23 10
1379072798.8495 23 10
1379072798.8495 24 11
1379072798.8495 25 11
1379072798.8495 25 11
1379072798.8495 26 12
1379072798.8495 27 12
1379072798.8495 28 12
1379072798.8495 29 12
1354255692 30 13
1354255692 31 13
1354255692 32 13
1354255692 32 13
1354255692 33 14
1354255692 34 14
1354255692 34 14
1354255692 35 14
1354255692 36 15
1354255692 37 15
1354255692 37 15
1354255692 38 16
1354255692 39 16
1184076292.5175 40 16
1184076292.5175 41 16
1184076292.5175 41 16
1184076292.5175 42 17
1184076292.5175 43 17
1184076292.5175 44 17
1184076292.5175 45 17
1184076292.5175 46 18
1184076292.5175 47 18
1184076292.5175 48 18
1184076292.5175 49 19
1184076292.5175 50 19
1184076292.5175 51 20
1184076292.5175 52 20
1184076292.5175 53 20
1184076292.5175 54 20
1184076292.5175 55 21
1184076292.5175 56 21
1184076292.5175 57 22
1184076292.5175 58 22
1184076292.5175 59 22
1184076292.5175 60 23
1184076292.5175 61 23
1184076292.5175 62 23
1184076292.5175 63 23
1184076292.5175 64 24
1184076292.5175 65 24
1184076292.5175 66 25
1184076292.5175 67 25
1184076292.5175 68 25
1184076292.5175 69 26
1184076292.5175 70 26
1184076292.5175 71 26
1184076292.5175 72 27
1184076292.5175 73 27
1184076292.5175 74 27
1184076292.5175 75 28
1184076292.5175 75 28
1184076292.5175 76 29
1184076292.5175 77 29
1184076292.5175 78 29
1184076292.5175 79 30
1184076292.5175 80 30
1184076292.5175 81 30
1184076292.5175 82 30
1184076292.5175 83 31
1184076292.5175 84 31
1184076292.5175 85 32
1184076292.5175 86 32
1184076292.5175 87 32
1184076292.5175 88 33
1184076292.5175 89 33
1184076292.5175 90 34
1184076292.5175 91 34
1184076292.5175 92 34
1184076292.5175 93 34
1184076292.5175 94 35
1184076292.5175 95 35
1184076292.5175 96 35
1184076292.5175 96 35
1184076292.5175 97 35
1184076292.5175 98 36
1184076292.5175 99 36
1184076292.5175 100 36
1184076292.5175 101 37
1184076292.5175 102 38
1184076292.5175 102 38
1184076292.5175 103 38
1184076292.5175 103 38
1184076292.5175 104 38
1184076292.5175 105 38
1184076292.5175 106 39
1184076292.5175 107 39
1184076292.5175 108 39
1184076292.5175 109 40
1184076292.5175 109 40
1184076292.5175 110 40
1184076292.5175 111 40
1184076292.5175 112 41
1184076292.5175 113 41
1184076292.5175 114 42
1184076292.5175 115 42
1184076292.5175 116 42
1098692722 117 43
1098692722 118 43
1098692722 119 44
1098692722 120 44
1098692722 121 44
1098692722 122 44
1098692722 123 45
1098692722 124 45
1098692722 125 45
1098692722 126 46
1098692722 127 46
1098692722 128 46
1098692722 129 46
1098692722 130 47
1098692722 131 48
1098692722 132 48
1098692722 133 48
1098692722 134 48
1098692722 135 49
1098692722 136 49
1098692722 137 49
1098692722 138 49
1098692722 138 50
1098692722 139 50
1098692722 140 50
1098692722 141 50
1098692722 142 51
1098692722 142 51
1098692722 143 52
1098692722 144 52
1098692722 145 52
1098692722 146 53
1098692722 147 53
1098692722 148 53
1098692722 149 54
1098692722 149 54
1098692722 150 54
1098692722 151 54
1098692722 152 55
1098692722 153 55
1098692722 154 55
1098692722 155 55
1098692722 156 56
1098692722 157 56
1098692722 158 56
1098692722 159 56
1098692722 160 57
1098692722 161 57
1098692722 162 57
1098692722 163 58
1098692722 164 58
1098692722 165 59
1098692722 166 59
1098692722 167 59
1098692722 168 60
1098692722 169 60
1098692722 170 60
1098692722 171 61
1098692722 172 61
1098692722 172 61
1098692722 173 61
1098692722 174 62
1098692722 174 62
1098692722 175 63
1098692722 176 63
1098692722 177 64
1098692722 178 64
1098692722 179 64
1098692722 180 65
1098692722 181 65
1098692722 182 65
1098692722 183 65
1098692722 183 65
1098692722 184 66
1098692722 185 66
1098692722 186 66
1098692722 187 67
1098692722 188 67
1098692722 189 68
1098692722 190 68
1098692722 191 68
1098692722 192 68
1098692722 193 69
1098692722 194 69
1098692722 195 69
1098692722 196 69
1098692722 197 70
1098692722 198 70
1098692722 199 71
1098692722 200 71
1098692722 201 71
1098692722 202 71
1098692722 203 72
1098692722 203 72
1098692722 204 72
1098692722 204 72
1098692722 205 73
1098692722 206 73
1098692722 207 73
1098692722 208 73
1098692722 209 74
1098692722 210 74
1098692722 211 74
1098692722 212 74
1098692722 212 74
1098692722 213 75
1098692722 214 76
1098692722 214 76
1098692722 215 76
1098692722 216 76
1098692722 217 77
1098692722 218 77
1098692722 219 77
1098692722 220 77
1098692722 221 78
1098692722 222 78
1098692722 223 79
1098692722 224 79
1098692722 225 79
1098692722 225 79
1098692722 226 80
1098692722 227 80
1098692722 227 80
1098692722 228 80
1098692722 229 81
1098692722 230 82
1098692722 231 83
1098692722 232 83
1098692722 233 84
1098692722 234 84
1098692722 234 84
1098692722 234 84
1098692722 235 85
1098692722 235 85
1098692722 236 85
1098692722 237 85
1098692722 238 86
1098692722 239 87
1098692722 240 87
1098692722 241 88
1098692722 241 88
1098692722 242 88
1098692722 243 88
1098692722 244 88
1098692722 244 89
1098692722 245 89
1098692722 246 89
1098692722 247 90
1098692722 248 90
1098692722 249 90
1098692722 250 91
1098692722 251 91
1098692722 252 91
1098692722 253 92
1098692722 254 92
1098692722 255 92
1098692722 256 93
1098692722 257 94
1098692722 258 94
1098692722 259 95
1098692722 260 95
1098692722 261 95
1098692722 262 96
1098692722 263 96
1098692722 264 97
1098692722 265 97
1098692722 266 97
1098692722 267 97
1098692722 267 97
1098692722 267 97
1098692722 267 97
1098692722 268 98
1098692722 269 98
1098692722 269 98
1098692722 270 98
1098692722 271 99
1098692722 272 99
1098692722 273 99
1098692722 274 100
1098692722 275 100
1098692722 276 100
1098692722 277 101
1098692722 277 101
1098692722 278 101
1098692722 279 101
1098692722 280 102
1098692722 281 102
1098692722 281 102
1098692722 282 102
1098692722 283 103
1098692722 284 103
1098692722 285 104
1098692722 286 104
1098692722 287 105
1098692722 288 105
1098692722 289 105
1098692722 290 106
1098692722 291 106
1098692722 292 106
1098692722 293 107
1098692722 294 107
1098692722 295 107
1098692722 296 107
1098692722 297 108
1098692722 298 108
1098692722 299 109
1098692722 300 109
1098692722 301 109
1098692722 301 109
1098692722 302 109
1098692722 303 110
1098692722 303 110
1098692722 304 110
1098692722 305 110
1098692722 306 111
1098692722 307 111
1098692722 308 112
1098692722 309 112
1098692722 310 112
1098692722 311 113
1098692722 312 113
1098692722 313 113
1098692722 314 113
1098692722 315 114
1098692722 316 114
1098692722 317 115
1098692722 318 115
1098692722 319 115
1098692722 320 116
1098692722 321 116
1098692722 322 116
1098692722 323 116
1098692722 324 117
1098692722 325 117
1098692722 326 117
1098692722 327 118
1098692722 327 118
1098692722 328 118
1098692722 328 118
1098692722 329 118
1098692722 329 118
1098692722 330 118
1098692722 331 119
1098692722 332 119
1098692722 332 119
1098692722 333 119
1098692722 334 120
1098692722 335 120
1098692722 336 120
1098692722 336 120
1098692722 337 120
1098692722 338 121
1098692722 338 121
1098692722 339 121
1098692722 340 121
1098692722 341 122
1098692722 342 122
1098692722 343 122
1098692722 344 122
1098692722 345 123
1098692722 345 123
1098692722 346 123
1098692722 347 123
1098692722 348 124
1098692722 349 124
1098692722 349 124
1098692722 349 124
1098692722 350 124
1098692722 351 124
1098692722 351 124
1098692722 352 125
1098692722 353 125
1098692722 354 125
1098692722 355 126
1098692722 356 126
1098692722 357 126
1098692722 358 127
1098692722 358 127
1098692722 359 127
1098692722 360 128
1098692722 361 128
1098692722 361 128
1098692722 362 128
1098692722 363 129
1098692722 364 129
1098692722 365 129
1098692722 366 130
1098692722 367 130
1098692722 368 130
1098692722 369 131
1098692722 369 131
1098692722 370 131
1098692722 371 131
1098692722 371 131
1098692722 372 132
1098692722 373 132
1098692722 374 132
1098692722 375 133
1098692722 376 133
1098692722 377 133
1098692722 378 133
1098692722 379 134
1098692722 380 134
1098692722 381 134
1098692722 382 135
1098692722 383 135
1098692722 383 135
1098692722 384 135
1098692722 385 135
1098692722 386 136
1098692722 387 136
1098692722 388 136
1098692722 389 137
1098692722 390 137
1098692722 391 137
1098692722 392 138
1098692722 393 139
1098692722 394 140
1098692722 395 140
1098692722 396 140
1098692722 396 140
1098692722 397 141
1098692722 398 141
1098692722 399 141
1098692722 400 142
1098692722 401 143
1098692722 402 143
1098692722 403 143
1098692722 404 143
1098692722 405 144
1098692722 406 144
1098692722 407 144
1098692722 408 144
1098692722 409 145
1098692722 410 145
1098692722 411 146
1098692722 412 146
1098692722 413 146
1098692722 413 146
1098692722 414 146
1098692722 415 147
1098692722 416 147
1098692722 417 148
1098692722 418 149
1098692722 419 149
1098692722 420 149
1098692722 421 150
1098692722 422 151
1098692722 423 151
1098692722 424 151
1098692722 425 152
1098692722 426 152
1098692722 427 152
1098692722 428 153
1098692722 429 153
1098692722 429 153
1098692722 430 153
1098692722 431 154
1098692722 432 154
1098692722 433 155
1098692722 433 155
1098692722 434 156
1098692722 435 156
1098692722 436 157
1098692722 436 157
1098692722 437 157
1098692722 438 157
1098692722 439 157
1098692722 440 158
1098692722 441 158
1098692722 442 158
1098692722 443 159
1098692722 444 159
1098692722 445 159
1098692722 445 159
1098692722 446 160
1098692722 447 160
1098692722 448 160
1098692722 449 161
1098692722 449 161
1098692722 450 161
1098692722 451 161
1098692722 452 161
1098692722 453 162
1098692722 453 162
1098692722 454 162
1098692722 455 162
1098692722 456 162
1098692722 457 163
1098692722 457 163
1098692722 458 163
1098692722 458 163
1098692722 459 164
1098692722 460 164
1098692722 460 164
1098692722 460 164
1098692722 461 164
1098692722 462 165
1098692722 463 165
1098692722 463 165
1098692722 464 165
1098692722 465 166
1098692722 465 166
1098692722 466 166
1098692722 466 166
1098692722 466 166
1098692722 467 166
1098692722 468 167
1098692722 469 167
1098692722 470 168
1098692722 471 168
1098692722 472 169
1098692722 473 169
1098692722 474 170
1098692722 475 170
1098692722 476 170
1098692722 477 171
1098692722 478 171
1098692722 479 171
1098692722 480 171
1098692722 481 172
1098692722 482 172
1098692722 483 172
1098692722 484 173
1098692722 485 173
1098692722 485 173
1098692722 486 173
1098692722 487 174
1098692722 488 174
1098692722 489 174
1098692722 489 174
1098692722 490 176
1098692722 490 176
1098692722 491 176
1098692722 492 176
1098692722 493 176
1098692722 494 177
1098692722 495 178
1098692722 496 179
1098692722 497 179
1098692722 498 179
1098692722 499 180
1098692722 500 180
1098692722 501 181
1098692722 502 181
1098692722 503 181
1098692722 504 182
1098692722 505 182
1098692722 506 183
1098692722 507 183
1098692722 508 183
1098692722 509 184
1098692722 510 184
1098692722 511 184
1098692722 512 185
1098692722 513 185
1098692722 514 186
1098692722 515 187
1098692722 515 187
1098692722 515 187
1098692722 516 187
1098692722 517 187
1098692722 518 188
1098692722 519 189
1098692722 520 189
1098692722 521 190
1098692722 522 191
1098692722 523 191
1098692722 524 191
1098692722 525 192
1098692722 526 192
1098692722 527 192
1098692722 528 193
1098692722 529 193
1098692722 530 193
1098692722 531 194
1098692722 532 194
1098692722 533 194
1098692722 533 194
1098692722 534 195
1098692722 535 195
1098692722 536 195
1098692722 537 195
1098692722 538 197
1098692722 539 197
1098692722 540 197
1098692722 541 198
1098692722 542 198
1098692722 543 198
1098692722 544 199
1098692722 545 199
1098692722 546 199
1098692722 547 199
1098692722 548 200
1098692722 549 200
1098692722 550 200
1098692722 551 201
1098692722 552 201
1098692722 553 201
1098692722 554 202
1098692722 555 202
1098692722 556 202
1098692722 557 202
1098692722 558 203
1098692722 559 203
1098692722 560 204
1098692722 561 204
1098692722 562 204
1098692722 563 205
1098692722 564 205
1098692722 565 205
1098692722 565 205
1098692722 566 206
1098692722 566 206
1098692722 567 206
1098692722 568 207
1098692722 569 207
1098692722 570 207
1098692722 571 208
1098692722 572 208
1098692722 573 209
1098692722 574 209
1098692722 575 209
1098692722 575 209
1098692722 576 210
1098692722 577 210
1098692722 578 210
1098692722 579 211
1098692722 580 212
1098692722 580 212
1098692722 581 212
1098692722 581 212
1098692722 582 213
1098692722 582 213
1098692722 583 214
1098692722 584 214
1098692722 585 214
1098692722 586 215
1098692722 587 215
1098692722 588 215
1098692722 588 215
1098692722 589 216
1098692722 590 216
1098692722 590 216
1098692722 590 216
1098692722 590 216
1098692722 591 216
1098692722 592 217
1098692722 593 218
1098692722 594 218
1098692722 595 218
1098692722 596 219
1098692722 596 219
1098692722 596 219
1098692722 596 219
1098692722 597 219
1098692722 598 220
1098692722 599 220
1098692722 600 221
1098692722 601 221
1098692722 602 221
1098692722 603 221
1098692722 604 222
1098692722 605 222
1098692722 606 222
1098692722 607 223
1098692722 608 224
1098692722 609 224
1098692722 610 224
1098692722 610 224
1098692722 611 224
1098692722 612 225
1098692722 613 225
1098692722 614 225
1098692722 615 226
1098692722 616 227
1098692722 617 227
1098692722 618 228
1098692722 619 228
1098692722 620 228
1098692722 620 228
1098692722 620 229
1098692722 621 229
1098692722 622 229
1098692722 623 229
1098692722 624 230
1098692722 625 230
1098692722 625 230
1098692722 626 231
1098692722 627 231
1098692722 628 232
1098692722 628 232
1098692722 629 232
1098692722 629 232
1098692722 630 232
1098692722 631 233
1098692722 632 233
1098692722 633 233
1098692722 634 233
1098692722 635 234
1098692722 636 234
1098692722 637 234
1098692722 637 234
1098692722 638 235
1098692722 639 235
1098692722 640 236
1098692722 641 236
1098692722 642 237
1098692722 643 237
1098692722 643 237
1098692722 644 238
1098692722 645 238
1098692722 646 238
1098692722 647 238
1098692722 648 239
1098692722 649 239
1098692722 649 239
1098692722 650 239
1098692722 651 240
1098692722 652 240
1098692722 652 240
1098692722 653 240
1098692722 654 241
1098692722 655 241
1098692722 656 241
1098692722 656 241
1098692722 657 241
1098692722 658 242
1098692722 659 242
1098692722 660 243
1098692722 661 243
1098692722 661 243
1098692722 662 243
1098692722 662 244
1098692722 663 244
1098692722 664 245
1098692722 665 245
1098692722 666 245
1098692722 667 246
1098692722 668 246
1098692722 669 246
1098692722 670 247
1098692722 671 247
1098692722 672 247
1098692722 673 248
1098692722 674 248
1098692722 675 248
1098692722 676 249
1098692722 677 249
1098692722 677 249
1098692722 678 249
1098692722 679 249
1098692722 680 250
1098692722 681 250
1098692722 682 250
1098692722 683 251
1098692722 684 251
1098692722 685 252
1098692722 686 252
1098692722 687 252
1098692722 688 252
1098692722 689 253
1098692722 690 253
1098692722 691 253
1098692722 692 253
1098692722 693 254
1098692722 694 254
1098692722 695 254
1098692722 696 255
1098692722 697 255
1098692722 697 255
1098692722 698 255
1098692722 698 255
1098692722 699 256
1098692722 700 256
1098692722 701 256
1098692722 702 257
1098692722 703 257
1098692722 703 257
1098692722 704 257
1098692722 704 257
1098692722 705 257
1098692722 706 258
1098692722 707 258
1098692722 707 258
1098692722 708 258
1098692722 709 259
1098692722 710 259
1098692722 711 259
1098692722 712 259
1098692722 713 260
1098692722 713 260
1098692722 714 260
1098692722 715 260
1098692722 716 261
1098692722 717 261
1098692722 718 261
1098692722 719 262
1098692722 719 262
1098692722 720 262
1098692722 721 262
1098692722 722 263
1098692722 723 263
1098692722 724 263
1098692722 725 263
1098692722 726 264
1098692722 727 265
1098692722 728 265
1098692722 729 265
1098692722 729 265
1098692722 730 266
1098692722 730 266
1098692722 731 266
1098692722 731 266
1098692722 732 266
1098692722 733 267
1098692722 733 267
1098692722 734 267
1098692722 734 267
1098692722 735 267
1098692722 736 267
1098692722 737 268
1098692722 738 268
1098692722 739 268
1098692722 740 268
1098692722 741 269
1098692722 741 269
1098692722 742 269
1098692722 743 269
1098692722 744 269
1098692722 745 270
1098692722 746 271
1098692722 747 272
1098692722 748 272
1098692722 749 272
1098692722 750 273
1098692722 751 273
1098692722 752 273
1098692722 753 274
1098692722 754 274
1098692722 755 274
1098692722 756 274
1098692722 757 275
1098692722 758 275
1098692722 759 276
1098692722 760 276
1098692722 761 276
1098692722 762 277
1098692722 763 277
1098692722 763 277
1098692722 763 277
1098692722 764 277
1050079882 765 278
1050079882 766 278
1050079882 767 278
1050079882 768 279
1050079882 769 279
1050079882 770 279
1050079882 771 279
1050079882 772 280
1050079882 773 280
1050079882 774 280
1050079882 775 281
1050079882 776 281
1050079882 777 281
1050079882 778 281
1050079882 779 282
1050079882 780 282
1050079882 781 282
1050079882 782 283
1050079882 783 283
1050079882 784 283
1050079882 784 283
1050079882 785 283
1050079882 786 284
1050079882 787 284
1050079882 787 284
1050079882 787 284
1050079882 787 284
1050079882 787 284
1050079882 788 285
1050079882 789 285
1050079882 790 285
1050079882 791 285
1050079882 792 286
1050079882 793 286
1050079882 794 286
1050079882 795 287
1050079882 796 288
1050079882 797 289
1050079882 798 289
1050079882 799 290
1050079882 799 290
1050079882 800 291
1050079882 801 291
1050079882 802 291
1050079882 803 292
1050079882 803 292
1050079882 804 292
1050079882 805 292
1050079882 806 293
1050079882 807 293
1050079882 808 293
1050079882 808 293
1050079882 808 293
1050079882 809 294
1050079882 810 294
1050079882 811 294
1050079882 812 294
1050079882 813 295
1050079882 813 295
1050079882 814 295
1050079882 815 296
1050079882 816 296
1050079882 817 297
1050079882 818 298
1050079882 818 298
1050079882 819 299
1050079882 819 299
1050079882 820 299
1050079882 821 299
1050079882 822 299
1050079882 823 300
1050079882 824 300
1050079882 825 300
1050079882 825 300
1050079882 826 301
1050079882 827 301
1050079882 828 301
1050079882 829 302
1050079882 830 302
1050079882 831 303
1050079882 832 304
1050079882 833 304
1050079882 834 304
1050079882 834 304
1050079882 835 304
1050079882 836 305
1050079882 837 305
1050079882 838 305
1050079882 838 305
1050079882 839 306
1050079882 840 306
1050079882 841 306
1050079882 841 306
1050079882 842 307
1050079882 843 307
1050079882 844 308
1050079882 845 308
1050079882 846 308
1050079882 847 309
1050079882 848 309
1050079882 849 309
1050079882 850 310
1050079882 851 310
1050079882 852 310
1050079882 852 310
1050079882 852 310
1050079882 853 311
1050079882 853 311
1050079882 854 312
1050079882 855 312
1050079882 856 312
1050079882 857 312
1050079882 858 313
1050079882 859 313
1050079882 860 314
1050079882 861 314
1050079882 862 315
1050079882 863 315
1050079882 864 315
1050079882 865 315
1050079882 866 316
1050079882 867 316
1050079882 868 316
1050079882 869 317
1050079882 870 317
1050079882 871 317
1050079882 872 318
1050079882 873 318
1050079882 873 318
1050079882 874 318
1050079882 875 318
1050079882 876 319
1050079882 877 319
1050079882 878 319
1050079882 879 320
1050079882 879 320
1050079882 879 320
1050079882 880 320
1050079882 881 320
1050079882 882 321
1050079882 883 321
1050079882 884 321
1050079882 885 322
1050079882 886 322
1050079882 887 323
1050079882 888 323
1050079882 889 324
1050079882 890 324
1050079882 890 324
1050079882 891 325
1050079882 892 325
1050079882 893 325
1050079882 894 325
1050079882 895 326
1050079882 896 326
1050079882 896 326
1050079882 897 326
1050079882 898 327
1050079882 898 327
1050079882 899 327
1050079882 899 327
1050079882 900 327
1050079882 901 327
1050079882 901 328
1050079882 902 328
1050079882 902 328
1050079882 903 328
1050079882 904 329
1050079882 905 329
1050079882 906 329
1050079882 907 329
1050079882 908 330
1050079882 909 330
1050079882 910 331
1050079882 911 331
1050079882 911 331
1050079882 912 332
1050079882 913 332
1050079882 913 332
1050079882 913 332
1050079882 914 333
1050079882 915 333
1050079882 915 333
1050079882 916 333
1050079882 917 334
1050079882 918 334
1050079882 919 334
1050079882 920 335
1050079882 921 335
1050079882 922 335
1050079882 923 336
1050079882 924 336
1050079882 925 336
1050079882 926 336
1050079882 927 337
1050079882 928 337
1050079882 929 337
1050079882 930 337
1050079882 931 338
1050079882 932 338
1050079882 933 338
1050079882 934 339
1050079882 935 340
1050079882 936 340
1050079882 937 340
1050079882 938 340
1050079882 939 341
1050079882 940 341
1050079882 941 341
1050079882 941 341
1050079882 942 342
1050079882 943 342
1050079882 944 342
1050079882 944 342
1050079882 945 343
1050079882 946 343
1050079882 947 343
1050079882 948 343
1050079882 949 344
1050079882 950 344
1050079882 951 344
1050079882 952 344
1050079882 953 345
1050079882 954 345
1050079882 955 345
1050079882 956 345
1050079882 957 346
1050079882 958 346
1050079882 959 346
1050079882 960 347
1050079882 961 347
1050079882 962 347
1050079882 963 348
1050079882 964 348
1050079882 965 348
1050079882 966 349
1050079882 967 349
1050079882 968 349
1050079882 969 350
1050079882 970 350
1050079882 971 350
1050079882 972 351
1050079882 973 351
1050079882 974 351
1050079882 974 351
1050079882 975 352
1050079882 976 352
1050079882 977 352
1050079882 978 353
1050079882 978 353
1050079882 979 353
1050079882 980 353
1050079882 981 354
1050079882 982 354
1050079882 983 354
1050079882 984 355
1050079882 985 356
1050079882 986 356
1050079882 986 356
1050079882 986 356
1050079882 987 357
1050079882 988 357
1050079882 989 357
1050079882 990 357
1050079882 991 358
1050079882 991 358
1050079882 992 358
1050079882 993 359
1050079882 994 359
1050079882 995 359
1050079882 996 360
1050079882 996 360
1050079882 997 360
1050079882 998 361
1050079882 999 361
1050079882 1000 362
1050079882 1001 362
1050079882 1001 362
1050079882 1002 362
1050079882 1002 362
1050079882 1003 362
1050079882 1004 363
1050079882 1005 363
1050079882 1005 363
1050079882 1006 364
1050079882 1007 364
1050079882 1008 364
1050079882 1009 365
1050079882 1010 365
1050079882 1011 365
1050079882 1012 365
1050079882 1012 365
1050079882 1013 366
1050079882 1014 366
1050079882 1015 367
1050079882 1016 367
1050079882 1017 367
1050079882 1018 367
1050079882 1019 368
1050079882 1020 368
1050079882 1020 368
1050079882 1021 368
1050079882 1022 369
1050079882 1023 370
1050079882 1024 370
1050079882 1025 370
1050079882 1026 371
1050079882 1027 371
1050079882 1028 371
1050079882 1029 371
1050079882 1030 372
1050079882 1031 372
1050079882 1031 372
1050079882 1032 372
1050079882 1033 373
1050079882 1034 373
1050079882 1035 373
1050079882 1036 374
1050079882 1036 374
1050079882 1037 374
1050079882 1038 375
1050079882 1039 375
1050079882 1040 376
1050079882 1041 376
1050079882 1042 376
1050079882 1043 377
1050079882 1044 377
1050079882 1045 377
1050079882 1045 377
1050079882 1046 378
1050079882 1047 378
1050079882 1047 378
1050079882 1047 378
1050079882 1048 379
1050079882 1049 379
1050079882 1050 379
1050079882 1051 380
1050079882 1052 380
1050079882 1053 380
1050079882 1054 381
1050079882 1055 381
1050079882 1056 381
1050079882 1057 382
1050079882 1058 382
1050079882 1059 382
1050079882 1060 383
1050079882 1061 383
1050079882 1062 383
1050079882 1062 383
1050079882 1062 383
1050079882 1063 383
1050079882 1064 384
1050079882 1065 384
1050079882 1066 384
1050079882 1067 385
1050079882 1068 385
1050079882 1069 386
1050079882 1070 386
1050079882 1070 386
1050079882 1071 387
1050079882 1072 387
1050079882 1073 387
1050079882 1074 387
1050079882 1075 388
1050079882 1076 388
1050079882 1077 388
1050079882 1078 389
1050079882 1079 389
1050079882 1080 389
1050079882 1081 389
1050079882 1082 390
1050079882 1083 390
1050079882 1084 390
1050079882 1085 391
1050079882 1086 391
1050079882 1087 391
1050079882 1088 392
1050079882 1089 392
1050079882 1090 392
1050079882 1091 392
1050079882 1091 392
1050079882 1092 393
1050079882 1093 393
1050079882 1094 393
1050079882 1095 394
1050079882 1096 395
1050079882 1097 395
1050079882 1098 395
1050079882 1099 395
1050079882 1100 396
1050079882 1101 396
1050079882 1102 396
1050079882 1103 396
1050079882 1103 396
1050079882 1104 397
1050079882 1105 397
1050079882 1106 397
1050079882 1106 397
1050079882 1107 397
1050079882 1108 398
1050079882 1108 398
1050079882 1109 398
1050079882 1110 398
1050079882 1111 399
1050079882 1112 399
1050079882 1113 399
1050079882 1113 399
1050079882 1114 400
1050079882 1115 400
1050079882 1116 401
1050079882 1117 401
1050079882 1118 401
1050079882 1119 402
1050079882 1120 402
1050079882 1121 402
1050079882 1122 403
1050079882 1123 403
1050079882 1124 403
1050079882 1125 404
1050079882 1126 404
1050079882 1127 404
1050079882 1128 404
1050079882 1129 405
1050079882 1130 405
1050079882 1131 406
1050079882 1132 407
1050079882 1133 407
1050079882 1134 408
1050079882 1135 408
1050079882 1136 408
1050079882 1136 408
1050079882 1137 409
1050079882 1138 409
1050079882 1139 409
1050079882 1140 410
1050079882 1140 410
1050079882 1141 410
1050079882 1142 411
1050079882 1142 411
1050079882 1143 411
1050079882 1144 411
1050079882 1145 411
1050079882 1145 412
1050079882 1145 412
1050079882 1146 412
1050079882 1146 412
1050079882 1147 412
1050079882 1148 413
1050079882 1149 413
1050079882 1150 413
1050079882 1151 413
1050079882 1152 414
1050079882 1153 415
1050079882 1154 415
1050079882 1155 415
1050079882 1156 416
1050079882 1157 417
1050079882 1158 417
1050079882 1159 417
1050079882 1159 417
1050079882 1160 418
1050079882 1161 418
1050079882 1161 418
1050079882 1162 418
1050079882 1163 418
1050079882 1164 419
1050079882 1165 419
1050079882 1165 419
1050079882 1166 420
1050079882 1167 420
1050079882 1168 421
1050079882 1169 421
1050079882 1170 422
1050079882 1171 422
1050079882 1172 423
1050079882 1173 423
1050079882 1173 423
1050079882 1174 424
1050079882 1175 424
1050079882 1176 424
1050079882 1177 425
1050079882 1178 425
1050079882 1179 426
1050079882 1180 426
1050079882 1181 426
1050079882 1182 426
1050079882 1183 427
1050079882 1184 427
1050079882 1185 427
1050079882 1186 428
1050079882 1187 428
1050079882 1188 428
1050079882 1189 429
1050079882 1190 429
1050079882 1191 429
1050079882 1192 430
1050079882 1193 430
1050079882 1194 430
1050079882 1195 430
1050079882 1196 431
1050079882 1196 431
1050079882 1196 431
1050079882 1197 431
1050079882 1198 432
1050079882 1199 432
1050079882 1200 432
1050079882 1200 432
1050079882 1201 433
1050079882 1202 434
1050079882 1203 434
1050079882 1204 435
1050079882 1205 435
1050079882 1206 435
1050079882 1207 436
1050079882 1208 436
1050079882 1209 436
1050079882 1210 437
1050079882 1211 437
1050079882 1212 437
1050079882 1213 437
1050079882 1214 438
1050079882 1215 438
1050079882 1216 438
1050079882 1217 438
1050079882 1218 439
1050079882 1219 439
1050079882 1220 439
1050079882 1221 439
1050079882 1222 440
1050079882 1223 440
1050079882 1223 440
1050079882 1224 441
1050079882 1225 441
1050079882 1226 441
1050079882 1227 442
1050079882 1228 443
1050079882 1229 443
1050079882 1230 443
1050079882 1230 443
1050079882 1231 443
1050079882 1232 444
1050079882 1233 444
1050079882 1234 444
1050079882 1235 444
1050079882 1236 445
1050079882 1236 445
1050079882 1237 445
1050079882 1238 446
1050079882 1239 446
1050079882 1240 446
1050079882 1241 446
1050079882 1242 447
1050079882 1243 447
1050079882 1244 447
1050079882 1244 447
1050079882 1245 447
1050079882 1246 448
1050079882 1246 448
1050079882 1247 448
1050079882 1248 449
1050079882 1248 449
1050079882 1249 450
1050079882 1250 450
1050079882 1250 450
1050079882 1251 451
1050079882 1252 451
1050079882 1253 452
1050079882 1254 452
1050079882 1254 452
1050079882 1255 452
1050079882 1255 452
1050079882 1256 453
1050079882 1257 453
1050079882 1257 453
1050079882 1258 453
1050079882 1259 454
1050079882 1260 454
1050079882 1261 454
1050079882 1262 455
1050079882 1263 456
1050079882 1263 456
1050079882 1263 456
1050079882 1264 456
1050079882 1265 456
1050079882 1266 457
1050079882 1267 457
1050079882 1268 457
1050079882 1269 458
1050079882 1270 458
1050079882 1271 459
1050079882 1272 460
1050079882 1273 460
1050079882 1274 460
1050079882 1275 461
1050079882 1276 461
1050079882 1277 461
1050079882 1278 462
1050079882 1279 462
1050079882 1280 462
1050079882 1281 463
1050079882 1282 463
1050079882 1283 463
1050079882 1284 463
1050079882 1285 464
1050079882 1286 464
1050079882 1287 465
1050079882 1288 465
1050079882 1289 465
1050079882 1290 466
1050079882 1291 466
1050079882 1292 466
1050079882 1293 466
1050079882 1294 467
1050079882 1295 467
1050079882 1296 467
1050079882 1297 467
1050079882 1298 468
1050079882 1298 468
1050079882 1299 468
1050079882 1300 468
1050079882 1300 468
1050079882 1301 469
1050079882 1302 469
1050079882 1302 469
1050079882 1303 469
1050079882 1304 470
1050079882 1305 470
1050079882 1306 470
1050079882 1307 471
1050079882 1308 471
1050079882 1309 472
1050079882 1310 472
1050079882 1311 473
1050079882 1312 473
1050079882 1313 473
1050079882 1314 474
1050079882 1314 474
1050079882 1315 474
1050079882 1316 474
1050079882 1317 475
1050079882 1318 475
1050079882 1318 475
1050079882 1319 475
1050079882 1320 476
1050079882 1321 476
1050079882 1322 476
1050079882 1323 476
1050079882 1324 478
1050079882 1325 478
1050079882 1326 478
1050079882 1327 478
1050079882 1328 479
1050079882 1329 479
1050079882 1330 480
1050079882 1331 480
1050079882 1332 480
1050079882 1333 481
1050079882 1333 481
1050079882 1334 482
1050079882 1335 482
1050079882 1336 483
1050079882 1336 483
1050079882 1337 483
1050079882 1338 483
1050079882 1339 484
1050079882 1340 484
1050079882 1341 484
1050079882 1342 485
1050079882 1343 485
1050079882 1344 485
1050079882 1345 485
1050079882 1346 486
1050079882 1347 486
1050079882 1348 486
1050079882 1348 486
1050079882 1349 487
1050079882 1350 487
1050079882 1351 488
1050079882 1352 488
1050079882 1353 489
1050079882 1354 489
1050079882 1355 489
1050079882 1356 489
1050079882 1356 489
1050079882 1357 490
1050079882 1358 490
1050079882 1359 491
1050079882 1360 491
1050079882 1361 491
1050079882 1362 492
1050079882 1363 492
1050079882 1364 492
1050079882 1365 493
1050079882 1366 493
1050079882 1367 494
1050079882 1368 495
1050079882 1369 496
1050079882 1370 496
1050079882 1370 496
1050079882 1371 496
1050079882 1372 497
1050079882 1373 497
1050079882 1374 497
1050079882 1375 497
1050079882 1376 498
1050079882 1377 498
1050079882 1378 498
1050079882 1379 498
1050079882 1380 499
1050079882 1381 499
1050079882 1382 499
1050079882 1383 500
1050079882 1383 500
1050079882 1383 500
1050079882 1384 500
1050079882 1384 500
1050079882 1385 500
1050079882 1386 501
1050079882 1386 501
1050079882 1387 501
1050079882 1388 501
1050079882 1389 501
1050079882 1390 503
1050079882 1391 503
1050079882 1392 503
1050079882 1392 503
1050079882 1393 504
1050079882 1394 504
1050079882 1395 504
1050079882 1396 505
1050079882 1396 505
1050079882 1397 505
1050079882 1398 506
1050079882 1399 506
1050079882 1400 506
1050079882 1401 507
1050079882 1402 507
1050079882 1403 507
1050079882 1404 507
1050079882 1405 508
1050079882 1405 508
1050079882 1406 508
1050079882 1407 508
1050079882 1408 508
1050079882 1409 509
1050079882 1409 509
1050079882 1410 509
1050079882 1411 509
1050079882 1412 510
1050079882 1412 510
1050079882 1413 510
1050079882 1414 510
1050079882 1415 511
1050079882 1415 511
1050079882 1416 511
1050079882 1417 511
1050079882 1418 512
1050079882 1418 512
1050079882 1419 513
1050079882 1420 513
1050079882 1421 513
1050079882 1422 514
1050079882 1423 514
1050079882 1424 514
1050079882 1425 515
1050079882 1426 515
1050079882 1427 515
1050079882 1428 516
1050079882 1429 516
1050079882 1429 516
1050079882 1430 516
1050079882 1431 516
1050079882 1432 517
1050079882 1433 517
1050079882 1434 517
1050079882 1435 518
1050079882 1436 518
1050079882 1437 518
1050079882 1438 519
1050079882 1439 519
1050079882 1440 519
1050079882 1441 520
1050079882 1441 520
1050079882 1441 520
1050079882 1442 520
1050079882 1443 520
1050079882 1443 520
1050079882 1444 520
1050079882 1445 521
1050079882 1446 521
1050079882 1447 521
1050079882 1448 522
1050079882 1449 522
1050079882 1450 522
1050079882 1451 523
1050079882 1452 523
1050079882 1453 524
1050079882 1454 524
1050079882 1455 524
1050079882 1456 525
1050079882 1457 526
1050079882 1458 526
1050079882 1459 527
1050079882 1459 527
1050079882 1460 527
1050079882 1461 527
1050079882 1462 528
1050079882 1463 528
1050079882 1463 528
1050079882 1464 528
1050079882 1465 529
1050079882 1466 529
1050079882 1467 529
1050079882 1468 529
1050079882 1469 531
1050079882 1469 531
1050079882 1470 531
1050079882 1471 531
1050079882 1472 532
1050079882 1473 532
1050079882 1473 532
1050079882 1473 532
1050079882 1474 532
1050079882 1475 533
1050079882 1476 534
1050079882 1477 534
1050079882 1477 534
1050079882 1477 534
1050079882 1478 535
1050079882 1479 535
1050079882 1480 536
1050079882 1481 536
1050079882 1482 536
1050079882 1482 536
1050079882 1483 537
1050079882 1483 537
1050079882 1484 537
1050079882 1485 537
1050079882 1486 538
1050079882 1487 538
1050079882 1488 538
1050079882 1489 539
1050079882 1490 539
1050079882 1491 540
1050079882 1492 540
1050079882 1493 540
1050079882 1494 541
1050079882 1494 541
1050079882 1495 541
1050079882 1496 541
1050079882 1497 542
1050079882 1498 542
1050079882 1499 542
1050079882 1500 543
1050079882 1501 543
1050079882 1502 543
1050079882 1503 544
1050079882 1504 544
1050079882 1505 545
1050079882 1506 546
1050079882 1507 546
1050079882 1508 546
1050079882 1508 546
1050079882 1509 547
1050079882 1510 547
1050079882 1511 547
1050079882 1512 548
1050079882 1512 548
1050079882 1513 548
1050079882 1514 550
1050079882 1515 550
1050079882 1516 550
1050079882 1516 550
1050079882 1517 550
1050079882 1518 551
1050079882 1519 551
1050079882 1520 552
1050079882 1521 552
1050079882 1522 552
1050079882 1522 552
1050079882 1523 553
1050079882 1523 553
1050079882 1524 553
1050079882 1525 553
1050079882 1526 554
1050079882 1527 554
1050079882 1528 555
1050079882 1529 555
1050079882 1530 555
1050079882 1531 556
1050079882 1532 556
1050079882 1533 556
1050079882 1534 556
1050079882 1535 557
1050079882 1536 557
1050079882 1537 557
1050079882 1538 558
1050079882 1539 558
1050079882 1540 559
1050079882 1541 559
1050079882 1542 559
1050079882 1543 560
1050079882 1544 560
1050079882 1545 560
1050079882 1545 560
1050079882 1546 561
1050079882 1547 561
1050079882 1548 562
1050079882 1549 562
1050079882 1550 563
1050079882 1551 563
1050079882 1552 563
1050079882 1553 564
1050079882 1554 564
1050079882 1555 564
1050079882 1555 564
1050079882 1556 565
1050079882 1557 565
1050079882 1557 565
1050079882 1558 566
1050079882 1558 566
1050079882 1559 566
1050079882 1560 566
1050079882 1561 566
1050079882 1562 567
1050079882 1563 568
1050079882 1564 568
1050079882 1565 568
1050079882 1565 568
1050079882 1565 568
1050079882 1566 569
1050079882 1567 569
1050079882 1567 569
1050079882 1568 569
1050079882 1568 569
1050079882 1569 570
1050079882 1569 570
1050079882 1570 570
1050079882 1571 570
1050079882 1572 571
1050079882 1573 571
1050079882 1574 572
1050079882 1575 572
1050079882 1576 572
1050079882 1577 572
1050079882 1578 573
1050079882 1579 573
1050079882 1580 574
1050079882 1580 574
1050079882 1581 574
1050079882 1581 574
1050079882 1581 574
1050079882 1582 574
1050079882 1583 575
1050079882 1583 575
1050079882 1584 576
1050079882 1585 576
1050079882 1586 577
1050079882 1587 577
1050079882 1587 577
1050079882 1588 577
1050079882 1589 578
1025834114 1590 578
1025834114 1591 579
1025834114 1592 579
1025834114 1593 579
1025834114 1594 579
1025834114 1595 580
1025834114 1595 580
1025834114 1596 580
1025834114 1597 581
1025834114 1598 581
1025834114 1599 581
1025834114 1600 581
1025834114 1601 582
1025834114 1602 582
1025834114 1602 582
1025834114 1602 582
1025834114 1603 582
1025834114 1603 582
1025834114 1604 583
1025834114 1605 583
1025834114 1606 583
1025834114 1607 583
1025834114 1608 584
1025834114 1608 584
1025834114 1609 584
1025834114 1610 585
1025834114 1611 586
1025834114 1611 586
1025834114 1612 586
1025834114 1613 586
1025834114 1614 587
1025834114 1615 587
1025834114 1616 588
1025834114 1617 588
1025834114 1618 589
1025834114 1618 589
1025834114 1619 589
1025834114 1620 589
1025834114 1621 590
1025834114 1622 590
1025834114 1623 590
1025834114 1623 590
1025834114 1624 590
1025834114 1625 591
1025834114 1626 591
1025834114 1627 591
1025834114 1628 592
1025834114 1629 592
1025834114 1630 592
1025834114 1631 593
1025834114 1632 594
1025834114 1633 594
1025834114 1634 595
1025834114 1635 595
1025834114 1635 595
1025834114 1636 595
1025834114 1636 595
1025834114 1637 596
1025834114 1638 596
1025834114 1639 596
1025834114 1640 597
1025834114 1640 597
1025834114 1641 597
1025834114 1642 597
1025834114 1643 598
1025834114 1644 598
1025834114 1645 598
1025834114 1646 599
1025834114 1647 600
1025834114 1648 600
1025834114 1649 600
1025834114 1650 601
