1909397167.7916 1 3
1909397167.7916 1 3
1909397167.7916 1 3
1286731244 2 3
1286731244 3 4
1286731244 4 4
1286731244 5 4
1286731244 6 5
1286731244 7 5
1286731244 7 5
1286731244 8 5
1286731244 9 6
1286731244 10 6
1286731244 11 6
1286731244 12 7
1286731244 13 7
1286731244 14 7
1286731244 15 9
1286731244 16 9
1286731244 17 9
1286731244 18 10
1286731244 19 11
1286731244 20 11
1286731244 21 11
1286731244 21 11
1286731244 22 12
1286731244 22 12
1286731244 23 12
1286731244 24 12
1286731244 25 12
1286731244 26 13
1286731244 27 13
1286731244 28 13
1286731244 29 14
1286731244 30 14
1286731244 31 14
1286731244 32 15
1286731244 33 15
1286731244 34 16
1286731244 35 16
1286731244 36 17
1286731244 36 17
1286731244 37 17
1286731244 38 17
1286731244 39 17
1286731244 40 18
1286731244 41 18
1286731244 42 18
1286731244 43 20
1286731244 44 20
1286731244 45 20
1286731244 46 20
1286731244 46 21
1286731244 47 21
1286731244 48 21
1286731244 49 21
1286731244 49 21
1286731244 50 22
1286731244 51 22
1286731244 52 23
1286731244 53 24
1286731244 54 25
1286731244 54 25
1286731244 55 25
1286731244 56 25
1286731244 57 26
1286731244 58 26
1286731244 59 27
1286731244 60 28
1286731244 61 28
1286731244 62 28
1286731244 63 29
1286731244 64 29
1286731244 64 29
1286731244 65 29
1286731244 65 29
1286731244 66 29
1286731244 67 30
1286731244 68 31
1286731244 69 31
1286731244 70 31
1286731244 71 31
1286731244 71 31
1286731244 72 32
1286731244 73 33
1286731244 74 33
1286731244 75 33
1286731244 76 34
1286731244 77 34
1286731244 78 34
1286731244 79 35
1286731244 80 35
1286731244 81 35
1286731244 82 36
1286731244 83 36
1286731244 84 36
1286731244 84 36
1286731244 85 36
1286731244 86 37
1286731244 86 37
1286731244 87 37
1286731244 88 38
1286731244 89 38
1286731244 89 38
1286731244 89 38
1286731244 90 38
1286731244 90 38
1286731244 91 39
1286731244 92 39
1286731244 93 39
1286731244 94 40
1286731244 95 40
1286731244 96 41
1286731244 96 41
1286731244 96 41
1286731244 97 42
1286731244 98 42
1286731244 99 42
1286731244 100 42
1286731244 101 43
1286731244 102 43
1286731244 103 43
1286731244 104 43
1286731244 105 44
1286731244 105 44
1286731244 105 44
1286731244 106 44
1286731244 107 45
1286731244 108 45
1286731244 109 45
1286731244 110 46
1286731244 111 46
1286731244 112 47
1286731244 113 48
1286731244 114 48
1286731244 115 48
1286731244 116 48
1286731244 117 49
1286731244 117 49
1286731244 118 50
1286731244 119 50
1286731244 120 50
1286731244 121 50
1286731244 122 51
1286731244 122 51
1286731244 123 51
1286731244 124 52
1286731244 125 52
1286731244 126 53
1286731244 127 53
1286731244 128 53
1286731244 129 54
1286731244 130 54
1286731244 130 54
1286731244 131 54
1286731244 132 55
1286731244 133 55
1286731244 134 55
1286731244 135 56
1286731244 136 56
1286731244 137 57
1286731244 138 57
1286731244 139 58
1286731244 139 58
1286731244 140 58
1286731244 141 59
1286731244 142 59
1286731244 143 59
1286731244 144 59
1286731244 144 59
1286731244 145 60
1286731244 146 60
1286731244 147 60
1286731244 148 60
1286731244 149 61
1286731244 150 61
1286731244 151 61
1286731244 151 61
1286731244 152 62
1286731244 153 62
1286731244 154 62
1286731244 155 63
1286731244 156 63
1286731244 157 64
1286731244 158 64
1286731244 159 64
1286731244 160 65
1286731244 161 65
1286731244 162 65
1286731244 163 66
1286731244 164 66
1286731244 165 66
1286731244 166 67
1286731244 167 67
1286731244 168 67
1286731244 168 67
1286731244 169 67
1286731244 170 68
1286731244 171 68
1286731244 172 68
1286731244 172 68
1286731244 173 70
1286731244 174 70
1286731244 175 70
1286731244 176 70
1286731244 177 71
1286731244 177 71
1286731244 177 71
1286731244 178 72
1286731244 179 72
1286731244 180 73
1286731244 181 74
1286731244 182 74
1286731244 183 74
1286731244 183 74
1286731244 184 75
1286731244 185 75
1286731244 186 75
1286731244 187 76
1286731244 188 76
1286731244 189 76
1286731244 190 77
1286731244 191 77
1286731244 192 77
1286731244 193 77
1286731244 194 78
1286731244 195 78
1286731244 196 78
1286731244 197 79
1286731244 198 79
1286731244 199 80
1286731244 200 80
1286731244 201 80
1286731244 202 81
1286731244 203 81
1286731244 204 81
1286731244 205 82
1286731244 206 82
1286731244 206 82
1286731244 207 82
1286731244 208 82
1286731244 209 83
1286731244 210 83
1286731244 211 84
1286731244 211 84
1286731244 212 84
1286731244 213 85
1286731244 214 86
1286731244 214 86
1286731244 215 86
1286731244 215 86
1286731244 216 86
1286731244 216 86
1286731244 217 87
1286731244 218 87
1286731244 219 87
1286731244 220 87
1286731244 221 88
1286731244 222 88
1286731244 223 89
1286731244 224 89
1286731244 225 90
1286731244 226 90
1286731244 226 90
1286731244 227 90
1286731244 228 91
1286731244 229 92
1286731244 230 92
1286731244 231 92
1286731244 232 92
1286731244 232 92
1286731244 232 93
1286731244 233 93
1286731244 234 94
1286731244 235 94
1286731244 236 94
1286731244 237 95
1286731244 238 95
1286731244 239 96
1286731244 240 96
1286731244 241 96
1286731244 242 96
1286731244 243 97
1286731244 244 97
1286731244 245 97
1286731244 246 98
1286731244 247 98
1286731244 248 98
1286731244 249 98
1286731244 250 99
1286731244 251 100
1286731244 252 100
1286731244 253 100
1286731244 254 101
1286731244 255 101
1286731244 256 101
1286731244 257 101
1286731244 258 102
1211482750 259 102
1211482750 260 102
1211482750 261 102
1211482750 261 102
1211482750 262 103
1211482750 263 103
1211482750 264 103
1211482750 265 104
1211482750 266 104
1211482750 267 104
1211482750 267 104
1211482750 268 105
1211482750 269 105
1211482750 269 105
1211482750 270 105
1211482750 271 106
1211482750 272 107
1211482750 273 107
1211482750 274 107
1211482750 275 108
1211482750 276 108
1211482750 277 108
1211482750 278 109
1211482750 279 109
1211482750 280 109
1211482750 281 109
1211482750 282 110
1211482750 283 110
1211482750 284 111
1211482750 285 111
1211482750 286 111
1211482750 287 112
1211482750 288 113
1211482750 289 113
1211482750 290 113
1211482750 291 113
1211482750 292 114
1211482750 293 114
1211482750 294 114
1211482750 295 114
1211482750 296 115
1211482750 297 116
1211482750 298 116
1211482750 299 116
1211482750 300 117
1211482750 301 117
1211482750 302 117
1211482750 303 118
1211482750 304 118
1211482750 305 119
1211482750 305 119
1211482750 306 119
1211482750 307 120
1211482750 308 120
1211482750 309 120
1211482750 310 121
1211482750 311 121
1211482750 312 121
1211482750 313 121
1211482750 313 121
1211482750 313 121
1211482750 314 122
1211482750 314 122
1211482750 315 122
1211482750 316 123
1211482750 317 123
1211482750 317 123
1211482750 318 123
1211482750 318 123
1211482750 319 124
1211482750 320 125
1211482750 320 125
1211482750 321 125
1211482750 322 125
1211482750 323 126
1211482750 324 126
1211482750 325 126
1211482750 326 126
1211482750 327 128
1211482750 328 128
1211482750 329 128
1211482750 330 129
1211482750 331 129
1211482750 332 129
1211482750 333 130
1211482750 334 130
1211482750 335 130
1211482750 336 130
1211482750 337 131
1200906205 338 131
1200906205 338 131
1200906205 339 131
1200906205 340 132
1200906205 341 132
1200906205 342 132
1200906205 343 133
1200906205 344 133
1200906205 345 133
1200906205 346 133
1200906205 347 134
1200906205 348 134
1200906205 348 134
1200906205 349 135
1200906205 350 135
1200906205 351 135
1200906205 352 136
1200906205 353 136
1200906205 354 136
1200906205 355 136
1200906205 356 137
1200906205 357 137
1200906205 358 138
1200906205 359 139
1200906205 360 139
1200906205 361 139
1200906205 362 140
1200906205 363 140
1200906205 364 141
1200906205 365 141
1200906205 366 141
1200906205 367 142
1200906205 368 142
1200906205 369 143
1200906205 370 143
1200906205 371 143
1200906205 372 144
1200906205 373 144
1200906205 374 144
1200906205 375 145
1200906205 376 145
1200906205 377 146
1200906205 378 146
1200906205 379 146
1200906205 380 147
1200906205 381 147
1200906205 381 147
1200906205 382 147
1200906205 383 147
1200906205 384 148
1200906205 385 148
1200906205 386 148
1200906205 387 149
1200906205 388 149
1200906205 389 149
1200906205 390 149
1200906205 390 149
1200906205 391 150
1200906205 392 150
1200906205 392 150
1200906205 392 150
1200906205 393 150
1200906205 394 151
1200906205 395 151
1200906205 396 151
1200906205 396 151
1200906205 397 152
1200906205 397 152
1200906205 398 152
1200906205 399 152
1200906205 400 152
1200906205 401 153
1200906205 402 153
1200906205 403 153
1200906205 404 154
1200906205 405 154
1200906205 406 154
1200906205 407 154
1200906205 407 155
1200906205 408 155
1200906205 409 156
1200906205 410 156
1200906205 411 156
1200906205 412 157
1200906205 413 157
1200906205 414 157
1200906205 415 157
1200906205 416 158
1200906205 417 158
1200906205 418 158
1200906205 419 159
1200906205 420 159
1200906205 421 159
1200906205 422 159
1200906205 423 160
1200906205 424 160
1200906205 425 160
1200906205 426 161
1200906205 427 162
1200906205 428 162
1200906205 428 162
1200906205 429 162
1200354108 430 162
1200354108 431 163
1200354108 432 163
1200354108 433 164
1200354108 434 164
1200354108 435 164
1200354108 436 164
1200354108 437 165
1200354108 438 165
1200354108 439 165
1200354108 440 166
1200354108 441 166
1200354108 441 166
1200354108 442 166
1200354108 443 166
1200354108 444 167
1200354108 445 167
1200354108 446 167
1200354108 447 168
1200354108 448 168
1200354108 449 169
1200354108 450 169
1200354108 451 170
1200354108 452 170
1200354108 453 170
1200354108 454 171
1200354108 455 171
1200354108 456 171
1200354108 457 172
1200354108 457 172
1200354108 458 172
1200354108 459 172
1200354108 460 172
1200354108 461 173
1200354108 461 173
1200354108 462 173
1200354108 463 174
1200354108 463 174
1200354108 464 174
1200354108 465 174
1200354108 466 175
1200354108 467 175
1200354108 468 176
1200354108 469 176
1200354108 470 177
1200354108 471 177
1200354108 472 177
1200354108 473 178
1200354108 474 178
1200354108 475 178
1200354108 476 179
1200354108 477 179
1200354108 478 180
1200354108 479 180
1200354108 479 180
1200354108 479 180
1200354108 480 180
1200354108 481 181
1200354108 482 181
1200354108 483 181
1200354108 484 181
1200354108 485 182
1200354108 486 182
1200354108 487 182
1200354108 487 182
1200354108 488 182
1200354108 489 183
1200354108 490 183
1200354108 491 183
1200354108 492 184
1200354108 492 184
1200354108 493 184
1200354108 494 185
1200354108 495 185
1200354108 496 185
1200354108 497 185
1200354108 497 185
1200354108 498 186
1200354108 499 186
1200354108 500 186
1200354108 501 187
1200354108 502 187
1200354108 503 187
1200354108 504 187
1200354108 505 188
1200354108 506 188
1200354108 507 188
1200354108 508 188
1200354108 509 189
1200354108 510 189
1200354108 511 189
1200354108 511 189
1200354108 512 190
1200354108 513 190
1200354108 514 190
1200354108 515 190
1200354108 516 191
1200354108 517 191
1200354108 518 191
1200354108 519 191
1200354108 520 192
1200354108 521 192
1200354108 522 192
1200354108 523 193
1200354108 524 193
1200354108 525 193
1200354108 526 194
1200354108 527 194
1200354108 528 194
1200354108 529 194
1200354108 530 195
1200354108 531 195
1200354108 532 195
1200354108 532 195
1200354108 533 196
1200354108 534 196
1200354108 535 196
1200354108 536 197
1200354108 537 197
1200354108 538 197
1200354108 539 197
1200354108 540 198
1200354108 540 198
1200354108 540 198
1200354108 541 198
1200354108 542 198
1200354108 543 199
1200354108 544 199
1200354108 545 199
1200354108 546 199
1200354108 547 200
1200354108 548 200
1200354108 549 200
1200354108 550 201
1200354108 551 201
1200354108 552 201
1177657605.465 553 202
1177657605.465 554 203
1177657605.465 555 203
1177657605.465 556 204
1177657605.465 557 204
1177657605.465 558 204
1177657605.465 559 204
1177657605.465 559 204
1177657605.465 560 205
1177657605.465 561 205
1177657605.465 561 205
1177657605.465 561 205
1177657605.465 562 206
1177657605.465 563 206
1177657605.465 564 207
1177657605.465 564 207
1177657605.465 564 207
1177657605.465 565 207
1177657605.465 566 207
1177657605.465 567 208
1177657605.465 568 208
1177657605.465 569 208
1177657605.465 570 209
1177657605.465 570 209
1177657605.465 570 209
1177657605.465 571 209
1177657605.465 572 209
1177657605.465 572 209
1177657605.465 573 209
1177657605.465 574 210
1177657605.465 575 210
1177657605.465 576 210
1177657605.465 577 211
1177657605.465 578 211
1177657605.465 579 212
1177657605.465 580 212
1177657605.465 581 212
1177657605.465 582 212
1177657605.465 582 212
1177657605.465 583 213
1177657605.465 584 213
1177657605.465 585 213
1177657605.465 585 213
1177657605.465 586 213
1177657605.465 587 214
1177657605.465 588 214
1177657605.465 589 215
1177657605.465 590 215
1177657605.465 591 216
1177657605.465 591 216
1177657605.465 592 216
1177657605.465 593 217
1177657605.465 594 217
1177657605.465 594 217
1177657605.465 594 217
1177657605.465 594 217
1177657605.465 595 217
1177657605.465 596 217
1177657605.465 597 218
1177657605.465 598 218
1177657605.465 599 218
1177657605.465 599 218
1177657605.465 600 218
1177657605.465 601 219
1177657605.465 602 219
1177657605.465 603 219
1177657605.465 604 220
1177657605.465 604 220
1177657605.465 605 220
1177657605.465 605 220
1177657605.465 606 220
1177657605.465 607 221
1177657605.465 608 221
1177657605.465 609 221
1177657605.465 609 221
1177657605.465 610 222
1177657605.465 610 222
1177657605.465 611 222
1177657605.465 612 222
1177657605.465 613 223
1177657605.465 614 223
1177657605.465 615 223
1177657605.465 616 224
1177657605.465 617 224
1177657605.465 617 224
1177657605.465 618 224
1177657605.465 619 225
1177657605.465 620 225
1177657605.465 621 225
1177657605.465 621 225
1177657605.465 622 226
1177657605.465 623 226
1177657605.465 624 226
1177657605.465 624 226
1177657605.465 625 226
1177657605.465 626 227
1177657605.465 627 227
1177657605.465 628 227
1177657605.465 628 227
1177657605.465 629 228
1177657605.465 629 228
1177657605.465 630 228
1177657605.465 630 228
1177657605.465 631 228
1177657605.465 632 228
1177657605.465 633 229
1177657605.465 634 229
1177657605.465 635 229
1177657605.465 635 229
1177657605.465 635 229
1177657605.465 636 230
1177657605.465 637 230
1177657605.465 638 230
1177657605.465 639 231
1177657605.465 640 231
1177657605.465 641 231
1177657605.465 642 232
1177657605.465 643 232
1177657605.465 644 232
1177657605.465 645 233
1177657605.465 646 233
1177657605.465 647 233
1177657605.465 648 234
1177657605.465 649 234
1177657605.465 649 234
1177657605.465 650 235
1177657605.465 651 235
1177657605.465 652 235
1177657605.465 653 235
1177657605.465 654 236
1177657605.465 655 236
1177657605.465 656 236
1177657605.465 657 237
1177657605.465 658 237
1177657605.465 659 237
1177657605.465 659 237
1177657605.465 660 238
1177657605.465 661 238
1177657605.465 662 238
1177657605.465 663 238
1177657605.465 664 239
1177657605.465 665 239
1177657605.465 665 239
1177657605.465 666 239
1177657605.465 667 240
1177657605.465 668 241
1177657605.465 669 241
1177657605.465 670 241
1177657605.465 671 242
1177657605.465 672 242
1177657605.465 673 242
1177657605.465 674 243
1177657605.465 675 243
1177657605.465 676 243
1177657605.465 677 243
1177657605.465 678 244
1177657605.465 679 244
1177657605.465 680 244
1177657605.465 681 244
1177657605.465 682 245
1177657605.465 682 245
1177657605.465 683 245
1177657605.465 684 245
1177657605.465 684 245
1177657605.465 685 245
1177657605.465 686 246
1177657605.465 687 246
1177657605.465 688 246
1177657605.465 689 246
1177657605.465 690 247
1177657605.465 691 247
1177657605.465 692 247
1177657605.465 692 247
1177657605.465 693 248
1177657605.465 694 248
1177657605.465 695 248
1177657605.465 696 249
1177657605.465 697 249
1177657605.465 698 249
1177657605.465 698 249
1177657605.465 699 250
1177657605.465 700 250
1177657605.465 701 250
1177657605.465 702 251
1177657605.465 703 251
1177657605.465 704 252
1177657605.465 705 253
1177657605.465 706 253
1177657605.465 707 253
1177657605.465 708 253
1177657605.465 709 254
1177657605.465 710 255
1177657605.465 710 255
1177657605.465 710 255
1177657605.465 711 255
1177657605.465 711 255
1177657605.465 712 255
1177657605.465 713 256
1177657605.465 714 256
1177657605.465 715 256
1177657605.465 715 256
1177657605.465 716 257
1177657605.465 717 257
1177657605.465 718 257
1177657605.465 719 258
1177657605.465 720 258
1177657605.465 721 259
1177657605.465 722 259
1177657605.465 723 259
1177657605.465 724 260
1177657605.465 725 260
1177657605.465 726 260
1177657605.465 727 260
1177657605.465 728 261
1177657605.465 729 261
1177657605.465 729 261
1177657605.465 729 261
1177657605.465 730 261
1177657605.465 731 262
1177657605.465 732 262
1177657605.465 733 262
1177657605.465 734 263
1177657605.465 735 263
1177657605.465 736 263
1177657605.465 737 263
1177657605.465 738 264
1177657605.465 739 264
1177657605.465 740 264
1177657605.465 740 264
1177657605.465 741 265
1177657605.465 742 265
1177657605.465 743 265
1177657605.465 744 266
1177657605.465 745 266
1177657605.465 745 266
1177657605.465 746 266
1177657605.465 747 267
1177657605.465 748 267
1177657605.465 748 267
1177657605.465 749 267
1177657605.465 750 268
1177657605.465 751 268
1177657605.465 751 268
1177657605.465 752 268
1177657605.465 753 269
1177657605.465 754 269
1177657605.465 755 269
1177657605.465 756 270
1177657605.465 757 270
1177657605.465 758 270
1177657605.465 759 271
1177657605.465 760 271
1177657605.465 761 271
1177657605.465 762 271
1177657605.465 763 272
1177657605.465 763 272
1177657605.465 763 272
1177657605.465 764 272
1177657605.465 765 273
1177657605.465 765 273
1177657605.465 766 273
1177657605.465 767 273
1177657605.465 768 274
1177657605.465 768 274
1177657605.465 769 274
1177657605.465 770 274
1177657605.465 771 274
1177657605.465 772 275
1177657605.465 773 275
1177657605.465 774 275
1177657605.465 775 276
1177657605.465 776 276
1177657605.465 777 277
1177657605.465 778 278
1177657605.465 779 278
1177657605.465 779 278
1177657605.465 780 279
1177657605.465 781 279
1177657605.465 782 279
1177657605.465 783 279
1177657605.465 784 280
1177657605.465 785 280
1177657605.465 786 280
1177657605.465 787 280
1177657605.465 788 281
1177657605.465 789 281
1177657605.465 789 281
1177657605.465 790 281
1177657605.465 791 282
1177657605.465 792 282
1177657605.465 793 282
1177657605.465 794 282
1177657605.465 795 283
1177657605.465 796 283
1177657605.465 797 284
1177657605.465 797 284
1177657605.465 797 284
1177657605.465 798 284
1177657605.465 799 285
1177657605.465 800 285
1177657605.465 801 285
1177657605.465 802 286
1177657605.465 802 286
1177657605.465 803 286
1177657605.465 804 287
1177657605.465 804 287
1177657605.465 805 287
1177657605.465 806 287
1177657605.465 807 287
1177657605.465 808 288
1177657605.465 809 288
1177657605.465 810 288
1177657605.465 811 289
1177657605.465 811 289
1177657605.465 812 289
1177657605.465 813 289
1177657605.465 814 290
1177657605.465 815 291
1177657605.465 816 292
1177657605.465 817 292
1177657605.465 818 292
1177657605.465 819 292
1177657605.465 820 293
1177657605.465 821 293
1177657605.465 822 293
1177657605.465 823 294
1177657605.465 824 295
1177657605.465 825 295
1177657605.465 825 295
1177657605.465 826 295
1177657605.465 827 296
1177657605.465 828 297
1177657605.465 828 297
1177657605.465 829 297
1177657605.465 830 297
1177657605.465 831 298
1177657605.465 832 298
1177657605.465 833 298
1177657605.465 834 298
1177657605.465 835 299
1177657605.465 836 300
1177657605.465 837 300
1177657605.465 838 301
1177657605.465 838 301
1177657605.465 839 301
1177657605.465 840 302
1177657605.465 840 302
1177657605.465 840 302
1177657605.465 841 302
1177657605.465 842 302
1177657605.465 843 303
1177657605.465 844 303
1177657605.465 845 303
1177657605.465 846 303
1177657605.465 847 304
1177657605.465 848 304
1177657605.465 849 305
1177657605.465 850 305
1177657605.465 850 305
1177657605.465 851 305
1177657605.465 852 306
1177657605.465 852 306
1177657605.465 853 306
1177657605.465 854 306
1177657605.465 854 306
1177657605.465 854 306
1177657605.465 855 307
1177657605.465 856 307
1177657605.465 857 307
1177657605.465 858 308
1177657605.465 859 309
1177657605.465 859 309
1177657605.465 860 309
1177657605.465 861 309
1177657605.465 862 310
1177657605.465 863 310
1177657605.465 864 310
1177657605.465 865 311
1177657605.465 865 311
1177657605.465 866 311
1177657605.465 866 311
1177657605.465 867 311
1177657605.465 868 312
1177657605.465 869 312
1177657605.465 870 312
1177657605.465 870 312
1177657605.465 870 312
1177657605.465 871 312
1177657605.465 872 313
1177657605.465 873 313
1177657605.465 874 313
1177657605.465 875 313
1177657605.465 876 314
1177657605.465 877 314
1177657605.465 878 315
1177657605.465 879 315
1177657605.465 880 315
1177657605.465 881 316
1177657605.465 882 316
1177657605.465 883 316
1177657605.465 884 317
1177657605.465 885 317
1177657605.465 886 318
1177657605.465 887 319
1177657605.465 888 319
1177657605.465 889 319
1177657605.465 890 319
1177657605.465 891 320
1177657605.465 892 320
1177657605.465 893 321
1177657605.465 894 321
1177657605.465 895 322
1177657605.465 896 322
1177657605.465 896 322
1177657605.465 897 323
1177657605.465 898 323
1091354537.8701 899 323
1091354537.8701 900 324
1091354537.8701 901 324
1091354537.8701 901 324
1091354537.8701 902 325
1091354537.8701 903 325
1091354537.8701 904 325
1091354537.8701 905 325
1091354537.8701 906 326
1091354537.8701 907 326
1091354537.8701 908 326
1091354537.8701 909 327
1091354537.8701 910 328
1091354537.8701 910 328
1091354537.8701 911 328
1091354537.8701 912 329
1091354537.8701 913 329
1091354537.8701 914 329
1091354537.8701 915 329
1091354537.8701 916 330
1091354537.8701 916 330
1091354537.8701 917 330
1091354537.8701 918 330
1091354537.8701 919 331
1091354537.8701 920 331
1091354537.8701 921 331
1091354537.8701 922 332
1091354537.8701 923 332
1091354537.8701 924 332
1091354537.8701 924 332
1091354537.8701 925 332
1091354537.8701 926 333
1091354537.8701 927 333
1091354537.8701 928 334
1091354537.8701 928 334
1091354537.8701 929 335
1091354537.8701 930 335
1091354537.8701 930 335
1091354537.8701 931 336
1091354537.8701 932 336
1091354537.8701 933 336
1091354537.8701 934 337
1091354537.8701 935 337
1091354537.8701 936 337
1091354537.8701 937 338
1091354537.8701 938 338
1091354537.8701 939 338
1091354537.8701 940 339
1091354537.8701 941 339
1091354537.8701 942 339
1091354537.8701 942 339
1091354537.8701 943 339
1091354537.8701 944 340
1091354537.8701 945 340
1091354537.8701 946 340
1091354537.8701 947 341
1091354537.8701 948 341
1091354537.8701 949 341
1091354537.8701 950 341
1091354537.8701 951 342
1091354537.8701 951 342
1091354537.8701 951 342
1091354537.8701 951 342
1091354537.8701 952 342
1091354537.8701 953 342
1091354537.8701 954 343
1091354537.8701 955 344
1091354537.8701 956 344
1091354537.8701 957 344
1091354537.8701 958 345
1091354537.8701 958 345
1091354537.8701 959 346
1091354537.8701 960 346
1091354537.8701 961 347
1091354537.8701 961 347
1091354537.8701 962 347
1091354537.8701 962 347
1091354537.8701 962 348
1091354537.8701 963 348
1091354537.8701 964 349
1091354537.8701 965 349
1091354537.8701 966 350
1091354537.8701 967 351
1091354537.8701 968 352
1091354537.8701 969 352
1091354537.8701 970 352
1091354537.8701 971 353
1091354537.8701 972 353
1091354537.8701 972 353
1091354537.8701 973 353
1091354537.8701 974 354
1091354537.8701 974 354
1091354537.8701 975 354
1091354537.8701 975 354
1091354537.8701 975 354
1091354537.8701 976 354
1091354537.8701 977 354
1091354537.8701 978 355
1091354537.8701 979 355
1091354537.8701 980 356
1091354537.8701 981 356
1091354537.8701 982 356
1091354537.8701 983 357
1091354537.8701 983 357
1091354537.8701 984 357
1091354537.8701 985 358
1091354537.8701 986 358
1091354537.8701 987 359
1091354537.8701 988 359
1091354537.8701 988 359
1091354537.8701 989 359
1091354537.8701 990 359
1091354537.8701 991 360
1091354537.8701 992 360
1091354537.8701 993 360
1091354537.8701 994 361
1091354537.8701 995 361
1091354537.8701 995 361
1091354537.8701 996 361
1091354537.8701 997 362
1091354537.8701 998 362
1091354537.8701 999 363
1091354537.8701 1000 363
1091354537.8701 1001 363
1091354537.8701 1002 363
1091354537.8701 1003 364
1091354537.8701 1004 365
1091354537.8701 1005 365
1091354537.8701 1006 365
1091354537.8701 1006 365
1091354537.8701 1007 366
1091354537.8701 1008 366
1091354537.8701 1009 367
1091354537.8701 1010 367
1091354537.8701 1011 367
1091354537.8701 1012 368
1091354537.8701 1013 368
1091354537.8701 1014 368
1091354537.8701 1015 369
1091354537.8701 1016 369
1091354537.8701 1016 369
1091354537.8701 1017 370
1091354537.8701 1018 370
1091354537.8701 1019 370
1091354537.8701 1020 371
1091354537.8701 1021 371
1091354537.8701 1022 371
1091354537.8701 1023 372
1091354537.8701 1023 372
1091354537.8701 1024 373
1091354537.8701 1025 373
1091354537.8701 1026 373
1091354537.8701 1027 374
1091354537.8701 1028 374
1091354537.8701 1029 374
1091354537.8701 1029 374
1091354537.8701 1029 374
1091354537.8701 1030 375
1091354537.8701 1030 376
1091354537.8701 1030 376
1091354537.8701 1031 376
1091354537.8701 1032 376
1091354537.8701 1033 377
1091354537.8701 1034 377
1091354537.8701 1035 377
1091354537.8701 1035 377
1091354537.8701 1036 378
1091354537.8701 1037 378
1091354537.8701 1038 378
1091354537.8701 1039 379
1091354537.8701 1040 379
1091354537.8701 1040 379
1091354537.8701 1041 379
1091354537.8701 1042 380
1091354537.8701 1043 380
1091354537.8701 1044 380
1091354537.8701 1045 381
1091354537.8701 1046 381
1091354537.8701 1047 381
1091354537.8701 1048 381
1091354537.8701 1049 382
1091354537.8701 1050 382
1091354537.8701 1051 383
1091354537.8701 1052 383
1091354537.8701 1053 383
1091354537.8701 1053 383
1010867629 1054 384
1010867629 1055 384
1010867629 1055 384
1010867629 1056 385
1010867629 1057 385
1010867629 1058 385
1010867629 1059 386
1010867629 1060 386
1010867629 1060 386
1010867629 1061 386
1010867629 1062 387
1010867629 1063 387
1010867629 1064 387
1010867629 1065 387
1010867629 1066 388
1010867629 1067 388
1010867629 1068 388
1010867629 1068 389
1010867629 1069 389
1010867629 1070 389
1010867629 1071 389
1010867629 1072 390
1010867629 1073 390
1010867629 1074 390
1010867629 1075 390
1010867629 1076 391
1010867629 1076 391
1010867629 1077 391
1010867629 1078 391
1010867629 1079 391
1010867629 1080 392
1010867629 1081 392
1010867629 1082 392
1010867629 1082 392
1010867629 1082 392
1010867629 1083 393
1010867629 1084 393
1010867629 1085 393
1010867629 1086 394
1010867629 1087 394
1010867629 1088 394
1010867629 1089 395
1010867629 1090 395
1010867629 1091 395
1010867629 1092 396
1010867629 1093 396
1010867629 1094 396
1010867629 1095 397
1010867629 1095 397
1010867629 1096 397
1010867629 1097 397
1010867629 1098 398
1010867629 1099 398
1010867629 1100 398
1010867629 1101 398
1010867629 1102 399
1010867629 1103 399
1010867629 1104 399
1010867629 1105 400
1010867629 1106 400
1010867629 1107 400
1010867629 1108 401
1010867629 1109 401
1010867629 1109 401
1010867629 1110 401
1010867629 1111 402
1010867629 1112 402
1010867629 1113 402
1010867629 1113 402
1010867629 1114 402
1010867629 1115 403
1010867629 1116 403
1010867629 1117 404
1010867629 1118 404
1010867629 1118 404
1010867629 1119 405
1010867629 1120 405
1010867629 1121 406
1010867629 1121 406
1010867629 1122 406
1010867629 1123 407
1010867629 1123 407
1010867629 1124 407
1010867629 1124 407
1010867629 1125 408
1010867629 1126 408
1010867629 1127 408
1010867629 1128 409
1010867629 1129 409
1010867629 1129 409
1010867629 1130 410
1010867629 1131 410
1010867629 1132 410
1010867629 1132 410
1010867629 1133 410
1010867629 1133 410
1010867629 1134 411
1010867629 1135 411
1010867629 1135 411
1010867629 1136 411
1010867629 1137 412
1010867629 1138 412
1010867629 1139 412
1010867629 1140 412
1010867629 1141 413
1010867629 1141 413
1010867629 1142 413
1010867629 1142 413
1010867629 1143 413
1010867629 1144 414
1010867629 1145 414
1010867629 1146 415
1010867629 1147 415
1010867629 1148 415
1010867629 1149 415
1010867629 1150 416
1010867629 1151 416
1010867629 1152 416
1010867629 1152 416
1010867629 1153 417
1010867629 1154 417
1010867629 1155 418
1010867629 1156 418
1010867629 1156 418
1010867629 1157 418
1010867629 1158 418
1010867629 1158 418
1010867629 1159 419
1010867629 1160 419
1010867629 1161 419
1010867629 1162 420
1010867629 1163 420
1010867629 1164 420
1010867629 1165 421
1010867629 1166 421
1010867629 1167 421
1010867629 1168 422
1010867629 1168 422
1010867629 1169 423
1010867629 1170 423
1010867629 1171 423
1010867629 1171 423
1010867629 1171 423
1010867629 1172 424
1010867629 1173 424
1010867629 1174 424
1010867629 1175 425
1010867629 1175 425
1010867629 1176 425
1010867629 1177 425
1010867629 1178 426
1010867629 1179 426
1010867629 1180 426
1010867629 1181 426
1010867629 1182 427
1010867629 1183 427
1010867629 1184 427
1010867629 1185 428
1010867629 1186 428
1010867629 1187 428
1010867629 1188 429
1010867629 1189 429
1010867629 1190 429
1010867629 1190 429
1010867629 1191 430
1010867629 1192 430
1010867629 1193 431
1010867629 1194 431
1010867629 1195 431
1010867629 1196 432
1010867629 1197 432
1010867629 1198 432
1010867629 1199 432
1010867629 1199 432
1010867629 1200 433
1010867629 1201 433
1010867629 1202 433
1010867629 1203 434
1010867629 1204 434
1010867629 1205 434
1010867629 1206 435
1010867629 1206 435
1010867629 1207 436
1010867629 1207 436
1010867629 1208 436
1010867629 1209 436
1010867629 1210 437
1010867629 1210 437
1010867629 1211 437
1010867629 1212 437
1010867629 1213 438
1010867629 1213 438
1010867629 1214 438
1010867629 1215 439
1010867629 1216 440
1010867629 1217 440
1010867629 1218 441
1010867629 1219 441
1010867629 1220 442
1010867629 1221 443
1010867629 1222 443
1010867629 1222 444
1010867629 1223 444
1010867629 1224 445
1010867629 1225 445
1010867629 1226 445
1010867629 1227 445
1010867629 1228 446
1010867629 1229 446
1010867629 1230 446
1010867629 1231 446
1010867629 1232 447
1010867629 1233 447
1010867629 1234 447
1010867629 1235 448
1010867629 1236 449
1010867629 1237 450
1010867629 1238 450
1010867629 1239 450
1010867629 1240 451
1010867629 1241 451
1010867629 1242 451
1010867629 1242 451
1010867629 1243 451
1010867629 1244 452
1010867629 1244 452
1010867629 1245 452
1010867629 1246 452
1010867629 1247 453
1010867629 1248 453
1010867629 1249 453
1010867629 1250 453
1010867629 1250 453
1010867629 1251 454
1010867629 1252 454
1010867629 1253 454
1010867629 1254 455
1010867629 1254 455
1010867629 1255 455
1010867629 1256 455
1010867629 1257 456
1010867629 1258 456
1010867629 1259 456
1010867629 1260 457
1010867629 1260 457
1010867629 1261 457
1010867629 1262 458
1010867629 1263 458
1010867629 1264 458
1010867629 1265 458
1010867629 1266 459
1010867629 1267 459
1010867629 1268 459
1010867629 1269 459
1010867629 1270 460
1010867629 1271 460
1010867629 1272 460
1010867629 1273 460
1010867629 1274 461
1010867629 1275 461
1010867629 1276 461
1010867629 1276 461
1010867629 1277 462
1010867629 1278 462
1010867629 1279 463
1010867629 1279 463
1010867629 1280 464
1010867629 1281 464
1010867629 1282 464
1010867629 1283 465
1010867629 1284 466
1010867629 1285 466
1010867629 1286 467
1010867629 1286 467
1010867629 1287 467
1010867629 1288 468
1010867629 1288 468
1010867629 1289 468
1010867629 1289 468
1010867629 1290 469
1010867629 1291 469
1010867629 1292 470
1010867629 1293 470
1010867629 1294 470
1010867629 1295 470
1010867629 1296 471
1010867629 1297 471
1010867629 1298 471
1010867629 1299 472
1010867629 1300 472
1010867629 1301 472
1010867629 1302 472
1010867629 1303 473
1010867629 1304 473
1010867629 1305 473
1010867629 1305 473
1010867629 1305 473
1010867629 1306 473
1010867629 1307 474
1010867629 1308 474
1010867629 1309 474
1010867629 1310 475
1010867629 1311 475
1010867629 1312 475
1010867629 1313 476
1010867629 1314 476
1010867629 1315 476
1010867629 1316 476
1010867629 1317 477
1010867629 1318 478
1010867629 1319 478
1010867629 1320 478
1010867629 1321 479
1010867629 1322 479
1010867629 1323 479
1010867629 1324 480
1010867629 1325 480
1010867629 1326 480
1010867629 1327 480
1010867629 1328 481
1010867629 1329 481
1010867629 1330 481
1010867629 1331 482
1010867629 1332 482
1010867629 1333 482
1010867629 1334 483
1010867629 1335 483
1010867629 1336 483
1010867629 1337 484
1010867629 1338 484
1010867629 1339 484
1010867629 1340 485
1010867629 1341 485
1010867629 1342 486
1010867629 1343 487
1010867629 1343 487
1010867629 1344 487
1010867629 1345 488
1010867629 1346 489
1010867629 1347 489
1010867629 1348 489
1010867629 1349 489
1010867629 1350 490
1010867629 1351 491
1010867629 1351 491
1010867629 1351 491
1010867629 1351 491
1010867629 1352 491
1010867629 1353 491
1010867629 1354 492
1010867629 1355 492
1010867629 1356 492
1010867629 1357 493
1010867629 1358 494
1010867629 1359 494
1010867629 1360 494
1010867629 1361 495
1010867629 1362 495
1010867629 1362 495
1010867629 1363 495
1010867629 1364 495
1010867629 1365 496
1010867629 1366 496
1010867629 1366 496
1010867629 1367 496
1010867629 1368 497
1010867629 1369 497
1010867629 1370 498
1010867629 1371 498
1010867629 1372 498
1010867629 1373 499
1010867629 1373 499
1010867629 1374 499
1010867629 1374 499
1010867629 1375 499
1010867629 1376 500
1010867629 1377 500
1010867629 1378 500
1010867629 1379 501
1010867629 1380 501
1010867629 1381 501
1010867629 1382 501
1010867629 1383 502
1010867629 1384 502
1010867629 1385 502
1010867629 1386 503
1010867629 1386 503
1010867629 1386 503
1010867629 1387 503
1010867629 1388 503
1010867629 1389 504
1010867629 1390 504
1010867629 1391 504
1010867629 1392 505
1010867629 1393 506
1010867629 1394 506
1010867629 1395 506
1010867629 1396 506
1010867629 1397 507
1010867629 1398 507
1010867629 1399 507
1010867629 1400 508
1010867629 1401 508
1010867629 1402 508
1010867629 1403 509
1010867629 1404 509
1010867629 1405 509
1010867629 1405 509
1010867629 1406 510
1010867629 1407 510
1010867629 1408 510
1010867629 1409 510
1010867629 1410 511
1010867629 1411 511
1010867629 1412 511
1010867629 1413 512
1010867629 1413 512
1010867629 1414 512
1010867629 1415 512
1010867629 1415 512
1010867629 1415 512
1010867629 1416 513
1010867629 1417 513
1010867629 1418 513
1010867629 1419 513
1010867629 1419 513
1010867629 1420 514
1010867629 1421 514
1010867629 1422 514
1010867629 1423 514
1010867629 1424 515
1010867629 1425 515
1010867629 1426 515
1010867629 1427 516
1010867629 1427 516
1010867629 1428 516
1010867629 1429 517
1010867629 1430 517
1010867629 1431 517
1010867629 1432 518
1010867629 1433 518
1010867629 1434 518
1010867629 1435 519
1010867629 1436 519
1010867629 1437 519
1010867629 1438 519
1010867629 1439 520
1010867629 1440 520
1010867629 1440 520
1010867629 1441 520
1010867629 1442 521
1010867629 1443 522
1010867629 1444 522
1010867629 1445 522
1010867629 1446 522
1010867629 1447 523
1010867629 1448 523
1010867629 1449 523
1010867629 1450 524
1010867629 1451 524
1010867629 1451 524
1010867629 1452 524
1010867629 1453 525
1010867629 1454 525
1010867629 1454 525
1010867629 1455 525
1010867629 1456 526
1010867629 1457 526
1010867629 1458 526
1010867629 1459 526
1010867629 1460 527
1010867629 1461 527
1010867629 1462 528
1010867629 1462 528
1010867629 1463 528
1010867629 1464 528
1010867629 1465 529
1010867629 1466 530
1010867629 1467 530
1010867629 1467 530
1010867629 1468 530
1010867629 1469 531
1010867629 1470 531
1010867629 1471 531
1010867629 1472 531
1010867629 1473 532
1010867629 1474 532
1010867629 1475 532
1010867629 1476 532
1010867629 1477 533
1010867629 1478 533
1010867629 1479 534
1010867629 1480 534
1010867629 1481 534
1010867629 1482 534
1010867629 1483 535
1010867629 1484 535
1010867629 1484 535
1010867629 1484 535
1010867629 1485 535
1010867629 1486 535
1010867629 1487 536
1010867629 1488 536
1010867629 1489 537
1010867629 1490 537
1010867629 1491 538
1010867629 1492 538
1010867629 1493 539
1010867629 1494 539
1010867629 1495 539
1010867629 1496 540
1010867629 1497 540
1010867629 1498 540
1010867629 1499 541
1010867629 1500 541
1010867629 1501 541
1010867629 1502 541
1010867629 1503 542
1010867629 1504 542
1010867629 1505 542
1010867629 1506 542
1010867629 1507 543
1010867629 1508 543
1010867629 1509 544
1010867629 1510 544
1010867629 1511 544
1010867629 1512 545
1010867629 1513 545
1010867629 1514 545
1010867629 1515 546
1010867629 1516 546
1010867629 1517 546
1010867629 1518 547
1010867629 1519 547
1010867629 1520 548
1010867629 1521 548
1010867629 1522 548
1010867629 1523 549
1010867629 1524 549
1010867629 1525 549
1010867629 1526 549
1010867629 1527 550
1010867629 1528 551
1010867629 1529 552
1010867629 1530 552
1010867629 1531 553
1010867629 1531 553
1010867629 1531 553
1010867629 1531 553
1010867629 1532 553
1010867629 1533 553
1010867629 1534 554
1010867629 1535 555
1010867629 1536 555
1010867629 1537 556
1010867629 1538 556
1010867629 1538 556
1010867629 1539 556
1010867629 1540 557
1010867629 1541 557
1010867629 1542 557
1010867629 1542 557
1010867629 1543 557
1010867629 1544 558
1010867629 1545 558
1010867629 1546 558
1010867629 1547 558
1010867629 1547 558
1010867629 1548 559
1010867629 1549 559
1010867629 1550 559
1010867629 1550 559
1010867629 1551 560
1010867629 1552 560
1010867629 1553 561
1010867629 1554 561
1010867629 1555 561
1010867629 1556 561
1010867629 1557 562
1010867629 1558 562
1010867629 1559 562
1010867629 1560 563
1010867629 1561 563
1010867629 1561 563
1010867629 1562 564
1010867629 1563 564
1010867629 1564 564
1010867629 1565 565
1010867629 1566 565
1010867629 1567 565
1010867629 1568 566
1010867629 1569 566
1010867629 1569 566
1010867629 1570 566
1010867629 1571 566
1010867629 1572 567
1010867629 1573 568
1010867629 1574 568
1010867629 1575 568
1010867629 1576 568
1010867629 1577 569
1010867629 1578 569
1010867629 1579 570
1010867629 1579 570
1010867629 1580 571
1010867629 1581 571
1010867629 1582 571
1010867629 1583 572
1010867629 1584 572
1010867629 1585 573
1010867629 1586 573
1010867629 1587 573
1010867629 1588 574
1010867629 1589 574
1010867629 1590 574
1010867629 1591 575
1010867629 1592 575
1010867629 1593 576
1010867629 1593 576
1010867629 1593 576
1010867629 1594 576
1010867629 1594 576
1010867629 1595 577
1010867629 1596 578
1010867629 1597 578
1010867629 1597 579
1010867629 1598 579
1010867629 1599 579
1010867629 1600 580
1010867629 1601 580
1010867629 1602 580
1010867629 1603 580
1010867629 1604 581
1010867629 1605 581
1010867629 1606 581
1010867629 1607 582
1010867629 1608 582
1010867629 1609 582
1010867629 1609 582
1010867629 1610 583
1010867629 1611 583
1010867629 1612 583
1010867629 1613 584
1010867629 1614 584
1010867629 1615 584
1010867629 1616 584
1010867629 1617 585
1010867629 1617 585
1010867629 1617 585
1010867629 1618 585
1010867629 1619 586
1010867629 1620 586
1010867629 1621 587
1010867629 1621 587
1010867629 1622 587
1010867629 1623 588
1010867629 1624 588
1010867629 1625 589
1010867629 1626 589
1010867629 1627 589
1010867629 1628 589
1010867629 1629 590
1010867629 1630 590
1010867629 1631 590
1010867629 1632 591
1010867629 1633 591
1010867629 1634 592
1010867629 1635 593
1010867629 1636 593
1010867629 1637 593
1010867629 1638 594
1010867629 1639 594
1010867629 1640 594
1010867629 1641 595
1010867629 1641 595
1010867629 1642 595
1010867629 1643 596
1010867629 1644 596
1010867629 1645 596
1010867629 1646 597
1010867629 1647 597
1010867629 1647 597
1010867629 1648 598
1010867629 1649 598
1010867629 1650 598
1010867629 1651 599
1010867629 1652 599
1010867629 1653 599
1010867629 1654 599
1010867629 1655 600
1010867629 1656 600
1010867629 1657 601
