2241860769 1 3
2241860769 2 3
1545431431.4822 3 4
1545431431.4822 4 4
1545431431.4822 5 4
1545431431.4822 6 5
1545431431.4822 7 5
1545431431.4822 8 5
1545431431.4822 9 6
1545431431.4822 10 6
1545431431.4822 11 6
1545431431.4822 12 7
1545431431.4822 13 8
1545431431.4822 14 8
1218907678.6572 15 9
1218907678.6572 16 9
1218907678.6572 17 9
1218907678.6572 18 10
1218907678.6572 19 10
1218907678.6572 20 10
1218907678.6572 21 11
1218907678.6572 22 11
1218907678.6572 23 11
1218907678.6572 24 11
1218907678.6572 25 12
1218907678.6572 26 12
1218907678.6572 27 13
1218907678.6572 28 13
1218907678.6572 29 13
1218907678.6572 30 13
1218907678.6572 31 14
1218907678.6572 32 14
1218907678.6572 33 15
1218907678.6572 33 15
1218907678.6572 34 15
1218907678.6572 35 16
1218907678.6572 36 16
1218907678.6572 37 16
1218907678.6572 38 16
1218907678.6572 39 17
1218907678.6572 40 17
1218907678.6572 41 17
1218907678.6572 42 17
1218907678.6572 43 18
1218907678.6572 44 18
1218907678.6572 44 18
1218907678.6572 45 18
1218907678.6572 45 18
1218907678.6572 46 19
1218907678.6572 47 19
1218907678.6572 48 19
1218907678.6572 49 20
1218907678.6572 50 20
1218907678.6572 50 20
1218907678.6572 51 20
1218907678.6572 51 20
1218907678.6572 51 20
1218907678.6572 51 20
1218907678.6572 52 21
1218907678.6572 53 21
1218907678.6572 54 22
1218907678.6572 55 22
1218907678.6572 56 23
1218907678.6572 57 23
1218907678.6572 58 23
1218907678.6572 59 23
1218907678.6572 60 24
1218907678.6572 61 24
1218907678.6572 62 24
1179053775 63 25
1179053775 64 25
1179053775 65 26
1179053775 66 26
1179053775 67 26
1179053775 68 27
1179053775 69 27
1179053775 69 27
1179053775 70 27
1179053775 71 27
1179053775 71 27
1179053775 72 28
1179053775 73 28
1179053775 74 29
1179053775 75 29
1179053775 76 30
1179053775 77 30
1179053775 78 30
1179053775 79 31
1179053775 80 31
1179053775 81 31
1179053775 82 31
1179053775 83 32
1179053775 84 32
1179053775 85 32
1179053775 85 32
1179053775 86 32
1179053775 87 33
1179053775 87 33
1179053775 87 33
1179053775 87 33
1179053775 87 33
1179053775 88 33
1179053775 89 34
1179053775 89 34
1179053775 90 34
1179053775 91 34
1179053775 92 35
1179053775 93 35
1179053775 94 35
1179053775 95 36
1179053775 96 36
1179053775 97 36
1179053775 98 37
1179053775 99 37
1179053775 100 37
1179053775 101 37
1179053775 101 37
1179053775 102 38
1179053775 103 38
1179053775 104 39
1179053775 105 39
1179053775 106 39
1179053775 107 39
1179053775 107 39
1179053775 108 40
1179053775 109 40
1179053775 110 40
1179053775 111 40
1179053775 112 41
1179053775 113 41
1179053775 114 42
1179053775 115 43
1179053775 116 43
1179053775 117 43
1179053775 118 43
1179053775 119 44
1179053775 120 44
1179053775 121 44
1179053775 122 45
1179053775 123 45
1179053775 124 46
1179053775 125 46
1179053775 126 47
1179053775 127 47
1179053775 128 47
1179053775 129 48
1179053775 130 48
1179053775 131 48
1179053775 132 48
1179053775 133 49
1179053775 134 49
1179053775 135 50
1179053775 136 50
1179053775 137 51
1179053775 138 51
1179053775 139 51
1179053775 140 52
1179053775 141 52
1179053775 142 52
1179053775 143 52
1179053775 144 53
1179053775 144 53
1179053775 145 53
1148301240 146 54
1148301240 147 54
1148301240 148 54
1148301240 149 55
1148301240 150 55
1148301240 151 55
1148301240 152 56
1148301240 153 56
1148301240 154 56
1148301240 155 56
1148301240 156 57
1148301240 157 57
1148301240 158 58
1148301240 159 59
1148301240 160 59
1148301240 161 59
1148301240 162 60
1148301240 162 60
1148301240 163 60
1148301240 164 60
1148301240 164 60
1148301240 165 61
1148301240 165 61
1148301240 166 61
1148301240 167 61
1148301240 168 61
1148301240 169 62
1148301240 170 62
1148301240 170 62
1148301240 171 62
1148301240 172 62
1148301240 173 63
1148301240 174 63
1148301240 175 63
1148301240 176 64
1148301240 177 64
1148301240 178 64
1148301240 178 64
1148301240 179 64
1148301240 179 64
1148301240 180 65
1148301240 181 65
1148301240 181 65
1148301240 182 65
1148301240 183 66
1148301240 184 66
1148301240 185 67
1148301240 186 67
1148301240 187 67
1148301240 188 67
1148301240 189 68
1148301240 190 68
1148301240 191 69
1148301240 192 69
1148301240 193 69
1148301240 194 69
1148301240 195 70
1148301240 196 71
1148301240 196 71
1148301240 197 72
1148301240 198 72
1148301240 199 72
1148301240 200 72
1148301240 200 72
1148301240 200 72
1148301240 200 72
1148301240 201 73
1148301240 202 73
1148301240 203 73
1148301240 204 73
1148301240 205 74
1148301240 206 74
1148301240 207 75
1148301240 208 75
1148301240 209 75
1148301240 209 75
1148301240 210 75
1148301240 211 76
1148301240 212 76
1148301240 213 76
1148301240 213 76
1148301240 213 76
1148301240 214 77
1148301240 215 77
1148301240 216 77
1148301240 217 77
1148301240 218 77
1148301240 219 78
1148301240 220 78
1148301240 221 78
1148301240 221 78
1148301240 222 79
1148301240 223 79
1148301240 224 80
1148301240 225 81
1148301240 226 81
1148301240 227 82
1148301240 228 82
1148301240 229 83
1148301240 230 83
1148301240 231 84
1148301240 232 84
1148301240 233 84
1148301240 234 85
1148301240 234 85
1148301240 235 85
1148301240 235 85
1148301240 235 85
1148301240 236 85
1148301240 237 86
1148301240 238 86
974765437 239 86
974765437 240 87
974765437 241 87
974765437 242 87
974765437 243 88
974765437 244 88
974765437 245 88
974765437 246 89
974765437 246 89
974765437 247 89
974765437 248 90
974765437 249 90
974765437 250 91
974765437 251 91
974765437 252 92
974765437 253 92
974765437 253 92
974765437 254 92
974765437 255 93
974765437 256 93
974765437 257 94
974765437 257 94
974765437 258 94
974765437 259 94
974765437 260 95
974765437 261 95
974765437 262 95
974765437 263 96
974765437 264 97
974765437 265 97
974765437 266 97
974765437 266 97
974765437 266 97
974765437 267 97
974765437 268 98
974765437 269 98
974765437 270 98
974765437 271 99
974765437 272 99
974765437 273 99
974765437 274 99
974765437 275 100
974765437 276 100
974765437 277 100
974765437 277 100
974765437 278 100
974765437 279 101
974765437 280 101
974765437 281 101
974765437 282 101
974765437 283 102
974765437 284 102
974765437 285 102
974765437 286 103
974765437 287 103
974765437 288 103
974765437 289 103
974765437 290 104
974765437 291 105
974765437 292 105
974765437 293 105
974765437 294 106
974765437 295 106
974765437 296 107
974765437 297 107
974765437 298 107
974765437 299 108
974765437 300 108
974765437 301 109
974765437 302 109
974765437 303 109
974765437 304 110
974765437 305 110
974765437 305 110
974765437 306 110
974765437 307 110
974765437 308 111
974765437 309 111
974765437 310 111
974765437 311 112
974765437 312 112
974765437 313 112
974765437 314 113
974765437 315 114
974765437 316 114
974765437 316 114
974765437 317 114
974765437 318 115
974765437 319 115
974765437 320 115
974765437 320 115
974765437 321 115
974765437 322 116
974765437 323 116
974765437 324 116
974765437 325 117
974765437 326 117
974765437 326 117
974765437 327 117
974765437 327 117
974765437 328 117
974765437 328 117
974765437 329 118
974765437 330 118
974765437 331 118
974765437 332 119
974765437 333 119
974765437 334 119
974765437 335 119
974765437 336 120
974765437 337 120
974765437 338 120
974765437 338 120
974765437 339 121
974765437 340 121
974765437 341 121
974765437 342 122
974765437 343 122
974765437 344 122
974765437 345 123
974765437 346 123
974765437 347 123
974765437 348 124
974765437 349 124
974765437 350 125
974765437 351 125
974765437 352 125
974765437 353 126
974765437 354 126
974765437 355 126
974765437 356 127
974765437 357 127
974765437 357 127
974765437 358 127
974765437 359 128
974765437 359 128
974765437 360 128
974765437 361 128
974765437 362 129
974765437 362 129
974765437 363 129
974765437 364 130
974765437 365 130
974765437 366 131
974765437 367 131
974765437 368 131
974765437 369 132
974765437 370 132
974765437 371 132
974765437 371 132
974765437 372 132
974765437 373 133
974765437 374 133
974765437 375 133
974765437 376 134
974765437 377 134
974765437 378 134
974765437 379 135
974765437 380 135
974765437 381 135
974765437 382 136
974765437 382 136
974765437 383 137
974765437 384 137
974765437 384 137
974765437 385 137
974765437 386 138
974765437 387 138
974765437 388 139
974765437 389 139
974765437 390 139
974765437 391 140
974765437 392 141
974765437 393 141
974765437 394 141
974765437 395 142
974765437 396 142
974765437 396 142
974765437 397 142
974765437 398 142
974765437 399 143
974765437 400 143
974765437 401 144
974765437 402 144
974765437 403 144
974765437 403 144
974765437 404 144
974765437 405 145
974765437 406 145
974765437 406 145
974765437 407 145
974765437 408 146
974765437 409 146
974765437 410 146
974765437 411 147
974765437 412 147
974765437 413 147
974765437 414 147
974765437 415 148
974765437 416 148
974765437 417 148
974765437 418 148
974765437 418 148
974765437 419 149
974765437 420 149
974765437 421 149
974765437 421 149
974765437 421 149
974765437 422 149
974765437 422 149
974765437 423 150
974765437 424 151
974765437 425 152
974765437 425 152
974765437 426 152
974765437 427 152
974765437 428 152
974765437 429 153
974765437 430 153
974765437 431 153
974765437 432 154
974765437 433 154
974765437 433 154
974765437 434 154
974765437 435 155
974765437 436 155
974765437 437 155
974765437 438 156
974765437 439 156
974765437 440 156
974765437 440 156
974765437 441 156
974765437 441 156
974765437 442 157
974765437 443 157
974765437 444 157
974765437 445 157
974765437 446 158
974765437 447 158
974765437 448 158
974765437 449 159
974765437 450 159
974765437 451 159
974765437 452 160
974765437 453 161
974765437 454 161
974765437 455 161
974765437 456 162
974765437 457 162
974765437 458 162
974765437 459 163
974765437 460 163
974765437 461 163
974765437 462 164
974765437 463 164
974765437 463 164
974765437 464 164
974765437 465 165
974765437 466 166
974765437 467 166
974765437 468 166
974765437 469 167
974765437 470 167
974765437 471 167
974765437 472 167
974765437 473 168
974765437 474 168
974765437 475 169
974765437 476 169
974765437 477 169
974765437 478 170
974765437 479 170
974765437 480 170
974765437 481 171
974765437 482 171
974765437 483 171
974765437 484 172
974765437 485 172
974765437 486 172
974765437 487 173
974765437 488 173
974765437 489 173
974765437 490 173
974765437 491 174
974765437 492 174
974765437 493 175
974765437 494 175
974765437 494 175
974765437 494 175
974765437 494 175
974765437 495 175
974765437 496 175
974765437 496 175
974765437 497 177
974765437 498 177
974765437 499 177
974765437 500 177
974765437 501 178
974765437 502 178
974765437 503 178
974765437 504 179
974765437 505 179
974765437 506 179
974765437 506 179
974765437 507 179
974765437 508 180
974765437 509 180
974765437 510 180
974765437 511 180
974765437 512 181
974765437 513 181
974765437 514 181
974765437 515 182
974765437 516 182
974765437 516 182
974765437 517 182
974765437 518 183
974765437 519 184
974765437 520 184
974765437 520 184
974765437 521 185
974765437 522 185
974765437 523 185
974765437 524 186
863127194 525 186
863127194 526 186
863127194 527 187
863127194 528 187
863127194 528 187
863127194 529 187
863127194 530 189
863127194 531 189
863127194 532 189
863127194 533 190
863127194 534 190
863127194 535 190
863127194 536 191
863127194 537 191
863127194 538 192
863127194 538 192
863127194 539 192
863127194 540 192
863127194 541 193
863127194 542 193
863127194 543 193
863127194 544 194
863127194 545 194
863127194 546 194
863127194 546 194
863127194 547 195
863127194 548 195
863127194 549 196
863127194 550 196
863127194 551 196
863127194 552 197
863127194 553 197
863127194 554 198
863127194 554 198
863127194 555 198
863127194 556 198
863127194 557 199
863127194 558 199
863127194 559 199
863127194 560 199
863127194 560 200
863127194 561 200
863127194 562 200
863127194 563 200
863127194 564 201
863127194 565 201
863127194 566 201
863127194 567 203
863127194 568 203
863127194 569 203
863127194 570 203
863127194 571 203
863127194 572 204
863127194 573 204
863127194 574 204
863127194 575 204
863127194 576 205
863127194 577 205
863127194 577 205
863127194 578 205
863127194 579 206
863127194 580 206
863127194 581 206
863127194 582 206
863127194 583 207
863127194 584 207
863127194 585 207
863127194 586 208
863127194 587 209
863127194 588 209
863127194 589 209
863127194 590 210
863127194 591 210
863127194 592 211
863127194 593 212
863127194 594 212
863127194 595 212
863127194 596 212
863127194 597 213
863127194 598 213
863127194 599 213
863127194 600 213
863127194 601 214
863127194 602 214
863127194 603 214
863127194 604 215
863127194 605 215
863127194 606 215
863127194 606 215
863127194 607 216
863127194 608 216
863127194 609 217
863127194 610 217
863127194 610 217
863127194 611 218
863127194 612 218
863127194 613 218
863127194 614 219
863127194 615 219
863127194 616 219
863127194 617 219
863127194 617 219
863127194 618 220
863127194 619 220
863127194 620 221
863127194 621 221
863127194 621 221
863127194 622 221
863127194 623 221
863127194 624 222
863127194 625 223
863127194 626 223
863127194 626 223
863127194 627 223
863127194 627 223
863127194 628 223
863127194 629 224
863127194 630 224
863127194 631 224
863127194 632 224
863127194 632 224
863127194 633 225
863127194 633 225
863127194 634 225
863127194 635 225
863127194 636 226
863127194 637 226
863127194 638 226
863127194 639 227
863127194 640 227
863127194 640 227
863127194 641 227
863127194 642 228
863127194 643 228
863127194 643 228
863127194 644 228
863127194 645 228
863127194 646 229
863127194 646 229
863127194 647 229
863127194 648 229
863127194 649 230
863127194 650 230
863127194 651 231
863127194 652 231
863127194 653 232
863127194 653 232
863127194 653 232
863127194 653 232
863127194 654 232
863127194 655 232
863127194 656 232
863127194 657 233
863127194 657 233
863127194 658 233
863127194 659 233
863127194 660 234
863127194 661 234
863127194 662 235
863127194 663 236
863127194 664 237
863127194 665 237
863127194 666 238
863127194 667 238
863127194 668 238
863127194 669 238
863127194 670 239
863127194 671 239
863127194 672 240
863127194 673 240
863127194 674 241
863127194 675 241
863127194 676 241
863127194 677 242
863127194 678 242
863127194 679 242
863127194 680 242
863127194 681 243
863127194 681 243
863127194 682 243
863127194 683 243
863127194 684 243
863127194 684 243
863127194 685 244
863127194 686 244
863127194 687 244
863127194 688 245
863127194 689 246
863127194 690 247
863127194 691 247
863127194 692 247
863127194 693 248
863127194 694 248
863127194 695 248
863127194 696 249
863127194 697 249
863127194 698 249
863127194 698 249
863127194 699 249
863127194 700 250
863127194 701 251
863127194 702 251
863127194 703 251
863127194 703 251
863127194 704 252
863127194 704 252
863127194 705 252
863127194 706 252
863127194 707 253
863127194 708 253
863127194 709 253
863127194 710 253
863127194 711 254
863127194 712 254
863127194 713 254
863127194 713 254
863127194 713 254
863127194 714 255
863127194 715 255
863127194 716 255
863127194 717 256
863127194 718 256
863127194 719 256
863127194 720 257
863127194 720 257
863127194 721 257
863127194 722 257
863127194 723 258
863127194 724 258
863127194 725 258
863127194 726 259
863127194 727 259
863127194 728 259
863127194 729 260
863127194 730 260
863127194 731 261
863127194 732 261
863127194 733 262
863127194 734 262
863127194 735 262
863127194 735 262
863127194 736 262
863127194 737 263
863127194 738 263
863127194 739 264
863127194 740 264
863127194 741 264
863127194 742 265
863127194 743 266
863127194 744 266
863127194 745 266
863127194 745 266
863127194 746 266
863127194 746 266
863127194 747 267
863127194 747 267
863127194 748 267
863127194 749 268
863127194 750 269
863127194 751 269
863127194 752 269
863127194 753 269
863127194 754 270
863127194 755 270
863127194 756 271
863127194 757 271
863127194 758 271
863127194 759 271
863127194 759 272
863127194 759 272
863127194 760 272
863127194 761 272
863127194 762 273
863127194 762 273
863127194 763 273
863127194 764 273
863127194 765 274
863127194 766 274
863127194 767 274
863127194 768 275
863127194 769 275
863127194 770 275
863127194 771 275
863127194 772 276
863127194 772 276
863127194 773 277
863127194 774 277
863127194 775 277
863127194 776 277
863127194 777 277
863127194 778 278
863127194 779 279
863127194 780 279
863127194 781 280
863127194 782 280
863127194 782 280
863127194 783 280
863127194 783 280
863127194 784 280
863127194 785 281
863127194 786 281
863127194 787 281
863127194 787 281
863127194 788 281
863127194 789 282
863127194 790 282
863127194 791 282
863127194 792 282
863127194 793 283
863127194 794 283
863127194 795 283
863127194 796 284
863127194 797 285
863127194 798 285
863127194 798 285
863127194 799 285
863127194 800 285
863127194 801 286
863127194 802 286
863127194 803 286
863127194 804 287
863127194 805 287
863127194 806 287
863127194 807 288
863127194 808 288
863127194 809 289
863127194 810 289
863127194 811 290
863127194 812 291
863127194 813 291
863127194 814 291
863127194 815 291
863127194 816 292
863127194 817 293
863127194 818 293
863127194 819 294
863127194 820 294
863127194 821 294
863127194 822 295
863127194 823 295
863127194 824 296
863127194 825 296
863127194 825 296
863127194 826 297
863127194 827 297
863127194 828 298
863127194 829 298
863127194 830 298
863127194 831 299
863127194 832 299
863127194 833 300
863127194 834 300
863127194 835 301
863127194 835 301
863127194 836 302
863127194 837 303
863127194 837 303
863127194 838 303
863127194 838 303
863127194 839 303
863127194 840 304
863127194 841 304
863127194 842 304
863127194 843 304
863127194 844 305
863127194 845 305
863127194 846 305
863127194 847 306
863127194 848 306
863127194 848 306
863127194 849 306
863127194 850 307
863127194 851 307
863127194 852 307
863127194 853 308
863127194 854 308
863127194 855 309
863127194 856 309
863127194 857 309
863127194 858 309
863127194 859 310
863127194 860 310
863127194 861 311
863127194 862 313
863127194 863 314
863127194 864 314
863127194 865 314
863127194 866 315
863127194 867 315
863127194 868 315
863127194 868 315
863127194 869 316
863127194 870 316
863127194 871 316
863127194 872 317
863127194 873 317
863127194 873 317
863127194 873 317
863127194 874 317
863127194 875 317
863127194 876 318
863127194 877 318
863127194 878 319
863127194 878 319
863127194 879 319
863127194 880 319
863127194 881 319
863127194 882 320
863127194 882 320
863127194 883 320
863127194 884 320
863127194 885 321
863127194 886 321
863127194 887 321
863127194 888 321
863127194 889 322
863127194 890 322
863127194 891 322
863127194 891 322
863127194 892 322
863127194 893 323
863127194 894 324
863127194 895 324
863127194 895 324
863127194 896 324
863127194 897 325
863127194 898 325
863127194 899 326
863127194 900 326
863127194 901 326
863127194 902 326
863127194 903 327
863127194 904 327
863127194 905 328
863127194 906 328
863127194 907 329
863127194 908 329
863127194 909 329
863127194 910 329
863127194 911 330
863127194 912 331
863127194 913 332
863127194 914 332
863127194 915 332
863127194 915 332
863127194 916 333
863127194 917 333
863127194 918 334
863127194 919 334
863127194 920 335
863127194 921 335
863127194 922 335
863127194 923 335
863127194 924 336
863127194 925 336
863127194 926 337
863127194 927 337
863127194 928 337
863127194 928 337
863127194 929 337
863127194 930 338
863127194 931 338
863127194 931 338
863127194 932 339
863127194 933 339
863127194 934 339
863127194 935 340
863127194 936 340
863127194 937 340
863127194 938 340
863127194 939 341
863127194 940 341
863127194 941 341
863127194 942 341
863127194 943 342
863127194 944 342
863127194 945 342
863127194 946 343
863127194 947 344
863127194 948 345
863127194 949 345
863127194 950 345
863127194 951 346
863127194 952 346
863127194 953 346
863127194 954 347
863127194 954 347
863127194 955 347
863127194 956 347
863127194 957 348
863127194 957 348
863127194 958 348
863127194 959 348
863127194 959 348
863127194 960 348
863127194 961 348
863127194 962 349
863127194 963 349
863127194 964 349
863127194 965 350
863127194 966 350
863127194 967 350
863127194 968 350
863127194 968 350
863127194 969 351
863127194 970 351
863127194 970 351
863127194 970 351
863127194 971 351
863127194 971 351
863127194 972 352
863127194 973 352
863127194 974 352
863127194 975 353
863127194 976 353
863127194 976 353
863127194 977 353
863127194 978 354
863127194 979 354
863127194 980 354
863127194 981 355
863127194 982 356
863127194 982 356
863127194 983 356
863127194 984 356
863127194 985 357
863127194 986 357
863127194 987 357
863127194 988 358
863127194 989 358
863127194 990 358
863127194 991 359
863127194 992 359
863127194 993 359
863127194 994 360
863127194 995 360
863127194 996 361
863127194 996 361
863127194 997 361
863127194 998 362
863127194 999 362
863127194 1000 362
863127194 1001 363
863127194 1001 363
863127194 1002 364
863127194 1003 364
863127194 1003 364
863127194 1004 364
863127194 1005 364
863127194 1006 365
863127194 1007 366
863127194 1008 366
863127194 1009 367
863127194 1010 368
863127194 1011 368
863127194 1012 368
863127194 1012 368
863127194 1013 369
863127194 1014 369
863127194 1015 369
863127194 1016 370
863127194 1016 370
863127194 1017 370
863127194 1018 371
863127194 1019 371
863127194 1019 371
863127194 1020 371
863127194 1021 371
863127194 1022 372
863127194 1022 372
863127194 1023 372
863127194 1024 372
863127194 1025 372
863127194 1026 373
863127194 1026 373
863127194 1027 373
863127194 1027 373
863127194 1028 374
863127194 1029 374
863127194 1030 374
863127194 1031 374
863127194 1032 375
863127194 1033 375
863127194 1034 375
863127194 1035 376
863127194 1036 376
863127194 1037 376
863127194 1038 376
863127194 1039 377
863127194 1040 377
863127194 1041 377
863127194 1042 378
863127194 1043 378
863127194 1044 378
863127194 1045 379
863127194 1045 379
863127194 1046 379
863127194 1047 379
863127194 1048 379
863127194 1049 380
863127194 1050 380
863127194 1051 380
863127194 1051 380
863127194 1052 381
863127194 1053 381
863127194 1054 381
863127194 1055 381
863127194 1056 382
863127194 1057 382
863127194 1057 382
863127194 1057 382
863127194 1058 382
863127194 1059 383
863127194 1060 383
863127194 1061 384
863127194 1062 384
863127194 1063 384
863127194 1064 384
863127194 1065 385
863127194 1066 385
863127194 1067 385
863127194 1068 386
863127194 1069 386
863127194 1070 386
863127194 1071 386
863127194 1072 387
863127194 1073 387
863127194 1074 387
863127194 1075 388
863127194 1075 388
863127194 1075 388
863127194 1076 388
863127194 1077 389
863127194 1078 389
863127194 1079 389
863127194 1080 390
863127194 1081 390
863127194 1082 390
863127194 1083 391
863127194 1084 391
863127194 1085 391
863127194 1086 392
863127194 1087 392
863127194 1088 392
863127194 1089 393
863127194 1089 393
863127194 1089 393
863127194 1090 393
863127194 1091 393
863127194 1092 394
863127194 1092 394
863127194 1093 394
863127194 1094 394
863127194 1095 394
863127194 1096 395
863127194 1096 395
863127194 1097 395
863127194 1098 395
863127194 1099 396
863127194 1100 396
863127194 1101 396
863127194 1102 397
863127194 1103 397
863127194 1104 397
863127194 1105 397
863127194 1106 398
863127194 1107 398
863127194 1108 398
863127194 1109 398
863127194 1109 398
863127194 1110 399
863127194 1111 399
863127194 1112 399
863127194 1113 399
863127194 1114 400
863127194 1115 400
863127194 1115 400
863127194 1116 400
863127194 1117 401
863127194 1118 402
863127194 1118 402
863127194 1119 402
863127194 1120 402
863127194 1121 403
863127194 1122 403
863127194 1123 403
863127194 1124 403
863127194 1124 403
863127194 1125 404
863127194 1126 404
863127194 1127 404
863127194 1128 404
863127194 1129 405
863127194 1130 405
863127194 1131 405
863127194 1132 405
863127194 1133 406
863127194 1134 406
863127194 1135 406
863127194 1136 406
863127194 1137 407
863127194 1138 407
863127194 1138 407
863127194 1139 407
863127194 1140 407
863127194 1140 407
863127194 1141 408
863127194 1142 408
863127194 1143 409
863127194 1144 409
863127194 1145 409
863127194 1146 409
863127194 1147 410
863127194 1148 410
863127194 1149 411
863127194 1150 411
863127194 1151 412
863127194 1152 412
863127194 1153 412
863127194 1154 413
863127194 1154 413
863127194 1155 413
863127194 1156 414
863127194 1157 414
863127194 1158 415
863127194 1158 415
863127194 1159 415
863127194 1159 415
863127194 1160 415
863127194 1161 415
863127194 1162 416
863127194 1163 416
863127194 1164 416
863127194 1165 417
863127194 1166 417
863127194 1166 417
863127194 1167 417
863127194 1168 418
863127194 1169 418
863127194 1169 418
863127194 1170 418
863127194 1170 418
863127194 1171 418
863127194 1172 419
863127194 1173 419
863127194 1174 419
863127194 1175 420
863127194 1176 420
863127194 1177 420
863127194 1178 421
863127194 1179 421
863127194 1180 421
863127194 1181 421
863127194 1182 422
863127194 1183 422
863127194 1184 422
863127194 1185 423
863127194 1186 424
863127194 1186 424
863127194 1187 424
863127194 1187 424
863127194 1188 424
863127194 1189 425
863127194 1190 425
863127194 1190 425
863127194 1191 425
863127194 1192 426
863127194 1192 426
863127194 1192 426
863127194 1193 426
863127194 1194 426
863127194 1195 426
863127194 1196 427
863127194 1197 427
863127194 1197 427
863127194 1198 427
863127194 1199 428
863127194 1200 428
863127194 1201 428
863127194 1202 429
863127194 1203 429
863127194 1204 429
863127194 1205 429
863127194 1206 430
863127194 1207 430
863127194 1208 431
863127194 1209 432
863127194 1210 433
863127194 1211 433
863127194 1212 433
863127194 1213 434
863127194 1214 435
863127194 1215 435
863127194 1216 435
863127194 1217 436
863127194 1218 436
863127194 1219 436
863127194 1220 436
863127194 1221 437
863127194 1222 437
863127194 1223 437
863127194 1224 437
863127194 1225 438
863127194 1226 439
863127194 1226 439
863127194 1227 439
863127194 1228 439
863127194 1228 439
863127194 1229 439
863127194 1230 440
863127194 1231 440
863127194 1232 441
863127194 1233 441
863127194 1234 441
863127194 1235 442
863127194 1236 442
863127194 1237 442
863127194 1238 442
863127194 1239 443
863127194 1240 443
863127194 1241 443
863127194 1242 443
863127194 1242 443
863127194 1243 444
863127194 1244 444
863127194 1245 444
863127194 1245 444
863127194 1246 444
863127194 1247 445
863127194 1248 445
863127194 1249 445
863127194 1250 446
863127194 1251 446
863127194 1252 446
863127194 1253 446
863127194 1253 446
863127194 1254 447
863127194 1255 447
863127194 1256 447
863127194 1257 448
863127194 1258 448
863127194 1259 448
863127194 1260 449
863127194 1261 449
863127194 1262 449
863127194 1263 450
863127194 1264 450
863127194 1265 450
863127194 1266 450
863127194 1266 450
863127194 1267 452
863127194 1267 452
863127194 1268 452
863127194 1269 452
863127194 1270 453
863127194 1271 453
863127194 1271 453
863127194 1272 453
863127194 1273 453
863127194 1274 454
863127194 1274 454
863127194 1275 454
863127194 1276 454
863127194 1277 454
863127194 1278 455
863127194 1278 455
863127194 1279 455
863127194 1280 455
863127194 1281 456
863127194 1282 456
863127194 1283 456
863127194 1284 456
863127194 1285 457
863127194 1286 457
863127194 1287 458
863127194 1288 458
863127194 1288 458
863127194 1289 459
863127194 1289 459
863127194 1290 459
863127194 1291 460
863127194 1292 460
863127194 1293 461
863127194 1294 461
863127194 1295 461
863127194 1296 462
863127194 1297 462
863127194 1298 463
863127194 1299 463
863127194 1299 463
863127194 1300 464
863127194 1301 464
863127194 1302 465
863127194 1303 465
863127194 1304 465
863127194 1305 466
863127194 1306 466
863127194 1307 467
863127194 1308 467
863127194 1308 467
863127194 1309 467
863127194 1310 468
863127194 1311 468
863127194 1312 468
863127194 1313 469
863127194 1314 470
863127194 1315 470
863127194 1315 470
863127194 1316 470
863127194 1317 471
863127194 1318 471
863127194 1319 471
863127194 1319 471
863127194 1319 471
863127194 1319 471
863127194 1320 472
863127194 1321 472
863127194 1322 472
863127194 1323 473
863127194 1324 473
863127194 1325 473
863127194 1326 473
863127194 1327 474
863127194 1327 474
863127194 1328 474
863127194 1329 474
863127194 1330 475
863127194 1331 475
863127194 1332 475
863127194 1333 476
863127194 1334 476
863127194 1334 477
863127194 1335 477
863127194 1336 477
863127194 1337 478
863127194 1338 479
863127194 1338 479
863127194 1338 479
863127194 1339 479
863127194 1339 479
863127194 1340 479
863127194 1341 480
863127194 1342 480
863127194 1342 480
863127194 1343 480
863127194 1344 480
863127194 1345 481
863127194 1346 481
863127194 1347 482
863127194 1348 482
863127194 1349 482
863127194 1350 483
863127194 1351 483
863127194 1352 484
863127194 1353 484
863127194 1354 484
863127194 1355 484
863127194 1355 484
863127194 1356 485
863127194 1357 485
863127194 1357 485
863127194 1358 485
863127194 1359 485
863127194 1360 486
863127194 1361 486
863127194 1362 486
863127194 1363 486
863127194 1364 487
863127194 1365 487
863127194 1366 487
863127194 1367 488
863127194 1368 488
863127194 1369 488
863127194 1370 489
863127194 1371 489
863127194 1372 490
863127194 1372 490
863127194 1373 490
863127194 1373 490
863127194 1374 491
863127194 1375 491
863127194 1376 491
863127194 1377 491
863127194 1378 492
863127194 1379 492
863127194 1380 492
863127194 1380 492
863127194 1381 493
863127194 1382 493
863127194 1383 493
863127194 1383 493
863127194 1384 493
863127194 1385 494
863127194 1386 494
863127194 1387 494
863127194 1388 495
863127194 1389 495
863127194 1390 495
863127194 1391 496
863127194 1392 496
863127194 1393 496
863127194 1394 497
863127194 1395 498
863127194 1396 498
863127194 1397 498
863127194 1398 499
863127194 1399 499
863127194 1399 499
863127194 1400 499
863127194 1401 500
863127194 1402 500
863127194 1402 500
863127194 1402 500
863127194 1403 500
863127194 1404 500
863127194 1405 501
863127194 1406 501
863127194 1407 501
863127194 1407 501
863127194 1407 501
863127194 1408 502
863127194 1408 502
863127194 1409 502
863127194 1410 502
863127194 1411 502
863127194 1412 503
863127194 1413 503
863127194 1414 503
863127194 1414 503
863127194 1415 504
863127194 1416 504
863127194 1417 504
863127194 1418 504
863127194 1418 504
863127194 1419 505
863127194 1420 505
863127194 1421 505
863127194 1421 505
863127194 1421 505
863127194 1422 506
863127194 1423 506
863127194 1424 507
863127194 1425 507
863127194 1426 507
863127194 1427 508
863127194 1428 508
863127194 1429 508
863127194 1430 509
863127194 1431 510
863127194 1432 510
863127194 1433 510
863127194 1433 510
863127194 1434 511
863127194 1435 511
863127194 1436 511
863127194 1437 512
863127194 1438 512
863127194 1439 512
863127194 1440 512
863127194 1441 513
863127194 1442 513
863127194 1443 513
863127194 1444 514
863127194 1445 514
863127194 1446 514
863127194 1447 515
863127194 1448 515
863127194 1449 515
863127194 1449 515
863127194 1450 515
863127194 1451 516
863127194 1451 516
863127194 1452 516
863127194 1453 516
863127194 1453 516
863127194 1453 516
863127194 1454 517
863127194 1455 517
863127194 1456 518
863127194 1457 518
863127194 1457 518
863127194 1458 519
863127194 1459 519
863127194 1460 519
863127194 1461 519
863127194 1462 520
863127194 1463 520
863127194 1464 520
863127194 1464 520
863127194 1465 521
863127194 1465 521
863127194 1466 521
863127194 1467 521
863127194 1468 522
863127194 1469 523
863127194 1470 523
863127194 1471 523
863127194 1472 524
863127194 1473 524
863127194 1474 524
863127194 1475 524
863127194 1476 525
863127194 1477 526
863127194 1478 527
863127194 1479 527
863127194 1480 527
863127194 1481 528
863127194 1482 528
863127194 1483 529
863127194 1484 530
863127194 1485 530
863127194 1486 531
863127194 1487 531
863127194 1488 531
863127194 1489 532
863127194 1490 532
863127194 1491 532
863127194 1492 533
863127194 1493 533
863127194 1493 533
863127194 1494 534
863127194 1495 535
863127194 1496 536
863127194 1496 536
863127194 1497 536
863127194 1498 536
863127194 1499 537
863127194 1499 537
863127194 1500 537
863127194 1501 537
863127194 1502 538
863127194 1503 538
863127194 1504 538
863127194 1504 539
863127194 1505 539
863127194 1506 539
863127194 1507 540
863127194 1508 540
863127194 1509 540
863127194 1509 540
863127194 1510 541
863127194 1511 541
863127194 1511 541
863127194 1512 541
863127194 1513 541
863127194 1514 542
863127194 1515 542
863127194 1516 543
863127194 1517 543
863127194 1518 543
863127194 1519 544
863127194 1520 545
863127194 1521 545
863127194 1521 545
863127194 1522 546
863127194 1523 546
863127194 1524 546
863127194 1525 546
863127194 1526 547
863127194 1527 547
863127194 1528 547
863127194 1529 548
863127194 1529 548
863127194 1530 548
863127194 1531 548
863127194 1532 548
863127194 1532 548
863127194 1533 549
863127194 1533 549
863127194 1534 549
863127194 1535 549
863127194 1535 549
863127194 1536 550
863127194 1537 550
863127194 1538 550
863127194 1539 551
863127194 1540 551
863127194 1541 551
863127194 1542 552
863127194 1543 552
863127194 1544 553
863127194 1545 553
863127194 1546 554
863127194 1547 554
863127194 1548 554
863127194 1549 555
863127194 1550 555
863127194 1551 555
863127194 1551 555
863127194 1552 556
863127194 1553 557
863127194 1554 557
863127194 1555 557
863127194 1556 558
863127194 1557 558
863127194 1558 558
863127194 1559 558
863127194 1560 559
863127194 1561 559
863127194 1562 559
863127194 1563 560
863127194 1564 560
863127194 1565 560
863127194 1566 560
863127194 1567 561
863127194 1568 561
863127194 1569 562
863127194 1569 562
863127194 1570 562
863127194 1571 562
863127194 1572 563
863127194 1573 563
863127194 1573 563
863127194 1574 563
863127194 1575 563
863127194 1576 564
863127194 1577 564
863127194 1578 565
863127194 1579 565
863127194 1580 565
863127194 1581 565
863127194 1582 566
863127194 1582 566
863127194 1583 566
863127194 1584 566
863127194 1585 567
863127194 1586 567
863127194 1587 567
863127194 1588 567
863127194 1589 568
863127194 1590 568
863127194 1591 568
863127194 1591 568
863127194 1592 569
863127194 1593 569
863127194 1594 569
863127194 1594 569
863127194 1595 570
863127194 1596 570
863127194 1597 571
863127194 1598 571
863127194 1599 571
863127194 1600 572
863127194 1601 572
863127194 1601 572
863127194 1602 572
863127194 1603 572
863127194 1603 572
863127194 1604 573
863127194 1605 573
863127194 1606 573
863127194 1607 574
863127194 1608 574
863127194 1609 574
863127194 1610 574
863127194 1611 576
863127194 1612 576
863127194 1613 577
863127194 1614 577
863127194 1615 577
863127194 1616 578
863127194 1617 578
863127194 1618 578
863127194 1619 579
863127194 1620 579
863127194 1621 579
863127194 1622 580
863127194 1623 580
863127194 1624 580
863127194 1625 580
863127194 1625 580
863127194 1626 581
863127194 1627 581
863127194 1628 581
863127194 1629 581
863127194 1630 582
863127194 1631 582
863127194 1632 582
863127194 1633 583
863127194 1634 584
863127194 1635 584
863127194 1636 584
863127194 1637 584
863127194 1638 585
863127194 1638 585
863127194 1638 585
863127194 1639 585
863127194 1640 585
863127194 1641 585
863127194 1642 586
863127194 1643 586
863127194 1644 586
863127194 1645 586
863127194 1646 587
863127194 1647 587
863127194 1648 587
863127194 1648 587
863127194 1648 587
863127194 1649 588
863127194 1650 588
863127194 1650 588
863127194 1651 588
863127194 1652 588
863127194 1653 589
863127194 1654 589
863127194 1655 589
863127194 1656 589
863127194 1656 589
863127194 1657 590
863127194 1658 590
863127194 1659 591
863127194 1660 591
863127194 1660 591
863127194 1660 591
863127194 1661 592
863127194 1662 592
863127194 1663 592
863127194 1664 593
863127194 1665 593
863127194 1666 593
863127194 1667 593
863127194 1667 593
863127194 1668 594
863127194 1669 594
863127194 1670 595
863127194 1670 595
863127194 1671 595
863127194 1672 595
863127194 1673 596
863127194 1674 596
863127194 1675 596
863127194 1676 597
863127194 1676 597
863127194 1677 597
863127194 1678 597
863127194 1679 598
863127194 1680 598
863127194 1680 598
863127194 1681 598
863127194 1681 599
863127194 1681 599
863127194 1682 599
863127194 1683 599
863127194 1684 599
863127194 1685 600
863127194 1686 600
863127194 1687 601
