3718937158 1 3
2899615012.9731 2 3
2874363365 3 3
1710516641 4 3
1710516641 4 3
1661854549 5 4
1568471145 6 4
1568471145 7 4
1568471145 8 4
1568471145 8 4
1568471145 9 5
1568471145 10 5
1568471145 11 6
1522890693 12 6
1522890693 13 6
1522890693 13 6
1522890693 13 6
1522890693 14 7
1522890693 15 7
1522890693 16 7
1522890693 17 7
1522890693 17 8
1522890693 18 8
1522890693 19 9
1522890693 20 9
1522890693 21 10
1522890693 22 11
1522890693 23 11
1522890693 24 11
1522890693 25 11
1522890693 26 12
1522890693 27 12
1522890693 28 12
1522890693 29 13
1522890693 30 13
1522890693 31 13
1522890693 32 13
1522890693 33 14
1522890693 34 14
1522890693 35 15
1522890693 36 15
1522890693 37 15
1522890693 38 16
1522890693 39 16
1522890693 40 16
1522890693 40 16
1522890693 41 17
1522890693 42 18
1522890693 43 18
1522890693 44 18
1522890693 45 19
1522890693 46 19
1138707815 47 19
1138707815 48 19
1138707815 49 20
1138707815 50 20
1138707815 51 20
1138707815 52 21
1138707815 53 21
1138707815 54 21
1138707815 55 22
1138707815 56 22
1138707815 57 22
1138707815 58 23
1138707815 59 23
1138707815 60 23
1138707815 61 24
1138707815 62 24
1138707815 62 24
1138707815 62 24
1138707815 63 24
1138707815 64 24
1138707815 65 25
1138707815 66 25
1138707815 66 25
1138707815 66 25
1138707815 67 26
1138707815 68 26
1138707815 68 26
1138707815 69 26
1138707815 70 26
1138707815 71 27
1138707815 72 27
1138707815 73 27
1138707815 74 27
1138707815 75 28
1138707815 75 28
1138707815 76 28
1138707815 77 28
1138707815 78 29
1138707815 79 29
1138707815 80 29
1138707815 81 30
1138707815 82 30
1138707815 83 31
1138707815 83 31
1138707815 84 31
1138707815 85 32
1138707815 86 32
1138707815 87 32
1138707815 88 33
1138707815 89 33
1138707815 90 33
1138707815 91 33
1138707815 92 34
1138707815 93 35
1138707815 94 35
1138707815 95 35
1138707815 96 36
1138707815 97 36
1138707815 98 36
1138707815 99 36
1138707815 100 37
1138707815 100 37
1138707815 101 37
1138707815 102 37
1138707815 103 38
1138707815 104 38
1138707815 105 38
1138707815 106 39
1138707815 107 39
1138707815 108 40
1138707815 109 40
1138707815 110 40
1138707815 111 40
1138707815 112 41
1138707815 113 41
1138707815 114 41
1138707815 115 42
1138707815 116 42
1138707815 117 43
1138707815 117 43
1138707815 118 43
1138707815 119 44
1138707815 120 44
1138707815 121 44
1138707815 122 45
1138707815 122 45
1138707815 123 45
1138707815 124 46
1138707815 124 46
1138707815 125 46
1138707815 126 46
1138707815 127 47
1138707815 128 47
1138707815 129 47
1138707815 130 48
1138707815 131 48
1138707815 132 48
1138707815 133 49
1138707815 134 49
1138707815 135 50
1138707815 136 50
1138707815 137 50
1138707815 137 50
1138707815 138 51
1138707815 139 51
1138707815 140 51
1138707815 141 51
1138707815 142 52
1138707815 143 52
1138707815 144 52
1138707815 145 53
1138707815 146 53
1138707815 147 53
1138707815 148 54
1138707815 149 54
1138707815 150 54
1138707815 151 55
1138707815 152 55
1138707815 153 55
1138707815 153 55
1138707815 154 55
1138707815 155 56
1138707815 155 56
1138707815 156 56
1138707815 157 56
1138707815 157 56
1138707815 157 56
1138707815 158 57
1138707815 159 57
1138707815 160 57
1138707815 161 58
1138707815 161 58
1138707815 162 59
1138707815 163 59
1138707815 164 59
1138707815 165 60
1138707815 165 60
1138707815 166 60
1138707815 166 60
1138707815 167 60
1138707815 168 61
1138707815 169 61
1138707815 170 61
1138707815 171 62
1138707815 172 62
1138707815 173 62
1138707815 174 63
1138707815 175 63
1138707815 176 63
1138707815 177 64
1138707815 178 64
1138707815 179 65
1138707815 180 65
1138707815 181 65
1138707815 182 65
1138707815 183 66
1138707815 183 66
1138707815 184 66
1138707815 185 66
1138707815 186 67
1138707815 187 67
1138707815 188 67
1138707815 189 68
1138707815 190 68
1138707815 191 68
1138707815 192 68
1138707815 193 69
1138707815 194 69
1138707815 194 69
1138707815 195 70
1138707815 196 70
1138707815 197 70
1138707815 197 70
1138707815 198 70
1138707815 199 71
1138707815 200 71
1138707815 201 72
1138707815 202 72
1138707815 202 72
1138707815 203 73
1138707815 204 74
1138707815 205 74
1138707815 206 74
1138707815 207 75
1138707815 208 75
1138707815 209 75
1138707815 210 75
1138707815 211 76
1138707815 212 76
1138707815 212 76
1138707815 213 76
1138707815 214 77
1138707815 215 77
1138707815 216 77
1138707815 216 77
1138707815 217 78
1138707815 218 78
1138707815 219 78
1138707815 220 79
1138707815 221 79
1138707815 222 79
1138707815 223 80
1138707815 224 80
1138707815 225 80
1138707815 225 80
1138707815 226 80
1138707815 227 81
1138707815 228 81
1138707815 229 81
1138707815 230 82
1138707815 231 82
1138707815 232 82
1138707815 232 82
1138707815 233 82
1138707815 234 83
1138707815 234 83
1138707815 235 83
1138707815 235 83
1138707815 236 83
1138707815 237 84
1138707815 237 84
1138707815 237 84
1138707815 238 84
1138707815 239 84
1138707815 240 85
1138707815 241 85
1138707815 242 86
1138707815 243 86
1138707815 244 86
1138707815 245 86
1138707815 246 87
1138707815 247 87
1138707815 248 87
1138707815 248 87
1138707815 249 88
1138707815 250 88
1138707815 251 89
1138707815 252 89
1138707815 253 89
1138707815 254 89
1138707815 255 90
1138707815 256 90
1138707815 257 90
1138707815 258 91
1138707815 259 91
1138707815 260 91
1138707815 261 92
1138707815 262 93
1138707815 263 93
1138707815 264 93
1138707815 265 94
1138707815 266 94
1138707815 266 94
1138707815 267 94
1138707815 268 94
1138707815 269 95
1138707815 270 95
1138707815 271 95
1138707815 272 96
1138707815 273 96
1138707815 274 96
1138707815 275 97
1138707815 276 97
1138707815 277 97
1138707815 277 97
1138707815 278 98
1138707815 279 98
1138707815 280 98
1138707815 281 99
1138707815 282 99
1138707815 283 99
1138707815 284 100
1138707815 285 100
1138707815 286 100
1138707815 287 100
1138707815 288 101
1138707815 288 101
1138707815 288 101
1138707815 289 101
1138707815 289 101
1138707815 290 101
1138707815 291 102
1138707815 292 102
1138707815 293 102
1138707815 294 102
1138707815 294 102
1138707815 295 103
1138707815 296 103
1138707815 297 104
1138707815 297 104
1138707815 298 104
1138707815 299 104
1138707815 300 105
1138707815 301 105
1138707815 301 105
1138707815 302 105
1138707815 303 105
1138707815 304 106
1138707815 305 106
1138707815 306 106
1138707815 307 106
1138707815 308 107
1138707815 309 108
1138707815 310 108
1138707815 311 108
1138707815 312 108
1138707815 313 109
1138707815 314 109
1138707815 315 109
1138707815 316 109
1138707815 317 110
1138707815 317 110
1138707815 318 111
1138707815 319 111
1138707815 320 111
1138707815 321 111
1138707815 322 112
1138707815 323 112
1138707815 323 112
1138707815 324 112
1138707815 325 112
1138707815 326 113
1138707815 327 113
1138707815 328 114
1138707815 329 114
1138707815 330 115
1138707815 331 115
1138707815 332 115
1138707815 333 116
1138707815 334 117
1138707815 335 118
1138707815 336 118
1138707815 337 118
1138707815 338 118
1138707815 339 119
1138707815 340 119
1138707815 341 119
1138707815 342 119
1138707815 343 120
1138707815 344 120
1138707815 345 120
1138707815 346 121
1138707815 347 121
1138707815 348 121
1138707815 349 121
1138707815 350 122
1138707815 351 122
1138707815 352 122
1138707815 353 123
1138707815 353 123
1138707815 353 123
1138707815 353 123
1138707815 354 123
1138707815 355 123
1138707815 355 123
1138707815 356 124
1138707815 357 124
1138707815 357 124
1138707815 358 124
1138707815 359 125
1138707815 360 125
1138707815 361 125
1138707815 362 125
1138707815 363 127
1138707815 364 127
1138707815 365 127
1138707815 366 127
1138707815 367 128
1138707815 368 128
1138707815 368 128
1138707815 369 128
1138707815 370 128
1138707815 371 129
1138707815 372 129
1138707815 373 129
1138707815 374 130
1138707815 375 130
1138707815 376 130
1138707815 377 130
1138707815 377 130
1138707815 378 131
1138707815 379 131
1138707815 380 131
1138707815 381 132
1138707815 382 132
1138707815 383 132
1138707815 384 133
1138707815 385 133
1138707815 386 133
1138707815 387 134
1138707815 388 134
1138707815 389 134
1138707815 390 135
1138707815 391 136
1138707815 392 136
1138707815 393 136
1138707815 394 137
1138707815 395 137
1138707815 396 137
1138707815 397 137
1138707815 398 138
1138707815 399 138
1138707815 400 138
1138707815 401 138
1138707815 402 139
1138707815 403 139
1138707815 404 139
1138707815 405 140
1138707815 406 140
1138707815 407 141
1138707815 408 141
1138707815 409 141
1138707815 410 141
1138707815 411 142
1138707815 412 142
1138707815 413 142
1138707815 414 142
1138707815 415 143
1138707815 416 143
1138707815 417 143
1138707815 418 144
1138707815 419 144
1138707815 420 144
1138707815 421 145
1138707815 422 145
1138707815 423 145
1138707815 424 146
1138707815 425 146
1138707815 426 146
1138707815 427 146
1138707815 428 147
1138707815 429 148
1138707815 430 148
1138707815 431 149
1138707815 432 149
1138707815 433 150
1138707815 434 150
1138707815 435 150
1138707815 436 150
1138707815 437 151
1138707815 438 151
1138707815 439 151
1138707815 440 152
1138707815 441 152
1138707815 442 152
1138707815 443 153
1138707815 444 153
1138707815 445 154
1138707815 446 154
1138707815 447 154
1138707815 448 155
1138707815 448 155
1138707815 449 155
1138707815 449 155
1138707815 450 155
1138707815 451 156
1138707815 451 156
1138707815 452 156
1138707815 453 156
1138707815 454 157
1138707815 455 157
1138707815 455 157
1138707815 456 157
1138707815 457 157
1138707815 458 158
1138707815 459 158
1138707815 459 158
1138707815 460 158
1138707815 461 159
1138707815 462 159
1138707815 462 159
1138707815 463 159
1138707815 464 159
1138707815 465 160
1138707815 465 160
1138707815 466 160
1138707815 466 160
1138707815 467 160
1138707815 468 161
1138707815 468 161
1138707815 468 161
1138707815 469 161
1138707815 470 161
1138707815 471 161
1138707815 472 162
1138707815 473 162
1138707815 474 162
1138707815 475 163
1138707815 476 163
1138707815 477 163
1138707815 478 164
1138707815 479 165
1138707815 480 166
1138707815 480 166
1138707815 481 166
1138707815 481 166
1138707815 482 166
1138707815 482 166
1138707815 483 166
1138707815 484 167
1138707815 485 167
1138707815 486 168
1138707815 487 168
1138707815 488 168
1138707815 489 168
1138707815 490 169
1138707815 491 169
1138707815 492 169
1138707815 493 169
1138707815 494 170
1138707815 495 170
1138707815 496 170
1138707815 497 171
1138707815 498 171
1138707815 499 171
1138707815 500 172
1138707815 501 172
1138707815 502 172
1076896110 503 173
1076896110 504 173
1076896110 505 173
1076896110 506 174
1076896110 507 174
1076896110 507 174
1076896110 508 174
1076896110 509 175
1076896110 510 175
1076896110 510 175
1076896110 511 175
1076896110 511 175
1076896110 512 176
1076896110 513 177
1076896110 514 177
1076896110 514 177
1076896110 515 177
1076896110 516 177
1076896110 517 178
1076896110 518 178
1076896110 518 178
1076896110 519 178
1076896110 520 179
1076896110 521 179
1076896110 522 179
1076896110 522 179
1076896110 523 179
1076896110 524 180
1076896110 524 180
1076896110 525 180
1076896110 525 180
1076896110 526 180
1076896110 527 180
1076896110 527 180
1076896110 527 180
1076896110 527 180
1076896110 528 181
1076896110 528 181
1076896110 529 181
1076896110 530 181
1076896110 531 182
1076896110 532 182
1076896110 533 182
1076896110 534 183
1076896110 535 183
1076896110 536 184
1076896110 537 184
1076896110 538 184
1076896110 539 185
1076896110 540 185
1076896110 541 186
1076896110 542 187
1076896110 543 187
1076896110 544 187
1076896110 545 187
1076896110 546 188
1076896110 547 188
1076896110 548 188
1076896110 549 189
1076896110 550 190
1076896110 551 190
1076896110 552 191
1076896110 553 191
1076896110 553 191
1076896110 554 192
1076896110 555 192
1076896110 556 192
1076896110 557 192
1076896110 558 193
1076896110 559 193
1076896110 560 193
1076896110 561 194
1076896110 562 194
1076896110 563 194
1076896110 564 194
1076896110 565 195
1076896110 566 195
1076896110 567 195
1076896110 567 195
1076896110 568 196
1076896110 569 196
1076896110 570 196
1076896110 571 196
1076896110 572 197
1076896110 573 197
1076896110 574 197
1076896110 575 197
1076896110 576 198
1076896110 577 198
1076896110 578 198
1076896110 579 199
1076896110 580 199
1076896110 581 199
1076896110 582 200
1076896110 583 201
1076896110 584 202
1076896110 585 202
1076896110 586 202
1076896110 587 202
1076896110 588 203
1076896110 589 203
1076896110 590 203
1076896110 591 204
1076896110 592 204
1076896110 593 205
1076896110 594 205
1076896110 595 205
1076896110 596 206
1076896110 597 206
1076896110 598 206
1076896110 599 207
1076896110 600 207
1076896110 601 207
1076896110 602 207
1076896110 603 208
1076896110 603 208
1076896110 604 208
1076896110 605 208
1076896110 606 209
1076896110 607 210
1076896110 607 210
1076896110 608 210
1076896110 609 210
1076896110 610 211
1076896110 610 211
1076896110 611 211
1076896110 612 212
1076896110 613 212
1076896110 614 212
1076896110 615 213
1076896110 616 213
1076896110 617 213
1076896110 618 213
1076896110 619 214
1076896110 620 214
1076896110 621 214
1076896110 622 215
1076896110 623 215
1076896110 624 215
1076896110 625 216
1076896110 626 216
1076896110 627 217
1076896110 628 218
1076896110 628 218
1076896110 629 218
1076896110 630 218
1076896110 631 219
1076896110 632 219
1076896110 632 219
1076896110 632 219
1076896110 633 219
1076896110 633 219
1076896110 634 219
1076896110 634 219
1076896110 635 220
1076896110 636 220
1076896110 637 220
1076896110 638 220
1076896110 639 221
1076896110 640 221
1076896110 640 221
1076896110 640 221
1076896110 641 221
1076896110 642 222
1076896110 643 222
1076896110 644 222
1076896110 645 222
1076896110 646 223
1076896110 647 223
1076896110 648 224
1076896110 649 225
1076896110 650 225
1076896110 651 225
1076896110 652 226
1076896110 653 226
1076896110 654 226
1076896110 655 226
1076896110 656 227
1076896110 657 227
1076896110 657 227
1076896110 658 227
1076896110 659 228
1076896110 660 228
1076896110 661 228
1076896110 662 228
1076896110 663 229
1076896110 664 229
1076896110 665 229
1076896110 666 230
1076896110 667 230
1076896110 667 230
1076896110 668 230
1076896110 669 230
1076896110 670 231
1076896110 671 231
1076896110 672 232
1076896110 673 232
1076896110 674 233
1076896110 675 233
1076896110 676 233
1076896110 677 234
1076896110 678 234
1076896110 679 234
1076896110 680 234
1076896110 681 235
1076896110 682 235
1076896110 683 235
1076896110 684 235
1076896110 685 236
1076896110 685 236
1076896110 686 236
1076896110 687 236
1076896110 688 237
1076896110 689 237
1076896110 690 237
1076896110 691 237
1076896110 692 238
1076896110 693 238
1076896110 694 238
1076896110 694 238
1076896110 694 238
1076896110 695 239
1076896110 696 239
1076896110 697 239
1076896110 698 239
1076896110 699 240
1076896110 700 240
1076896110 701 240
1076896110 702 240
1076896110 703 241
1076896110 704 241
1076896110 705 241
1076896110 705 241
1076896110 706 241
1076896110 707 242
1076896110 708 242
1076896110 709 242
1076896110 709 242
1076896110 710 243
1076896110 711 244
1076896110 712 245
1076896110 713 245
1076896110 714 245
1076896110 715 246
1076896110 716 246
1076896110 717 246
1076896110 718 247
1076896110 719 247
1076896110 720 248
1076896110 721 248
1076896110 722 248
1076896110 723 249
1076896110 724 249
1076896110 725 249
1076896110 726 251
1076896110 727 251
1076896110 728 251
1076896110 729 252
1076896110 730 252
1076896110 731 253
1076896110 731 253
1076896110 732 253
1076896110 733 253
1076896110 734 254
1076896110 735 254
1076896110 736 254
1076896110 737 255
1076896110 738 255
1076896110 739 255
1076896110 740 256
1076896110 741 256
1076896110 742 256
1076896110 743 257
1076896110 744 257
1076896110 745 257
1076896110 746 257
1076896110 746 257
1076896110 747 258
1076896110 748 258
1076896110 749 258
1076896110 750 259
1076896110 751 259
1076896110 752 259
1076896110 753 260
1076896110 753 260
1076896110 754 260
1076896110 755 260
1076896110 756 260
1076896110 757 261
1076896110 758 262
1076896110 759 262
1076896110 760 262
1076896110 761 263
1076896110 762 263
1076896110 763 263
1076896110 764 264
1076896110 765 264
1076896110 765 264
1076896110 766 264
1076896110 767 264
1076896110 768 265
1076896110 769 265
1076896110 770 265
1076896110 771 266
1076896110 772 266
1076896110 773 266
1076896110 774 267
1076896110 775 267
1076896110 775 267
1076896110 776 267
1076896110 777 268
1076896110 778 269
1076896110 778 269
1076896110 779 269
1076896110 780 269
1076896110 781 269
1076896110 782 270
1076896110 783 270
1076896110 784 271
1076896110 785 271
1076896110 786 271
1076896110 787 271
1076896110 788 272
1076896110 789 272
1076896110 789 272
1076896110 790 272
1076896110 790 272
1076896110 791 273
1076896110 792 273
1076896110 793 273
1076896110 794 273
1076896110 795 274
1076896110 796 274
1076896110 796 274
1076896110 797 274
1076896110 798 274
1076896110 799 275
1076896110 800 275
1076896110 800 275
1076896110 801 275
1076896110 802 276
1076896110 803 276
1076896110 804 276
1076896110 804 276
1076896110 805 277
1076896110 806 277
1076896110 807 278
1076896110 808 278
1076896110 809 278
1076896110 810 278
1076896110 811 279
1076896110 812 279
1076896110 813 279
1076896110 814 280
1076896110 815 281
1076896110 816 282
1076896110 817 282
1076896110 817 282
1076896110 817 282
1076896110 818 282
1076896110 819 282
1076896110 820 283
1076896110 820 283
1076896110 821 283
1076896110 822 283
1076896110 823 284
1076896110 824 284
1076896110 825 284
1076896110 826 285
1076896110 827 285
1076896110 828 285
1076896110 829 285
1076896110 829 285
1076896110 830 286
1076896110 831 287
1076896110 832 287
1076896110 833 288
1076896110 834 289
1076896110 835 290
1076896110 836 291
1076896110 837 291
1076896110 838 291
1076896110 839 291
1076896110 840 292
1076896110 841 293
1076896110 841 293
1076896110 842 293
1076896110 843 293
1076896110 844 294
1076896110 845 294
1076896110 846 294
1076896110 847 295
1076896110 848 295
1076896110 849 295
1076896110 850 295
1076896110 851 296
1076896110 852 296
1076896110 853 296
1076896110 854 297
1076896110 855 297
1076896110 856 298
1076896110 857 298
1076896110 858 298
1076896110 859 299
1076896110 860 299
1076896110 860 299
1076896110 861 299
1076896110 862 300
1076896110 863 300
1076896110 864 300
1076896110 865 301
1076896110 865 301
1076896110 865 301
1076896110 865 301
1076896110 866 301
1076896110 867 301
1076896110 868 302
1076896110 869 302
1076896110 870 302
1076896110 870 302
1076896110 871 302
1076896110 872 303
1076896110 873 304
1076896110 874 304
1076896110 875 304
1076896110 876 305
1076896110 877 305
1076896110 878 306
1076896110 879 306
1076896110 880 307
1076896110 881 307
1076896110 881 307
1076896110 882 307
1076896110 883 307
1076896110 884 308
1076896110 885 308
1076896110 886 308
1076896110 887 308
1076896110 888 310
1076896110 889 310
1076896110 890 310
1076896110 891 311
1076896110 892 312
1076896110 893 312
1076896110 893 312
1076896110 894 312
1076896110 895 313
1076896110 896 313
1076896110 897 313
1076896110 898 314
1076896110 899 314
1076896110 900 314
1076896110 901 315
1076896110 902 315
1076896110 903 316
1076896110 904 316
1076896110 905 316
1076896110 906 317
1076896110 907 317
1076896110 908 317
1076896110 909 318
1076896110 910 318
1076896110 911 318
1076896110 912 318
1076896110 913 319
1076896110 914 319
1076896110 915 319
922463034.90298 916 319
922463034.90298 917 320
922463034.90298 917 320
922463034.90298 918 320
922463034.90298 919 320
922463034.90298 920 321
922463034.90298 920 321
922463034.90298 921 321
922463034.90298 922 321
922463034.90298 923 322
922463034.90298 924 322
922463034.90298 925 322
922463034.90298 926 323
922463034.90298 927 323
922463034.90298 928 323
922463034.90298 929 323
922463034.90298 930 324
922463034.90298 930 324
922463034.90298 931 324
922463034.90298 932 324
922463034.90298 933 325
922463034.90298 934 325
922463034.90298 935 325
922463034.90298 936 326
922463034.90298 937 326
922463034.90298 938 326
922463034.90298 939 326
922463034.90298 940 327
922463034.90298 941 327
922463034.90298 942 327
922463034.90298 943 328
922463034.90298 944 328
922463034.90298 944 328
922463034.90298 945 328
922463034.90298 946 329
922463034.90298 947 329
922463034.90298 948 329
922463034.90298 949 330
922463034.90298 950 330
922463034.90298 951 330
922463034.90298 952 330
922463034.90298 953 331
922463034.90298 953 331
922463034.90298 954 331
922463034.90298 955 331
922463034.90298 956 332
922463034.90298 957 332
922463034.90298 958 332
922463034.90298 959 332
922463034.90298 959 332
922463034.90298 959 332
922463034.90298 960 333
922463034.90298 961 333
922463034.90298 962 334
922463034.90298 963 334
922463034.90298 964 334
922463034.90298 964 334
922463034.90298 965 335
922463034.90298 966 335
922463034.90298 967 335
922463034.90298 968 335
922463034.90298 969 336
922463034.90298 969 336
922463034.90298 970 336
922463034.90298 971 336
922463034.90298 972 336
922463034.90298 973 337
922463034.90298 974 337
922463034.90298 975 337
922463034.90298 976 337
922463034.90298 977 337
922463034.90298 978 338
922463034.90298 979 338
922463034.90298 980 339
922463034.90298 981 339
922463034.90298 982 340
922463034.90298 983 340
922463034.90298 984 340
922463034.90298 985 341
922463034.90298 986 341
922463034.90298 987 341
922463034.90298 988 342
922463034.90298 989 342
922463034.90298 990 342
922463034.90298 991 343
922463034.90298 992 343
922463034.90298 993 344
922463034.90298 994 344
922463034.90298 995 345
922463034.90298 996 345
922463034.90298 997 345
922463034.90298 997 345
922463034.90298 998 346
922463034.90298 999 347
922463034.90298 1000 347
922463034.90298 1001 347
922463034.90298 1002 347
922463034.90298 1003 348
922463034.90298 1004 348
922463034.90298 1005 348
922463034.90298 1006 349
922463034.90298 1007 349
922463034.90298 1008 349
922463034.90298 1009 350
922463034.90298 1010 350
922463034.90298 1011 350
922463034.90298 1012 350
922463034.90298 1013 351
922463034.90298 1014 351
922463034.90298 1015 351
922463034.90298 1016 352
922463034.90298 1017 352
922463034.90298 1018 352
922463034.90298 1019 353
922463034.90298 1020 353
922463034.90298 1021 353
922463034.90298 1022 354
922463034.90298 1023 354
922463034.90298 1024 355
922463034.90298 1025 355
922463034.90298 1025 355
922463034.90298 1025 355
922463034.90298 1026 356
922463034.90298 1027 356
922463034.90298 1027 356
922463034.90298 1028 356
922463034.90298 1029 357
922463034.90298 1030 357
922463034.90298 1030 357
922463034.90298 1031 357
922463034.90298 1032 358
922463034.90298 1033 358
922463034.90298 1034 358
922463034.90298 1035 359
922463034.90298 1036 360
922463034.90298 1037 360
922463034.90298 1038 360
922463034.90298 1039 361
922463034.90298 1040 361
922463034.90298 1041 362
922463034.90298 1042 362
922463034.90298 1043 362
922463034.90298 1044 363
922463034.90298 1045 363
922463034.90298 1046 363
922463034.90298 1047 363
922463034.90298 1048 364
922463034.90298 1049 364
922463034.90298 1050 364
922463034.90298 1051 365
922463034.90298 1052 365
922463034.90298 1053 365
922463034.90298 1054 366
922463034.90298 1055 366
922463034.90298 1056 366
922463034.90298 1057 366
922463034.90298 1058 367
922463034.90298 1059 368
922463034.90298 1060 368
922463034.90298 1061 368
922463034.90298 1062 369
922463034.90298 1063 369
922463034.90298 1064 369
922463034.90298 1065 370
922463034.90298 1066 370
922463034.90298 1067 370
922463034.90298 1068 371
922463034.90298 1068 371
922463034.90298 1069 371
922463034.90298 1069 371
922463034.90298 1070 371
922463034.90298 1071 371
922463034.90298 1072 372
922463034.90298 1073 372
922463034.90298 1073 372
922463034.90298 1074 372
922463034.90298 1075 373
922463034.90298 1076 373
922463034.90298 1077 373
922463034.90298 1078 374
922463034.90298 1079 374
922463034.90298 1079 374
922463034.90298 1080 375
922463034.90298 1081 375
922463034.90298 1082 376
922463034.90298 1083 376
922463034.90298 1084 377
922463034.90298 1085 377
922463034.90298 1086 377
922463034.90298 1087 378
922463034.90298 1088 378
922463034.90298 1089 378
922463034.90298 1090 378
922463034.90298 1091 379
922463034.90298 1092 379
922463034.90298 1093 379
922463034.90298 1093 379
922463034.90298 1094 380
922463034.90298 1095 380
922463034.90298 1096 380
922463034.90298 1097 381
922463034.90298 1098 381
922463034.90298 1099 382
922463034.90298 1100 382
922463034.90298 1101 383
922463034.90298 1102 383
922463034.90298 1103 384
922463034.90298 1104 384
922463034.90298 1105 384
922463034.90298 1106 384
922463034.90298 1107 385
922463034.90298 1108 385
922463034.90298 1109 385
922463034.90298 1110 385
922463034.90298 1111 386
922463034.90298 1112 386
922463034.90298 1113 386
922463034.90298 1114 387
922463034.90298 1115 387
922463034.90298 1116 388
922463034.90298 1117 388
922463034.90298 1117 388
922463034.90298 1118 388
922463034.90298 1119 389
922463034.90298 1120 389
922463034.90298 1121 389
922463034.90298 1122 389
922463034.90298 1123 390
922463034.90298 1124 390
922463034.90298 1124 390
922463034.90298 1125 391
922463034.90298 1125 391
922463034.90298 1126 391
922463034.90298 1127 392
922463034.90298 1127 392
922463034.90298 1128 392
922463034.90298 1129 392
922463034.90298 1129 392
922463034.90298 1130 392
922463034.90298 1131 393
922463034.90298 1132 393
922463034.90298 1133 393
922463034.90298 1134 394
922463034.90298 1135 394
922463034.90298 1135 394
922463034.90298 1136 394
922463034.90298 1136 395
922463034.90298 1137 395
922463034.90298 1138 395
922463034.90298 1139 395
922463034.90298 1140 396
922463034.90298 1141 396
922463034.90298 1142 396
922463034.90298 1143 397
922463034.90298 1144 397
922463034.90298 1145 397
922463034.90298 1146 397
922463034.90298 1147 398
922463034.90298 1148 398
922463034.90298 1149 398
922463034.90298 1150 399
922463034.90298 1151 399
922463034.90298 1151 399
922463034.90298 1151 399
922463034.90298 1152 399
922463034.90298 1153 399
922463034.90298 1153 399
922463034.90298 1153 400
922463034.90298 1154 400
922463034.90298 1155 400
922463034.90298 1156 401
922463034.90298 1157 401
922463034.90298 1157 401
922463034.90298 1158 401
922463034.90298 1158 401
922463034.90298 1159 401
922463034.90298 1160 402
922463034.90298 1161 402
922463034.90298 1162 403
922463034.90298 1163 403
922463034.90298 1164 403
922463034.90298 1165 403
922463034.90298 1166 404
922463034.90298 1167 404
922463034.90298 1168 404
922463034.90298 1169 405
922463034.90298 1170 405
922463034.90298 1171 406
922463034.90298 1172 406
922463034.90298 1173 406
922463034.90298 1173 406
922463034.90298 1174 406
922463034.90298 1175 407
922463034.90298 1176 407
922463034.90298 1177 407
922463034.90298 1178 408
922463034.90298 1179 408
922463034.90298 1180 408
922463034.90298 1181 409
922463034.90298 1182 409
922463034.90298 1183 409
922463034.90298 1184 409
922463034.90298 1185 410
922463034.90298 1185 410
922463034.90298 1186 410
922463034.90298 1186 410
922463034.90298 1187 410
922463034.90298 1188 411
922463034.90298 1189 411
922463034.90298 1190 411
922463034.90298 1191 412
922463034.90298 1192 412
922463034.90298 1193 412
922463034.90298 1194 413
922463034.90298 1194 413
922463034.90298 1195 413
922463034.90298 1196 413
922463034.90298 1197 413
922463034.90298 1198 414
922463034.90298 1199 414
922463034.90298 1199 414
922463034.90298 1199 414
922463034.90298 1200 414
922463034.90298 1201 414
922463034.90298 1201 414
922463034.90298 1202 415
922463034.90298 1203 416
922463034.90298 1204 416
922463034.90298 1205 416
922463034.90298 1206 416
922463034.90298 1207 417
922463034.90298 1207 417
922463034.90298 1207 417
922463034.90298 1208 417
922463034.90298 1209 417
922463034.90298 1210 418
922463034.90298 1211 418
922463034.90298 1212 418
922463034.90298 1213 418
922463034.90298 1214 419
922463034.90298 1214 419
922463034.90298 1215 419
922463034.90298 1215 419
922463034.90298 1216 419
922463034.90298 1217 420
922463034.90298 1218 420
922463034.90298 1219 420
922463034.90298 1220 421
922463034.90298 1221 421
922463034.90298 1222 421
922463034.90298 1222 421
922463034.90298 1223 422
922463034.90298 1224 423
922463034.90298 1225 423
922463034.90298 1226 424
922463034.90298 1226 424
922463034.90298 1227 424
922463034.90298 1228 424
922463034.90298 1229 424
922463034.90298 1230 425
922463034.90298 1231 425
922463034.90298 1232 425
922463034.90298 1233 426
922463034.90298 1234 426
922463034.90298 1234 426
922463034.90298 1234 426
922463034.90298 1235 426
922463034.90298 1236 427
922463034.90298 1237 427
922463034.90298 1238 427
922463034.90298 1239 428
922463034.90298 1239 428
922463034.90298 1240 428
922463034.90298 1241 428
922463034.90298 1242 428
922463034.90298 1243 429
922463034.90298 1244 429
922463034.90298 1245 430
922463034.90298 1246 430
922463034.90298 1247 431
922463034.90298 1248 431
922463034.90298 1249 431
922463034.90298 1250 431
922463034.90298 1251 432
922463034.90298 1252 432
922463034.90298 1252 432
922463034.90298 1253 432
922463034.90298 1254 433
922463034.90298 1255 433
922463034.90298 1256 433
922463034.90298 1257 434
922463034.90298 1258 434
922463034.90298 1259 434
922463034.90298 1260 435
922463034.90298 1261 435
922463034.90298 1262 435
922463034.90298 1263 435
922463034.90298 1264 436
922463034.90298 1265 437
922463034.90298 1266 437
922463034.90298 1267 437
922463034.90298 1268 438
922463034.90298 1269 438
922463034.90298 1270 438
922463034.90298 1271 438
922463034.90298 1272 439
922463034.90298 1273 440
922463034.90298 1274 440
922463034.90298 1275 440
922463034.90298 1276 441
922463034.90298 1277 441
922463034.90298 1277 441
922463034.90298 1278 441
922463034.90298 1279 442
922463034.90298 1280 442
922463034.90298 1281 442
922463034.90298 1282 443
922463034.90298 1283 443
922463034.90298 1284 443
922463034.90298 1285 444
922463034.90298 1286 444
922463034.90298 1286 444
922463034.90298 1287 445
922463034.90298 1288 445
922463034.90298 1289 445
922463034.90298 1290 446
922463034.90298 1291 446
922463034.90298 1292 446
922463034.90298 1293 447
922463034.90298 1293 447
922463034.90298 1294 447
922463034.90298 1295 447
922463034.90298 1296 448
922463034.90298 1297 449
922463034.90298 1298 449
922463034.90298 1299 449
922463034.90298 1300 450
922463034.90298 1301 450
922463034.90298 1302 450
922463034.90298 1302 450
922463034.90298 1303 450
922463034.90298 1304 451
922463034.90298 1305 451
922463034.90298 1306 451
922463034.90298 1307 451
922463034.90298 1307 451
922463034.90298 1308 452
922463034.90298 1309 453
922463034.90298 1310 453
922463034.90298 1311 453
922463034.90298 1312 454
922463034.90298 1313 454
922463034.90298 1314 454
922463034.90298 1314 454
922463034.90298 1315 455
922463034.90298 1316 455
922463034.90298 1317 455
922463034.90298 1318 455
922463034.90298 1319 456
922463034.90298 1320 456
922463034.90298 1321 457
922463034.90298 1322 457
922463034.90298 1323 457
922463034.90298 1324 458
922463034.90298 1325 458
922463034.90298 1326 458
922463034.90298 1327 459
922463034.90298 1328 459
922463034.90298 1329 460
922463034.90298 1330 460
922463034.90298 1331 461
922463034.90298 1332 461
922463034.90298 1333 461
922463034.90298 1334 462
922463034.90298 1335 462
922463034.90298 1335 462
922463034.90298 1336 462
922463034.90298 1336 462
922463034.90298 1336 462
922463034.90298 1337 463
922463034.90298 1338 463
922463034.90298 1339 463
922463034.90298 1339 463
922463034.90298 1340 464
922463034.90298 1341 464
922463034.90298 1342 464
922463034.90298 1343 465
922463034.90298 1344 465
922463034.90298 1345 465
922463034.90298 1346 466
922463034.90298 1347 466
922463034.90298 1348 467
922463034.90298 1349 467
922463034.90298 1350 468
922463034.90298 1351 468
922463034.90298 1352 469
922463034.90298 1353 469
922463034.90298 1354 469
922463034.90298 1355 470
922463034.90298 1356 470
922463034.90298 1357 470
922463034.90298 1358 471
922463034.90298 1358 471
922463034.90298 1359 472
922463034.90298 1360 473
922463034.90298 1361 473
922463034.90298 1362 473
922463034.90298 1363 474
922463034.90298 1364 474
922463034.90298 1364 474
922463034.90298 1365 475
922463034.90298 1366 475
922463034.90298 1367 475
922463034.90298 1368 476
922463034.90298 1369 476
922463034.90298 1369 476
922463034.90298 1370 476
922463034.90298 1371 477
922463034.90298 1372 477
922463034.90298 1372 477
922463034.90298 1373 477
922463034.90298 1373 477
922463034.90298 1374 478
922463034.90298 1375 478
922463034.90298 1375 478
922463034.90298 1376 478
922463034.90298 1377 478
922463034.90298 1378 479
922463034.90298 1379 480
922463034.90298 1380 480
922463034.90298 1381 480
922463034.90298 1382 481
922463034.90298 1383 481
922463034.90298 1384 481
922463034.90298 1385 481
922463034.90298 1386 482
922463034.90298 1387 482
922463034.90298 1388 482
922463034.90298 1389 482
922463034.90298 1389 483
922463034.90298 1390 483
922463034.90298 1391 483
922463034.90298 1392 483
922463034.90298 1393 484
922463034.90298 1394 484
922463034.90298 1395 484
922463034.90298 1396 485
922463034.90298 1397 485
922463034.90298 1398 485
922463034.90298 1398 485
922463034.90298 1398 485
922463034.90298 1399 486
922463034.90298 1400 486
922463034.90298 1401 486
922463034.90298 1402 486
922463034.90298 1403 487
922463034.90298 1404 487
922463034.90298 1405 488
922463034.90298 1406 488
922463034.90298 1407 488
922463034.90298 1408 489
922463034.90298 1409 489
922463034.90298 1410 490
922463034.90298 1411 490
922463034.90298 1412 491
922463034.90298 1413 491
922463034.90298 1414 492
922463034.90298 1414 492
922463034.90298 1415 492
922463034.90298 1416 493
922463034.90298 1417 493
922463034.90298 1418 493
922463034.90298 1419 494
922463034.90298 1419 494
922463034.90298 1420 494
922463034.90298 1421 494
922463034.90298 1422 494
922463034.90298 1422 494
922463034.90298 1423 495
922463034.90298 1424 495
922463034.90298 1425 495
922463034.90298 1425 495
922463034.90298 1426 495
922463034.90298 1427 496
922463034.90298 1428 496
922463034.90298 1429 496
922463034.90298 1430 497
922463034.90298 1431 498
922463034.90298 1432 498
922463034.90298 1433 498
922463034.90298 1434 498
922463034.90298 1435 499
922463034.90298 1436 499
922463034.90298 1437 499
922463034.90298 1438 500
922463034.90298 1439 500
922463034.90298 1440 500
922463034.90298 1441 500
922463034.90298 1441 501
922463034.90298 1442 501
922463034.90298 1443 501
922463034.90298 1444 501
922463034.90298 1445 502
922463034.90298 1446 502
922463034.90298 1447 502
922463034.90298 1448 503
922463034.90298 1449 503
922463034.90298 1450 503
922463034.90298 1451 504
922463034.90298 1452 504
922463034.90298 1453 504
922463034.90298 1454 504
922463034.90298 1455 505
922463034.90298 1455 505
922463034.90298 1456 505
922463034.90298 1456 505
922463034.90298 1457 506
922463034.90298 1458 506
922463034.90298 1458 506
922463034.90298 1459 506
922463034.90298 1460 506
922463034.90298 1460 506
922463034.90298 1461 507
922463034.90298 1462 507
922463034.90298 1463 507
922463034.90298 1464 508
922463034.90298 1465 508
922463034.90298 1466 508
922463034.90298 1467 508
922463034.90298 1468 509
922463034.90298 1469 509
922463034.90298 1470 509
922463034.90298 1471 509
922463034.90298 1472 510
922463034.90298 1473 510
922463034.90298 1474 510
922463034.90298 1475 510
922463034.90298 1476 511
922463034.90298 1477 511
922463034.90298 1477 511
922463034.90298 1478 511
922463034.90298 1478 512
922463034.90298 1479 512
922463034.90298 1480 512
922463034.90298 1481 513
922463034.90298 1482 513
922463034.90298 1482 513
922463034.90298 1483 513
922463034.90298 1484 513
922463034.90298 1484 513
922463034.90298 1485 514
922463034.90298 1486 514
922463034.90298 1487 514
922463034.90298 1488 514
922463034.90298 1489 515
922463034.90298 1490 515
922463034.90298 1491 515
922463034.90298 1492 516
922463034.90298 1493 516
922463034.90298 1494 517
922463034.90298 1494 517
922463034.90298 1495 518
922463034.90298 1496 518
922463034.90298 1497 518
922463034.90298 1498 519
922463034.90298 1499 519
922463034.90298 1500 520
922463034.90298 1501 520
922463034.90298 1502 521
922463034.90298 1503 521
922463034.90298 1503 521
922463034.90298 1503 521
922463034.90298 1504 521
922463034.90298 1505 522
922463034.90298 1506 522
922463034.90298 1507 523
922463034.90298 1508 523
922463034.90298 1509 523
922463034.90298 1510 523
922463034.90298 1511 524
922463034.90298 1512 524
922463034.90298 1513 525
922463034.90298 1514 525
922463034.90298 1514 525
922463034.90298 1515 525
922463034.90298 1516 526
922463034.90298 1517 526
922463034.90298 1517 526
922463034.90298 1517 526
922463034.90298 1517 526
922463034.90298 1518 526
922463034.90298 1519 527
922463034.90298 1520 527
922463034.90298 1521 527
922463034.90298 1522 528
922463034.90298 1522 528
922463034.90298 1523 528
922463034.90298 1524 528
922463034.90298 1525 528
922463034.90298 1526 529
922463034.90298 1527 529
922463034.90298 1528 529
922463034.90298 1529 530
922463034.90298 1530 530
922463034.90298 1530 530
922463034.90298 1531 530
922463034.90298 1532 531
922463034.90298 1533 531
922463034.90298 1534 531
922463034.90298 1535 531
922463034.90298 1536 532
922463034.90298 1537 532
922463034.90298 1538 532
922463034.90298 1539 532
922463034.90298 1540 533
922463034.90298 1540 533
922463034.90298 1541 533
922463034.90298 1542 533
922463034.90298 1542 533
922463034.90298 1543 534
922463034.90298 1544 534
922463034.90298 1545 534
922463034.90298 1546 534
922463034.90298 1547 535
922463034.90298 1548 535
922463034.90298 1549 535
922463034.90298 1549 535
922463034.90298 1549 535
922463034.90298 1549 535
922463034.90298 1550 536
922463034.90298 1551 537
922463034.90298 1552 537
922463034.90298 1552 537
922463034.90298 1553 537
922463034.90298 1553 537
922463034.90298 1554 537
922463034.90298 1555 538
922463034.90298 1556 540
922463034.90298 1556 540
922463034.90298 1557 540
922463034.90298 1558 540
922463034.90298 1558 540
922463034.90298 1559 540
922463034.90298 1560 541
922463034.90298 1561 542
922463034.90298 1562 542
922463034.90298 1563 542
922463034.90298 1564 542
922463034.90298 1565 543
922463034.90298 1566 543
922463034.90298 1567 543
922463034.90298 1568 544
922463034.90298 1569 544
922463034.90298 1570 544
922463034.90298 1571 544
922463034.90298 1572 545
922463034.90298 1573 545
922463034.90298 1574 545
922463034.90298 1575 546
922463034.90298 1576 546
922463034.90298 1577 546
922463034.90298 1577 546
922463034.90298 1578 547
922463034.90298 1579 547
922463034.90298 1580 548
922463034.90298 1581 548
922463034.90298 1582 548
922463034.90298 1583 549
922463034.90298 1584 549
922463034.90298 1585 549
922463034.90298 1586 550
922463034.90298 1587 550
922463034.90298 1588 550
922463034.90298 1589 550
922463034.90298 1590 551
922463034.90298 1591 552
922463034.90298 1592 552
922463034.90298 1593 553
922463034.90298 1594 553
922463034.90298 1595 554
922463034.90298 1596 554
922463034.90298 1597 554
922463034.90298 1598 555
922463034.90298 1599 555
922463034.90298 1600 555
922463034.90298 1601 556
922463034.90298 1602 557
922463034.90298 1603 557
922463034.90298 1604 558
922463034.90298 1604 558
922463034.90298 1605 558
922463034.90298 1606 558
922463034.90298 1607 559
922463034.90298 1608 559
922463034.90298 1609 559
922463034.90298 1610 560
922463034.90298 1610 560
922463034.90298 1611 560
922463034.90298 1612 560
922463034.90298 1613 560
922463034.90298 1613 560
922463034.90298 1614 561
922463034.90298 1615 562
922463034.90298 1616 562
922463034.90298 1617 562
922463034.90298 1618 563
922463034.90298 1619 564
922463034.90298 1620 564
922463034.90298 1621 565
922463034.90298 1622 565
922463034.90298 1622 565
922463034.90298 1623 565
922463034.90298 1624 566
922463034.90298 1625 566
922463034.90298 1626 566
922463034.90298 1627 567
922463034.90298 1628 567
922463034.90298 1629 567
922463034.90298 1630 568
922463034.90298 1631 568
922463034.90298 1632 568
922463034.90298 1633 568
922463034.90298 1634 569
922463034.90298 1635 569
922463034.90298 1636 569
922463034.90298 1637 570
922463034.90298 1638 570
922463034.90298 1639 570
922463034.90298 1640 570
922463034.90298 1641 571
922463034.90298 1642 571
922463034.90298 1643 571
922463034.90298 1644 571
922463034.90298 1644 571
922463034.90298 1644 571
922463034.90298 1645 572
922463034.90298 1646 572
922463034.90298 1647 573
922463034.90298 1648 573
922463034.90298 1649 573
922463034.90298 1650 574
922463034.90298 1651 575
922463034.90298 1652 575
922463034.90298 1653 575
922463034.90298 1654 575
922463034.90298 1655 576
922463034.90298 1656 576
922463034.90298 1656 576
922463034.90298 1657 576
922463034.90298 1658 577
922463034.90298 1659 577
922463034.90298 1660 577
922463034.90298 1661 578
922463034.90298 1662 578
922463034.90298 1663 578
922463034.90298 1664 579
922463034.90298 1664 579
922463034.90298 1665 579
922463034.90298 1666 579
922463034.90298 1667 580
922463034.90298 1667 580
922463034.90298 1668 580
922463034.90298 1668 580
922463034.90298 1668 580
922463034.90298 1669 581
922463034.90298 1670 581
922463034.90298 1671 581
922463034.90298 1672 581
922463034.90298 1672 581
922463034.90298 1672 581
922463034.90298 1673 582
922463034.90298 1674 582
922463034.90298 1675 582
922463034.90298 1676 583
922463034.90298 1677 583
922463034.90298 1678 584
922463034.90298 1679 585
922463034.90298 1680 585
922463034.90298 1681 585
922463034.90298 1682 585
922463034.90298 1683 586
922463034.90298 1684 586
922463034.90298 1685 586
922463034.90298 1686 587
922463034.90298 1687 587
922463034.90298 1688 588
922463034.90298 1688 588
922463034.90298 1689 588
922463034.90298 1690 589
922463034.90298 1691 589
922463034.90298 1692 589
922463034.90298 1693 590
922463034.90298 1694 590
922463034.90298 1695 590
922463034.90298 1696 591
922463034.90298 1697 591
922463034.90298 1698 591
922463034.90298 1699 592
922463034.90298 1700 592
922463034.90298 1701 592
922463034.90298 1702 592
922463034.90298 1703 593
922463034.90298 1703 593
922463034.90298 1704 593
922463034.90298 1705 593
922463034.90298 1706 594
922463034.90298 1707 594
922463034.90298 1708 594
922463034.90298 1709 595
922463034.90298 1710 595
922463034.90298 1711 595
922463034.90298 1712 595
922463034.90298 1713 596
922463034.90298 1713 596
922463034.90298 1714 596
922463034.90298 1715 596
922463034.90298 1716 596
922463034.90298 1717 597
922463034.90298 1718 597
922463034.90298 1719 597
922463034.90298 1720 598
922463034.90298 1721 598
922463034.90298 1722 598
922463034.90298 1723 598
922463034.90298 1724 599
922463034.90298 1725 599
922463034.90298 1726 599
922463034.90298 1727 599
922463034.90298 1728 600
922463034.90298 1728 600
922463034.90298 1729 600
922463034.90298 1730 600
922463034.90298 1731 600
922463034.90298 1732 601
