1e+77 0 0
1988423000 1 3
1988423000 2 3
1463231260.839 3 4
1463231260.839 4 4
1463231260.839 5 5
1463231260.839 6 5
1463231260.839 7 5
1463231260.839 7 5
1463231260.839 7 5
1463231260.839 7 5
1463231260.839 7 5
1463231260.839 8 6
1463231260.839 9 6
1463231260.839 10 7
1463231260.839 10 7
1463231260.839 11 7
1463231260.839 12 7
1463231260.839 13 8
1463231260.839 14 8
1463231260.839 15 8
1463231260.839 16 9
1463231260.839 17 9
1463231260.839 17 9
1463231260.839 18 9
1463231260.839 19 10
1463231260.839 20 10
1463231260.839 20 10
1463231260.839 21 10
1463231260.839 22 10
1463231260.839 23 11
1463231260.839 24 11
1463231260.839 25 11
1463231260.839 26 12
1463231260.839 27 13
1463231260.839 27 13
1463231260.839 28 13
1407139609 29 13
1407139609 30 13
1407139609 31 14
1407139609 32 14
1407139609 33 14
1407139609 34 14
1407139609 34 14
1407139609 34 14
1407139609 35 15
1407139609 36 15
1407139609 37 15
1407139609 38 16
1407139609 39 16
1407139609 40 16
1407139609 41 16
1407139609 42 17
1380947026 43 17
1380947026 44 17
1380947026 45 18
1380947026 46 18
1380947026 46 18
1380947026 47 18
1380947026 48 18
1380947026 49 19
1380947026 50 19
1380947026 51 19
1380947026 52 20
1380947026 53 20
1380947026 54 20
1380947026 54 20
1380947026 55 21
1380947026 56 21
1380947026 57 21
1380947026 58 21
1380947026 59 22
1380947026 60 22
1380947026 61 22
1380947026 61 22
1380947026 62 23
1380947026 63 23
1380947026 64 23
1380947026 65 23
1380947026 66 24
1380947026 66 24
1380947026 66 24
1380947026 66 24
1380947026 67 25
1380947026 68 26
1380947026 69 26
1380947026 70 26
1380947026 71 27
1380947026 72 27
1380947026 73 28
1380947026 74 28
1380947026 75 28
1380947026 75 28
1371564197 76 29
1371564197 77 29
1371564197 78 29
1371564197 79 29
1371564197 80 30
1371564197 81 30
1371564197 82 30
1163463992.9188 83 31
1163463992.9188 84 31
1163463992.9188 85 32
1163463992.9188 86 33
1163463992.9188 87 33
1163463992.9188 88 33
1163463992.9188 89 33
1163463992.9188 90 34
1163463992.9188 91 34
1163463992.9188 92 34
1163463992.9188 93 35
1163463992.9188 94 35
1163463992.9188 95 35
1163463992.9188 96 35
1163463992.9188 96 35
1163463992.9188 96 35
1163463992.9188 97 36
1163463992.9188 98 36
1163463992.9188 99 36
1163463992.9188 100 36
1163463992.9188 101 37
1163463992.9188 101 37
1163463992.9188 102 37
1163463992.9188 102 37
1163463992.9188 103 38
1163463992.9188 104 38
1163463992.9188 105 38
1163463992.9188 106 38
1163463992.9188 107 38
1163463992.9188 108 39
1163463992.9188 109 39
1163463992.9188 109 39
1163463992.9188 110 40
1163463992.9188 111 40
1163463992.9188 112 40
1163463992.9188 113 40
1163463992.9188 114 41
1163463992.9188 115 41
1163463992.9188 115 41
1163463992.9188 116 41
1163463992.9188 117 42
1163463992.9188 118 42
1163463992.9188 118 42
1163463992.9188 118 42
1163463992.9188 119 42
1163463992.9188 120 43
1163463992.9188 120 43
1163463992.9188 121 43
1163463992.9188 122 43
1163463992.9188 123 43
1163463992.9188 124 44
1163463992.9188 125 45
1163463992.9188 126 45
1163463992.9188 127 45
1163463992.9188 128 46
1163463992.9188 129 46
1163463992.9188 130 46
1163463992.9188 131 47
1163463992.9188 132 47
1163463992.9188 132 47
1163463992.9188 133 47
1163463992.9188 134 48
1163463992.9188 135 48
1163463992.9188 136 48
1163463992.9188 137 49
1163463992.9188 137 49
1163463992.9188 138 49
1163463992.9188 139 49
1163463992.9188 139 49
1163463992.9188 140 50
1163463992.9188 141 50
1163463992.9188 142 51
1163463992.9188 143 52
1163463992.9188 144 52
1163463992.9188 145 52
1163463992.9188 146 52
1163463992.9188 147 53
1163463992.9188 148 53
1163463992.9188 149 54
1163463992.9188 150 54
1163463992.9188 151 54
1163463992.9188 151 54
1163463992.9188 152 54
1163463992.9188 152 54
1163463992.9188 153 55
1163463992.9188 153 55
1163463992.9188 154 55
1163463992.9188 155 56
1163463992.9188 156 56
1163463992.9188 156 56
1163463992.9188 157 56
1163463992.9188 158 56
1163463992.9188 159 57
1163463992.9188 160 57
1163463992.9188 161 57
1163463992.9188 162 58
1163463992.9188 163 58
1163463992.9188 164 58
1163463992.9188 165 58
1163463992.9188 166 59
1163463992.9188 167 59
1163463992.9188 168 59
1163463992.9188 169 60
1163463992.9188 170 60
1163463992.9188 171 60
1163463992.9188 172 60
1163463992.9188 173 61
1163463992.9188 173 61
1163463992.9188 174 62
1163463992.9188 175 62
1163463992.9188 175 62
1163463992.9188 176 62
1163463992.9188 177 63
1163463992.9188 178 63
1163463992.9188 179 63
1163463992.9188 180 63
1163463992.9188 180 63
1163463992.9188 181 64
1163463992.9188 182 64
1163463992.9188 183 64
1163463992.9188 184 65
1163463992.9188 185 66
1163463992.9188 186 66
1163463992.9188 187 66
1163463992.9188 187 66
1163463992.9188 188 67
1163463992.9188 189 67
1163463992.9188 189 67
1163463992.9188 190 67
1163463992.9188 191 67
1163463992.9188 192 68
1163463992.9188 193 68
1163463992.9188 194 68
1163463992.9188 195 68
1163463992.9188 196 69
1163463992.9188 196 69
1163463992.9188 197 69
1163463992.9188 198 69
1163463992.9188 199 70
1163463992.9188 200 70
1163463992.9188 201 70
1163463992.9188 202 71
1163463992.9188 203 71
1163463992.9188 204 71
1163463992.9188 205 71
1163463992.9188 206 72
1163463992.9188 207 72
1163463992.9188 208 73
1163463992.9188 209 73
1163463992.9188 210 73
1163463992.9188 211 73
1163463992.9188 212 74
1163463992.9188 213 74
1163463992.9188 214 75
1163463992.9188 215 75
1163463992.9188 216 75
1163463992.9188 217 76
1163463992.9188 218 76
1163463992.9188 219 77
1163463992.9188 220 77
1163463992.9188 221 78
1163463992.9188 222 78
1163463992.9188 223 78
1163463992.9188 224 78
1163463992.9188 225 79
1163463992.9188 226 79
1163463992.9188 227 79
1163463992.9188 228 80
1163463992.9188 229 81
1163463992.9188 230 81
1163463992.9188 231 81
1163463992.9188 232 81
1163463992.9188 233 82
1163463992.9188 234 82
1163463992.9188 235 82
1163463992.9188 236 82
1163463992.9188 237 83
1163463992.9188 238 83
1163463992.9188 239 83
1163463992.9188 240 84
1163463992.9188 241 84
1163463992.9188 242 84
1163463992.9188 243 85
1163463992.9188 244 85
1163463992.9188 245 85
1163463992.9188 246 86
1163463992.9188 247 86
1163463992.9188 248 87
1163463992.9188 248 87
1163463992.9188 249 87
1163463992.9188 250 87
1163463992.9188 251 88
1163463992.9188 252 88
1163463992.9188 253 88
1163463992.9188 254 89
1163463992.9188 254 89
1163463992.9188 255 89
1163463992.9188 255 89
1163463992.9188 256 89
1163463992.9188 257 89
1163463992.9188 258 90
1163463992.9188 259 90
1163463992.9188 260 90
1163463992.9188 261 90
1163463992.9188 262 91
1163463992.9188 263 91
1163463992.9188 264 92
1163463992.9188 265 92
1163463992.9188 266 93
1163463992.9188 267 93
1163463992.9188 268 93
1163463992.9188 269 94
1163463992.9188 270 94
1163463992.9188 271 94
1163463992.9188 272 95
1163463992.9188 273 95
1163463992.9188 274 95
1163463992.9188 275 96
1163463992.9188 275 96
1163463992.9188 275 96
1163463992.9188 276 96
1163463992.9188 277 96
1163463992.9188 278 97
1163463992.9188 279 97
1163463992.9188 280 98
1163463992.9188 280 98
1163463992.9188 281 98
1163463992.9188 282 99
1163463992.9188 283 99
1163463992.9188 284 99
1163463992.9188 285 100
1163463992.9188 286 100
1163463992.9188 287 100
1163463992.9188 288 101
1163463992.9188 289 101
1163463992.9188 290 101
1163463992.9188 291 102
1163463992.9188 292 102
1163463992.9188 293 103
1163463992.9188 294 103
1163463992.9188 295 103
1163463992.9188 296 103
1163463992.9188 297 104
1163463992.9188 298 104
1163463992.9188 299 104
1163463992.9188 300 105
1163463992.9188 301 105
1163463992.9188 302 105
1163463992.9188 303 105
1163463992.9188 303 105
1163463992.9188 304 106
1163463992.9188 305 106
1163463992.9188 306 106
1163463992.9188 307 107
1163463992.9188 308 108
1163463992.9188 309 108
1163463992.9188 310 108
1163463992.9188 311 109
1163463992.9188 311 109
1163463992.9188 312 109
1163463992.9188 313 109
1163463992.9188 314 110
1163463992.9188 315 110
1163463992.9188 316 110
1163463992.9188 317 110
1163463992.9188 318 111
1163463992.9188 319 111
1163463992.9188 320 112
1163463992.9188 321 112
1163463992.9188 322 112
1163463992.9188 323 112
1163463992.9188 324 113
1163463992.9188 325 113
1163463992.9188 326 113
1163463992.9188 327 114
1163463992.9188 328 114
1163463992.9188 329 114
1163463992.9188 330 115
1163463992.9188 331 115
1163463992.9188 332 115
1163463992.9188 333 116
1163463992.9188 334 116
1163463992.9188 334 116
1163463992.9188 335 116
1163463992.9188 336 117
1163463992.9188 337 117
1163463992.9188 338 117
1163463992.9188 339 118
1163463992.9188 340 118
1163463992.9188 340 118
1163463992.9188 341 118
1163463992.9188 342 119
1163463992.9188 343 120
1163463992.9188 344 120
1163463992.9188 345 120
1163463992.9188 345 120
1163463992.9188 346 120
1163463992.9188 347 121
1163463992.9188 348 122
1163463992.9188 349 122
1163463992.9188 350 122
1163463992.9188 351 122
1163463992.9188 352 123
1163463992.9188 353 123
1163463992.9188 353 123
1163463992.9188 354 123
1163463992.9188 355 123
1163463992.9188 356 124
1163463992.9188 357 124
1163463992.9188 358 124
1163463992.9188 359 125
1163463992.9188 360 125
1163463992.9188 361 125
1163463992.9188 362 126
1163463992.9188 362 126
1163463992.9188 363 126
1163463992.9188 364 126
1163463992.9188 364 127
1163463992.9188 365 127
1163463992.9188 366 128
1163463992.9188 367 128
1163463992.9188 368 128
1163463992.9188 369 129
1163463992.9188 370 129
1163463992.9188 371 129
1163463992.9188 372 130
1163463992.9188 373 131
1163463992.9188 374 131
1163463992.9188 375 131
1163463992.9188 375 131
1163463992.9188 376 132
1163463992.9188 377 132
1163463992.9188 378 132
1163463992.9188 379 133
1163463992.9188 380 133
1163463992.9188 381 134
1163463992.9188 381 134
1163463992.9188 381 134
1163463992.9188 382 135
1163463992.9188 382 135
1163463992.9188 382 135
1163463992.9188 383 135
1163463992.9188 384 135
1163463992.9188 385 136
1163463992.9188 386 136
1163463992.9188 387 136
1163463992.9188 388 136
1163463992.9188 389 137
1163463992.9188 389 137
1163463992.9188 389 137
1163463992.9188 390 137
1163463992.9188 391 137
1163463992.9188 392 138
1163463992.9188 393 138
1163463992.9188 394 138
1163463992.9188 395 139
1163463992.9188 396 139
1163463992.9188 396 139
1163463992.9188 397 139
1163463992.9188 398 139
1163463992.9188 398 139
1163463992.9188 399 140
1163463992.9188 400 141
1163463992.9188 401 141
1163463992.9188 402 141
1163463992.9188 403 141
1163463992.9188 404 142
1163463992.9188 405 142
1163463992.9188 406 142
1163463992.9188 407 143
1163463992.9188 407 143
1163463992.9188 408 143
1163463992.9188 408 143
1163463992.9188 409 143
1163463992.9188 410 144
1163463992.9188 411 144
1163463992.9188 412 145
1163463992.9188 413 145
1163463992.9188 414 145
1163463992.9188 414 145
1163463992.9188 415 145
1163463992.9188 416 146
1163463992.9188 417 146
1163463992.9188 418 147
1163463992.9188 419 147
1163463992.9188 419 147
1163463992.9188 420 147
1163463992.9188 420 147
1163463992.9188 421 147
1163463992.9188 422 148
1163463992.9188 423 148
1163463992.9188 424 148
1163463992.9188 425 148
1163463992.9188 426 149
1163463992.9188 427 149
1163463992.9188 428 149
1163463992.9188 429 149
1163463992.9188 430 150
1163463992.9188 430 150
1163463992.9188 431 150
1163463992.9188 432 150
1163463992.9188 433 151
1163463992.9188 434 151
1163463992.9188 435 152
1163463992.9188 436 152
1163463992.9188 437 152
1163463992.9188 438 153
1163463992.9188 438 153
1163463992.9188 439 154
1163463992.9188 440 154
1163463992.9188 441 154
1163463992.9188 441 154
1163463992.9188 442 155
1163463992.9188 443 156
1163463992.9188 444 156
1163463992.9188 445 156
1163463992.9188 446 157
1163463992.9188 447 157
1163463992.9188 448 157
1163463992.9188 449 157
1163463992.9188 450 158
1163463992.9188 451 158
1163463992.9188 452 158
1163463992.9188 453 158
1163463992.9188 454 159
1163463992.9188 455 160
1163463992.9188 456 160
1163463992.9188 457 160
1163463992.9188 458 161
1163463992.9188 459 162
1163463992.9188 460 162
1163463992.9188 461 162
1163463992.9188 462 162
1163463992.9188 463 163
1163463992.9188 464 163
1163463992.9188 465 163
1163463992.9188 465 163
1163463992.9188 466 163
1163463992.9188 467 164
1163463992.9188 468 164
1163463992.9188 469 164
1163463992.9188 469 164
1163463992.9188 470 165
1163463992.9188 471 166
1163463992.9188 472 166
1163463992.9188 473 166
1163463992.9188 474 166
1163463992.9188 475 167
1163463992.9188 476 167
1163463992.9188 477 167
1163463992.9188 477 167
1163463992.9188 478 168
1163463992.9188 479 168
1163463992.9188 480 168
1163463992.9188 480 168
1163463992.9188 481 169
1163463992.9188 482 169
1163463992.9188 483 169
1163463992.9188 483 169
1163463992.9188 484 170
1163463992.9188 485 170
1163463992.9188 486 170
1163463992.9188 487 171
1163463992.9188 488 171
1163463992.9188 489 171
1163463992.9188 490 172
1163463992.9188 491 173
1163463992.9188 492 173
1163463992.9188 493 173
1163463992.9188 494 173
1163463992.9188 495 174
1163463992.9188 496 174
1163463992.9188 497 174
1163463992.9188 498 174
1163463992.9188 499 175
1163463992.9188 499 175
1163463992.9188 500 175
1163463992.9188 500 175
1163463992.9188 500 175
1163463992.9188 501 176
1163463992.9188 501 176
1163463992.9188 502 176
1163463992.9188 503 176
1163463992.9188 504 177
1163463992.9188 505 177
1163463992.9188 505 177
1163463992.9188 505 177
1163463992.9188 506 177
1163463992.9188 507 178
1163463992.9188 508 178
1163463992.9188 509 179
1163463992.9188 510 179
1163463992.9188 511 179
1163463992.9188 512 179
1163463992.9188 512 179
1163463992.9188 513 180
1163463992.9188 514 180
1163463992.9188 515 181
1163463992.9188 516 181
1163463992.9188 517 182
1163463992.9188 518 182
1163463992.9188 519 182
1163463992.9188 520 183
1163463992.9188 521 183
1163463992.9188 521 183
1163463992.9188 521 183
1163463992.9188 521 183
1163463992.9188 521 183
1163463992.9188 522 184
1163463992.9188 523 184
1163463992.9188 524 184
1163463992.9188 525 184
1163463992.9188 525 184
1163463992.9188 526 185
1163463992.9188 527 185
1163463992.9188 528 185
1163463992.9188 529 186
1163463992.9188 530 186
1163463992.9188 531 186
1163463992.9188 532 186
1163463992.9188 533 187
1163463992.9188 534 187
1163463992.9188 535 187
1163463992.9188 536 188
1163463992.9188 536 188
1163463992.9188 537 188
1163463992.9188 538 188
1163463992.9188 539 188
1163463992.9188 540 189
1163463992.9188 541 190
1163463992.9188 542 190
1163463992.9188 543 190
1163463992.9188 544 191
1163463992.9188 545 192
1163463992.9188 546 193
1163463992.9188 546 193
1163463992.9188 547 193
1163463992.9188 548 193
1163463992.9188 549 194
1163463992.9188 550 194
1163463992.9188 550 194
1163463992.9188 551 194
1163463992.9188 552 194
1163463992.9188 553 195
1163463992.9188 553 195
1163463992.9188 554 195
1163463992.9188 555 195
1163463992.9188 556 196
1163463992.9188 557 196
1163463992.9188 558 196
1163463992.9188 559 197
1163463992.9188 559 197
1163463992.9188 560 197
1163463992.9188 561 197
1163463992.9188 562 198
1163463992.9188 563 198
1163463992.9188 564 199
1163463992.9188 565 199
1163463992.9188 566 200
1163463992.9188 567 200
1163463992.9188 568 200
1163463992.9188 569 200
1163463992.9188 570 201
1163463992.9188 570 201
1163463992.9188 570 201
1163463992.9188 571 201
1163463992.9188 572 201
1163463992.9188 573 202
1163463992.9188 574 202
1163463992.9188 575 203
1163463992.9188 576 203
1163463992.9188 577 203
1163463992.9188 577 203
1163463992.9188 578 203
1163463992.9188 579 204
1163463992.9188 580 204
1163463992.9188 581 204
1163463992.9188 582 205
1163463992.9188 583 205
1163463992.9188 584 206
1163463992.9188 585 206
1163463992.9188 586 206
1163463992.9188 587 206
1163463992.9188 588 207
1163463992.9188 589 207
1163463992.9188 590 207
1163463992.9188 591 208
1163463992.9188 592 208
1163463992.9188 593 208
1163463992.9188 594 209
1163463992.9188 595 209
1163463992.9188 596 209
1163463992.9188 597 209
1163463992.9188 598 210
1163463992.9188 599 210
1163463992.9188 599 210
1163463992.9188 600 211
1163463992.9188 600 211
1163463992.9188 600 211
1163463992.9188 601 211
1163463992.9188 602 211
1163463992.9188 603 212
1163463992.9188 604 212
1163463992.9188 605 212
1163463992.9188 605 212
1163463992.9188 605 212
1163463992.9188 605 212
1163463992.9188 606 213
1163463992.9188 607 213
1163463992.9188 608 213
1163463992.9188 609 213
1163463992.9188 610 214
1163463992.9188 610 214
1163463992.9188 610 214
1163463992.9188 611 214
1163463992.9188 612 214
1163463992.9188 613 215
1163463992.9188 614 216
1163463992.9188 615 216
1163463992.9188 616 216
1163463992.9188 617 217
1163463992.9188 618 217
1163463992.9188 619 217
1163463992.9188 619 217
1163463992.9188 620 217
1163463992.9188 620 217
1163463992.9188 621 218
1163463992.9188 621 218
1163463992.9188 622 218
1163463992.9188 622 218
1163463992.9188 623 218
1163463992.9188 624 219
1163463992.9188 625 219
1163463992.9188 626 219
1163463992.9188 627 220
1163463992.9188 627 220
1163463992.9188 628 220
1163463992.9188 628 220
1163463992.9188 629 220
1163463992.9188 630 220
1163463992.9188 630 220
1163463992.9188 631 221
1163463992.9188 632 221
1163463992.9188 633 221
1163463992.9188 634 221
1163463992.9188 635 222
1163463992.9188 636 222
1163463992.9188 637 223
1163463992.9188 638 223
1163463992.9188 639 224
1163463992.9188 640 225
1163463992.9188 641 225
1163463992.9188 642 225
1163463992.9188 643 226
1163463992.9188 643 226
1163463992.9188 644 227
1163463992.9188 645 227
1163463992.9188 646 227
1163463992.9188 647 228
1163463992.9188 648 228
1163463992.9188 649 228
1163463992.9188 650 229
1163463992.9188 651 229
1163463992.9188 652 229
1163463992.9188 653 229
1163463992.9188 654 230
1163463992.9188 655 230
1163463992.9188 656 230
1163463992.9188 657 231
1163463992.9188 658 231
1163463992.9188 659 231
1163463992.9188 660 232
1163463992.9188 661 232
1163463992.9188 662 232
1163463992.9188 663 232
1163463992.9188 664 233
1163463992.9188 665 233
1163463992.9188 666 233
1163463992.9188 667 234
1163463992.9188 668 234
1163463992.9188 668 234
1163463992.9188 669 234
1163463992.9188 670 235
1163463992.9188 671 235
1163463992.9188 672 235
1163463992.9188 673 236
1163463992.9188 674 236
1163463992.9188 675 236
1163463992.9188 676 236
1163463992.9188 677 237
1163463992.9188 678 238
1163463992.9188 679 238
1163463992.9188 680 238
1163463992.9188 681 239
1163463992.9188 682 239
1163463992.9188 683 239
1163463992.9188 684 240
1163463992.9188 684 240
1163463992.9188 685 240
1163463992.9188 685 240
1163463992.9188 686 241
1163463992.9188 687 241
1163463992.9188 688 241
1163463992.9188 689 242
1163463992.9188 690 242
1163463992.9188 691 242
1163463992.9188 692 243
1163463992.9188 693 243
1163463992.9188 694 243
1163463992.9188 695 244
1163463992.9188 696 244
1163463992.9188 697 245
1163463992.9188 698 245
1163463992.9188 699 246
1163463992.9188 700 246
1163463992.9188 701 246
1163463992.9188 702 247
1163463992.9188 703 247
1163463992.9188 703 247
1163463992.9188 703 247
1163463992.9188 704 247
1163463992.9188 705 248
1163463992.9188 705 248
1163463992.9188 706 248
1163463992.9188 706 248
1163463992.9188 706 248
1163463992.9188 707 248
1163463992.9188 708 248
1163463992.9188 709 249
1163463992.9188 710 249
1163463992.9188 711 249
1163463992.9188 712 250
1163463992.9188 713 250
1163463992.9188 714 251
1163463992.9188 715 251
1163463992.9188 716 251
1163463992.9188 717 252
1163463992.9188 718 252
1163463992.9188 719 252
1163463992.9188 720 253
1163463992.9188 721 253
1163463992.9188 722 253
1163463992.9188 723 253
1163463992.9188 724 254
1163463992.9188 724 254
1163463992.9188 725 254
1163463992.9188 726 254
1163463992.9188 727 255
1163463992.9188 728 255
1163463992.9188 729 255
1163463992.9188 730 255
1163463992.9188 731 256
1163463992.9188 732 256
1163463992.9188 732 256
1163463992.9188 733 256
1163463992.9188 734 257
1163463992.9188 735 257
1163463992.9188 735 257
1163463992.9188 736 257
1163463992.9188 737 258
1163463992.9188 738 258
1163463992.9188 739 258
1163463992.9188 739 258
1163463992.9188 739 258
1163463992.9188 740 259
1163463992.9188 741 259
1163463992.9188 742 260
1163463992.9188 743 260
1163463992.9188 744 260
1163463992.9188 745 261
1163463992.9188 746 261
1163463992.9188 747 261
1163463992.9188 748 262
1163463992.9188 749 262
1163463992.9188 750 262
1163463992.9188 751 263
1163463992.9188 752 263
1163463992.9188 752 263
1163463992.9188 753 263
1163463992.9188 754 263
1163463992.9188 755 264
1163463992.9188 756 265
1163463992.9188 757 265
1163463992.9188 758 265
1163463992.9188 759 266
1163463992.9188 759 266
1163463992.9188 760 266
1163463992.9188 761 266
1163463992.9188 762 266
1163463992.9188 763 267
1163463992.9188 764 267
1163463992.9188 765 267
1163463992.9188 766 267
1163463992.9188 767 268
1163463992.9188 768 268
1163463992.9188 769 268
1163463992.9188 770 269
1163463992.9188 771 270
1163463992.9188 772 270
1163463992.9188 773 270
1163463992.9188 774 270
1163463992.9188 775 271
1163463992.9188 776 271
1163463992.9188 777 271
1163463992.9188 777 271
1163463992.9188 778 271
1163463992.9188 779 272
1163463992.9188 780 272
1163463992.9188 781 272
1163463992.9188 782 273
1163463992.9188 783 273
1163463992.9188 783 273
1163463992.9188 784 273
1163463992.9188 785 274
1163463992.9188 786 274
1163463992.9188 787 274
1163463992.9188 787 274
1163463992.9188 788 275
1163463992.9188 789 275
1163463992.9188 789 275
1163463992.9188 790 276
1163463992.9188 791 276
1163463992.9188 791 276
1163463992.9188 792 276
1163463992.9188 793 277
1163463992.9188 794 277
1163463992.9188 795 277
1163463992.9188 796 278
1163463992.9188 797 278
1163463992.9188 798 279
1163463992.9188 799 279
1163463992.9188 800 279
1163463992.9188 801 280
1163463992.9188 802 280
1163463992.9188 803 280
1163463992.9188 804 280
1163463992.9188 804 280
1163463992.9188 805 281
1163463992.9188 806 281
1163463992.9188 807 281
1163463992.9188 808 281
1163463992.9188 809 282
1163463992.9188 810 283
1163463992.9188 811 283
1163463992.9188 812 283
1163463992.9188 813 283
1163463992.9188 814 284
1163463992.9188 815 285
1163463992.9188 816 286
1163463992.9188 817 286
1163463992.9188 817 286
1163463992.9188 818 287
1163463992.9188 819 287
1163463992.9188 820 287
1163463992.9188 821 288
1163463992.9188 821 288
1163463992.9188 822 288
1163463992.9188 823 289
1163463992.9188 824 289
1163463992.9188 825 289
1163463992.9188 825 289
1163463992.9188 826 289
1163463992.9188 827 290
1163463992.9188 828 290
1163463992.9188 829 290
1163463992.9188 830 291
1163463992.9188 830 291
1163463992.9188 831 291
1163463992.9188 832 291
1163463992.9188 833 292
1163463992.9188 834 292
1163463992.9188 835 292
1163463992.9188 836 293
1163463992.9188 836 293
1163463992.9188 837 293
1163463992.9188 837 293
1163463992.9188 838 294
1163463992.9188 839 295
1163463992.9188 840 295
1163463992.9188 840 295
1163463992.9188 840 295
1163463992.9188 841 295
1163463992.9188 842 296
1163463992.9188 842 296
1163463992.9188 843 296
1163463992.9188 844 296
1163463992.9188 845 296
1163463992.9188 846 297
1163463992.9188 847 297
1163463992.9188 848 297
1163463992.9188 849 298
1163463992.9188 850 298
1163463992.9188 851 298
1163463992.9188 851 298
1163463992.9188 852 298
1163463992.9188 853 299
1163463992.9188 854 299
1163463992.9188 855 299
1163463992.9188 856 300
1163463992.9188 857 300
1163463992.9188 858 300
1163463992.9188 859 300
1163463992.9188 860 301
1163463992.9188 861 301
1163463992.9188 862 301
1163463992.9188 862 301
1163463992.9188 863 302
1163463992.9188 864 302
1163463992.9188 865 302
1163463992.9188 866 303
1163463992.9188 866 303
1163463992.9188 867 303
1163463992.9188 867 303
1163463992.9188 868 303
1163463992.9188 869 303
1163463992.9188 870 304
1163463992.9188 871 304
1163463992.9188 872 304
1163463992.9188 873 305
1163463992.9188 874 305
1163463992.9188 875 305
1163463992.9188 876 305
1163463992.9188 876 305
1163463992.9188 877 306
1163463992.9188 878 306
1163463992.9188 879 306
1163463992.9188 880 307
1163463992.9188 881 307
1163463992.9188 882 307
1163463992.9188 883 307
1163463992.9188 884 308
1163463992.9188 885 308
1163463992.9188 886 308
1163463992.9188 887 309
1163463992.9188 888 309
1163463992.9188 889 309
1163463992.9188 890 310
1163463992.9188 890 310
1163463992.9188 891 310
1163463992.9188 891 310
1163463992.9188 891 310
1163463992.9188 892 310
1163463992.9188 893 311
1163463992.9188 894 311
1163463992.9188 894 311
1163463992.9188 895 311
1163463992.9188 896 311
1163463992.9188 897 312
1163463992.9188 898 312
1163463992.9188 898 312
1163463992.9188 899 312
1163463992.9188 900 313
1163463992.9188 901 313
1163463992.9188 902 313
1163463992.9188 903 314
1163463992.9188 904 314
1163463992.9188 905 314
1163463992.9188 906 314
1163463992.9188 907 316
1163463992.9188 908 316
1163463992.9188 909 317
1163463992.9188 910 317
1163463992.9188 911 317
1163463992.9188 912 318
1163463992.9188 913 318
1163463992.9188 914 318
1163463992.9188 915 318
1163463992.9188 916 319
1163463992.9188 917 319
1163463992.9188 918 319
1163463992.9188 919 320
1163463992.9188 920 320
1163463992.9188 921 320
1163463992.9188 922 321
1163463992.9188 922 321
1163463992.9188 923 321
1163463992.9188 924 322
1163463992.9188 925 323
1163463992.9188 926 323
1163463992.9188 927 323
1163463992.9188 928 324
1163463992.9188 929 324
1163463992.9188 930 324
1163463992.9188 931 324
1163463992.9188 932 325
1163463992.9188 933 325
1163463992.9188 934 325
1163463992.9188 935 326
1163463992.9188 936 326
1163463992.9188 937 326
1163463992.9188 938 326
1163463992.9188 939 327
1163463992.9188 940 327
1163463992.9188 941 327
1163463992.9188 942 328
1163463992.9188 942 328
1163463992.9188 943 328
1163463992.9188 944 328
1163463992.9188 944 329
1163463992.9188 944 329
1163463992.9188 945 329
1163463992.9188 946 329
1163463992.9188 947 330
1163463992.9188 948 330
1163463992.9188 949 330
1163463992.9188 949 330
1163463992.9188 950 331
1163463992.9188 951 331
1163463992.9188 952 331
1163463992.9188 953 332
1163463992.9188 954 332
1163463992.9188 955 332
1163463992.9188 956 333
1163463992.9188 957 334
1163463992.9188 957 334
1163463992.9188 958 334
1163463992.9188 959 334
1163463992.9188 960 335
1163463992.9188 961 335
1163463992.9188 962 335
1163463992.9188 963 336
1163463992.9188 964 336
1163463992.9188 965 337
1163463992.9188 966 337
1163463992.9188 967 338
1163463992.9188 968 338
1163463992.9188 969 338
1163463992.9188 969 338
1163463992.9188 970 339
1163463992.9188 971 339
1163463992.9188 972 340
1163463992.9188 973 340
1163463992.9188 974 340
1163463992.9188 975 341
1163463992.9188 976 341
1163463992.9188 977 342
1163463992.9188 978 342
1163463992.9188 979 342
1163463992.9188 980 343
1163463992.9188 981 343
1163463992.9188 982 343
1163463992.9188 983 344
1163463992.9188 984 344
1163463992.9188 985 345
1163463992.9188 986 345
1163463992.9188 987 346
1163463992.9188 987 346
1163463992.9188 987 346
1163463992.9188 988 346
1163463992.9188 989 346
1163463992.9188 990 347
1163463992.9188 990 347
1163463992.9188 991 347
1163463992.9188 991 347
1163463992.9188 992 347
1163463992.9188 992 348
1163463992.9188 993 348
1163463992.9188 994 348
1163463992.9188 995 349
1163463992.9188 996 349
1163463992.9188 997 349
1163463992.9188 998 350
1163463992.9188 999 350
1163463992.9188 1000 350
1163463992.9188 1001 351
1163463992.9188 1002 351
1163463992.9188 1003 351
1163463992.9188 1004 352
1163463992.9188 1005 352
1163463992.9188 1006 352
1163463992.9188 1007 353
1163463992.9188 1008 354
1163463992.9188 1009 354
1163463992.9188 1010 354
1163463992.9188 1011 354
1163463992.9188 1012 355
1163463992.9188 1013 355
1163463992.9188 1014 355
1163463992.9188 1015 355
1163463992.9188 1016 356
1163463992.9188 1017 356
1163463992.9188 1018 356
1163463992.9188 1018 356
1163463992.9188 1019 357
1163463992.9188 1020 357
1163463992.9188 1021 358
1163463992.9188 1022 358
1163463992.9188 1023 358
1163463992.9188 1024 358
1163463992.9188 1025 359
1163463992.9188 1026 359
1163463992.9188 1026 359
1163463992.9188 1027 359
1163463992.9188 1028 360
1163463992.9188 1029 360
1163463992.9188 1030 360
1163463992.9188 1031 361
1163463992.9188 1032 361
1163463992.9188 1032 361
1163463992.9188 1033 362
1163463992.9188 1034 362
1163463992.9188 1035 362
1163463992.9188 1036 363
1163463992.9188 1037 363
1163463992.9188 1038 364
1163463992.9188 1039 364
1163463992.9188 1040 364
1163463992.9188 1041 364
1163463992.9188 1042 365
1163463992.9188 1043 365
1163463992.9188 1044 365
1163463992.9188 1045 365
1163463992.9188 1046 366
1163463992.9188 1046 366
1163463992.9188 1047 366
1163463992.9188 1048 366
1163463992.9188 1049 367
1163463992.9188 1050 367
1163463992.9188 1051 367
1163463992.9188 1052 367
1163463992.9188 1052 367
1163463992.9188 1053 368
1163463992.9188 1054 368
1163463992.9188 1055 368
1163463992.9188 1056 368
1163463992.9188 1057 369
1163463992.9188 1058 369
1163463992.9188 1059 369
1163463992.9188 1060 370
1163463992.9188 1061 371
1163463992.9188 1062 372
1163463992.9188 1062 372
1163463992.9188 1063 372
1163463992.9188 1064 372
1163463992.9188 1065 372
1163463992.9188 1066 373
1163463992.9188 1067 373
1163463992.9188 1068 373
1163463992.9188 1069 374
1163463992.9188 1070 374
1163463992.9188 1071 374
1163463992.9188 1072 374
1163463992.9188 1073 375
1163463992.9188 1074 375
1163463992.9188 1075 375
1163463992.9188 1076 375
1163463992.9188 1077 376
1163463992.9188 1078 377
1163463992.9188 1079 377
1163463992.9188 1079 377
1163463992.9188 1080 377
1163463992.9188 1081 378
1163463992.9188 1082 378
1163463992.9188 1083 378
1163463992.9188 1083 378
1163463992.9188 1083 378
1163463992.9188 1084 379
1163463992.9188 1085 379
1163463992.9188 1086 379
1163463992.9188 1087 380
1163463992.9188 1088 380
1163463992.9188 1089 380
1163463992.9188 1090 381
1163463992.9188 1091 381
1163463992.9188 1092 381
1163463992.9188 1093 381
1163463992.9188 1094 382
1163463992.9188 1095 382
1163463992.9188 1096 382
1163463992.9188 1097 383
1163463992.9188 1097 383
1163463992.9188 1098 383
1163463992.9188 1099 384
1163463992.9188 1100 384
1163463992.9188 1101 384
1163463992.9188 1102 385
1163463992.9188 1103 385
1163463992.9188 1104 385
1163463992.9188 1105 386
1163463992.9188 1105 386
1163463992.9188 1106 386
1163463992.9188 1107 386
1163463992.9188 1108 387
1163463992.9188 1109 388
1163463992.9188 1110 388
1163463992.9188 1111 388
1163463992.9188 1111 388
1163463992.9188 1112 389
1163463992.9188 1112 389
1163463992.9188 1113 389
1163463992.9188 1114 389
1163463992.9188 1115 389
1163463992.9188 1116 390
1163463992.9188 1117 390
1163463992.9188 1118 390
1163463992.9188 1119 390
1163463992.9188 1120 391
1163463992.9188 1121 391
1163463992.9188 1122 391
1163463992.9188 1123 392
1163463992.9188 1124 392
1163463992.9188 1125 392
1163463992.9188 1126 392
1163463992.9188 1127 393
1163463992.9188 1128 393
1163463992.9188 1129 393
1163463992.9188 1130 394
1163463992.9188 1131 394
1163463992.9188 1132 394
1163463992.9188 1133 395
1163463992.9188 1134 395
1163463992.9188 1135 395
1163463992.9188 1136 396
1163463992.9188 1136 396
1163463992.9188 1136 396
1163463992.9188 1137 396
1163463992.9188 1138 396
1163463992.9188 1139 397
1163463992.9188 1140 397
1163463992.9188 1141 397
1163463992.9188 1142 398
1163463992.9188 1142 398
1163463992.9188 1143 398
1163463992.9188 1143 398
1163463992.9188 1144 398
1163463992.9188 1145 399
1163463992.9188 1146 399
1163463992.9188 1146 399
1163463992.9188 1147 399
1163463992.9188 1147 399
1163463992.9188 1147 399
1163463992.9188 1148 400
1163463992.9188 1149 400
1163463992.9188 1150 400
1163463992.9188 1151 400
1163463992.9188 1152 401
1163463992.9188 1153 401
1163463992.9188 1153 401
1163463992.9188 1154 401
1163463992.9188 1154 401
1163463992.9188 1155 402
1163463992.9188 1156 402
1163463992.9188 1157 402
1163463992.9188 1158 402
1163463992.9188 1159 403
1163463992.9188 1160 403
1163463992.9188 1161 403
1163463992.9188 1162 404
1163463992.9188 1163 404
1163463992.9188 1164 404
1163463992.9188 1165 405
1163463992.9188 1166 405
1163463992.9188 1167 405
1163463992.9188 1168 406
1163463992.9188 1169 406
1163463992.9188 1170 406
1163463992.9188 1171 407
1163463992.9188 1172 407
1163463992.9188 1172 407
1163463992.9188 1173 408
1163463992.9188 1174 408
1163463992.9188 1175 408
1163463992.9188 1176 409
1163463992.9188 1177 409
1163463992.9188 1178 409
1163463992.9188 1179 409
1163463992.9188 1180 410
1163463992.9188 1181 410
1163463992.9188 1182 411
1163463992.9188 1182 411
1163463992.9188 1183 411
1163463992.9188 1184 411
1163463992.9188 1185 412
1163463992.9188 1186 412
1163463992.9188 1187 412
1163463992.9188 1188 412
1163463992.9188 1189 413
1163463992.9188 1190 413
1163463992.9188 1191 413
1163463992.9188 1191 413
1163463992.9188 1191 413
1163463992.9188 1192 414
1163463992.9188 1192 414
1163463992.9188 1193 415
1163463992.9188 1194 415
1163463992.9188 1195 416
1163463992.9188 1196 416
1163463992.9188 1197 416
1163463992.9188 1198 417
1163463992.9188 1199 417
1163463992.9188 1200 417
1163463992.9188 1201 417
1163463992.9188 1202 418
1163463992.9188 1203 418
1163463992.9188 1204 418
1163463992.9188 1204 418
1163463992.9188 1205 419
1163463992.9188 1206 419
1163463992.9188 1207 419
1163463992.9188 1208 419
1163463992.9188 1209 419
1163463992.9188 1210 420
1163463992.9188 1211 420
1163463992.9188 1212 420
1163463992.9188 1213 421
1163463992.9188 1213 421
1163463992.9188 1214 421
1163463992.9188 1215 421
1163463992.9188 1216 422
1163463992.9188 1217 422
1163463992.9188 1218 423
1163463992.9188 1219 423
1163463992.9188 1219 423
1163463992.9188 1219 423
1163463992.9188 1220 424
1163463992.9188 1221 424
1163463992.9188 1222 425
1163463992.9188 1223 425
1163463992.9188 1224 425
1163463992.9188 1225 426
1163463992.9188 1225 426
1163463992.9188 1226 426
1163463992.9188 1227 426
1163463992.9188 1228 427
1163463992.9188 1229 427
1163463992.9188 1230 427
1163463992.9188 1230 427
1163463992.9188 1231 428
1163463992.9188 1232 429
1163463992.9188 1233 429
1163463992.9188 1234 429
1163463992.9188 1235 429
1163463992.9188 1235 429
1163463992.9188 1236 430
1163463992.9188 1237 431
1163463992.9188 1238 431
1163463992.9188 1239 431
1163463992.9188 1239 431
1163463992.9188 1239 431
1163463992.9188 1240 431
1163463992.9188 1241 432
1163463992.9188 1242 432
1163463992.9188 1243 433
1163463992.9188 1244 433
1163463992.9188 1245 434
1163463992.9188 1246 434
1163463992.9188 1247 434
1163463992.9188 1248 435
1163463992.9188 1249 435
1163463992.9188 1250 435
1163463992.9188 1251 436
1163463992.9188 1251 436
1163463992.9188 1252 436
1163463992.9188 1253 436
1163463992.9188 1254 437
1163463992.9188 1255 437
1163463992.9188 1256 437
1163463992.9188 1257 438
1163463992.9188 1258 438
1163463992.9188 1259 438
1163463992.9188 1259 438
1163463992.9188 1260 438
1163463992.9188 1261 439
1163463992.9188 1262 439
1163463992.9188 1262 439
1163463992.9188 1263 439
1163463992.9188 1263 440
1016995772 1264 440
1016995772 1265 440
1016995772 1266 441
1016995772 1267 441
1016995772 1268 441
1016995772 1269 441
1016995772 1270 442
1016995772 1271 442
1016995772 1272 442
1016995772 1273 442
1016995772 1274 443
1016995772 1275 444
1016995772 1276 444
1016995772 1277 445
1016995772 1278 445
1016995772 1279 446
1016995772 1280 447
1016995772 1281 447
1016995772 1282 447
1016995772 1283 448
1016995772 1283 448
1016995772 1283 448
1016995772 1284 448
1016995772 1285 448
1016995772 1286 449
1016995772 1287 449
1016995772 1288 449
1016995772 1289 450
1016995772 1290 450
1016995772 1291 450
1016995772 1292 451
1016995772 1293 451
1016995772 1294 451
1016995772 1295 451
1016995772 1296 452
1016995772 1296 452
1016995772 1297 452
1016995772 1298 452
1016995772 1299 452
1016995772 1300 453
1016995772 1301 454
1016995772 1302 454
1016995772 1302 454
1016995772 1303 455
1016995772 1304 455
1016995772 1304 455
1016995772 1305 455
1016995772 1306 455
1016995772 1307 456
1016995772 1307 456
1016995772 1308 456
1016995772 1309 456
1016995772 1310 456
1016995772 1311 457
1016995772 1312 457
1016995772 1313 458
1016995772 1314 458
1016995772 1315 458
1016995772 1316 459
1016995772 1317 460
1016995772 1318 460
1016995772 1319 460
1016995772 1320 460
1016995772 1321 461
1016995772 1322 461
1016995772 1323 461
1016995772 1324 462
1016995772 1325 462
1016995772 1326 463
1016995772 1327 463
1016995772 1328 463
1016995772 1329 464
1016995772 1329 464
1016995772 1330 465
1016995772 1331 465
1016995772 1332 465
1016995772 1333 466
1016995772 1334 466
1016995772 1335 466
1016995772 1336 467
1016995772 1337 467
1016995772 1338 467
1016995772 1339 467
1016995772 1340 468
1016995772 1341 468
1016995772 1341 468
1016995772 1342 468
1016995772 1343 469
1016995772 1344 470
1016995772 1345 470
1016995772 1345 470
1016995772 1346 470
1016995772 1347 470
1016995772 1348 471
1016995772 1349 471
1016995772 1350 471
1016995772 1351 472
1016995772 1352 472
1016995772 1352 472
1016995772 1353 472
1016995772 1354 473
1016995772 1355 474
1016995772 1356 474
1016995772 1357 475
1016995772 1358 475
1016995772 1359 476
1016995772 1360 476
1016995772 1361 477
1016995772 1362 477
1016995772 1363 478
1016995772 1364 478
1016995772 1365 479
1016995772 1366 479
1016995772 1367 479
1016995772 1368 479
1016995772 1369 480
1016995772 1370 480
1016995772 1371 480
1016995772 1372 481
1016995772 1372 481
1016995772 1373 481
1016995772 1373 481
1016995772 1374 481
1016995772 1375 482
1016995772 1376 482
1016995772 1377 482
1016995772 1377 482
1016995772 1378 482
1016995772 1379 483
1016995772 1380 483
1016995772 1381 484
1016995772 1382 484
1016995772 1383 485
1016995772 1384 485
1016995772 1385 485
1016995772 1386 485
1016995772 1387 486
1016995772 1388 486
1016995772 1389 486
1016995772 1390 487
1016995772 1391 487
1016995772 1392 488
1016995772 1393 488
1016995772 1394 488
1016995772 1395 488
1016995772 1396 489
1016995772 1397 489
1016995772 1398 489
1016995772 1399 490
1016995772 1400 490
1016995772 1401 490
1016995772 1402 490
1016995772 1403 491
1016995772 1404 492
1016995772 1405 492
1016995772 1406 492
1016995772 1407 492
1016995772 1408 493
1016995772 1409 493
1016995772 1409 493
1016995772 1410 494
1016995772 1411 494
1016995772 1412 494
1016995772 1413 495
1016995772 1414 495
1016995772 1415 495
1016995772 1415 495
1016995772 1416 496
1016995772 1417 496
1016995772 1417 496
1016995772 1418 496
1016995772 1419 496
1016995772 1420 497
1016995772 1421 497
1016995772 1422 497
1016995772 1422 497
1016995772 1423 498
1016995772 1423 498
1016995772 1424 498
1016995772 1425 498
1016995772 1425 498
1016995772 1426 498
1016995772 1427 499
1016995772 1428 499
1016995772 1429 500
1016995772 1430 501
1016995772 1431 501
1016995772 1432 501
1016995772 1433 502
1016995772 1434 502
1016995772 1434 502
1016995772 1435 503
1016995772 1436 503
1016995772 1437 503
1016995772 1438 504
1016995772 1438 504
1016995772 1439 504
1016995772 1440 504
1016995772 1441 505
1016995772 1442 505
1016995772 1442 505
1016995772 1443 505
1016995772 1444 506
1016995772 1445 506
1016995772 1446 507
1016995772 1447 507
1016995772 1448 508
1016995772 1448 508
1016995772 1449 508
1016995772 1450 509
1016995772 1451 509
1016995772 1451 509
1016995772 1451 509
1016995772 1452 509
1016995772 1453 509
1016995772 1454 510
1016995772 1455 510
1016995772 1456 511
1016995772 1457 511
1016995772 1458 512
1016995772 1459 512
1016995772 1460 512
1016995772 1460 512
1016995772 1461 513
1016995772 1462 513
1016995772 1463 514
1016995772 1464 514
1016995772 1465 514
1016995772 1466 515
1016995772 1467 516
1016995772 1468 516
1016995772 1469 516
1016995772 1469 516
1016995772 1470 517
1016995772 1471 517
1016995772 1472 517
1016995772 1473 518
1016995772 1474 519
1016995772 1475 519
1016995772 1476 520
1016995772 1477 520
1016995772 1478 520
1016995772 1479 521
1016995772 1480 521
1016995772 1481 521
1016995772 1482 522
1016995772 1483 522
1016995772 1484 522
1016995772 1484 522
1016995772 1485 523
1016995772 1486 523
1016995772 1487 523
1016995772 1487 523
1016995772 1488 524
1016995772 1489 524
1016995772 1490 525
1016995772 1491 525
1016995772 1492 526
1016995772 1493 526
1016995772 1493 526
1016995772 1494 527
1016995772 1495 527
1016995772 1496 527
1016995772 1497 528
1016995772 1498 529
1016995772 1499 529
1016995772 1500 529
1016995772 1500 529
1016995772 1500 529
1016995772 1500 529
1016995772 1501 529
1016995772 1502 530
1016995772 1503 531
1016995772 1503 531
1016995772 1503 531
1016995772 1504 531
1016995772 1505 531
1016995772 1506 532
1016995772 1507 533
1016995772 1507 533
1016995772 1507 533
1016995772 1508 533
1016995772 1509 534
1016995772 1510 534
1016995772 1511 534
1016995772 1512 535
1016995772 1513 535
1016995772 1514 535
1016995772 1514 535
1016995772 1515 536
1016995772 1516 536
1016995772 1517 536
1016995772 1518 537
1016995772 1519 537
1016995772 1520 537
1016995772 1521 538
1016995772 1522 538
1016995772 1523 539
1016995772 1524 540
1016995772 1525 540
1016995772 1526 540
1016995772 1527 540
1016995772 1528 541
1016995772 1529 541
1016995772 1529 541
1016995772 1530 541
1016995772 1531 542
1016995772 1532 542
1016995772 1533 542
1016995772 1534 542
1016995772 1535 543
1016995772 1536 543
1016995772 1537 543
1016995772 1538 544
1016995772 1539 544
1016995772 1539 544
1016995772 1540 544
1016995772 1541 545
1016995772 1542 545
1016995772 1542 545
1016995772 1542 545
1016995772 1543 546
1016995772 1544 546
1016995772 1545 546
1016995772 1546 547
1016995772 1547 547
1016995772 1548 547
1016995772 1549 548
1016995772 1550 548
1016995772 1551 548
1016995772 1552 548
1016995772 1553 549
1016995772 1554 549
1016995772 1555 549
1016995772 1556 550
1016995772 1557 550
1016995772 1558 550
1016995772 1559 551
1016995772 1560 551
1016995772 1561 551
1016995772 1562 551
1016995772 1562 551
1016995772 1563 552
1016995772 1564 552
1016995772 1565 552
1016995772 1566 553
1016995772 1567 553
1016995772 1568 553
1016995772 1569 554
1016995772 1570 554
1016995772 1571 554
1016995772 1572 554
1016995772 1573 555
1016995772 1574 555
1016995772 1575 555
1016995772 1576 556
1016995772 1577 556
1016995772 1578 556
1016995772 1579 556
1016995772 1580 557
1016995772 1581 557
1016995772 1582 557
1016995772 1582 557
1016995772 1583 558
1016995772 1584 558
1016995772 1585 558
1016995772 1586 559
1016995772 1587 559
1016995772 1588 559
1016995772 1588 559
1016995772 1589 559
1016995772 1590 560
1016995772 1591 560
1016995772 1592 560
1016995772 1593 560
1016995772 1594 561
1016995772 1595 561
1016995772 1596 561
1016995772 1596 561
1016995772 1597 562
1016995772 1597 562
1016995772 1597 562
1016995772 1598 562
1016995772 1598 562
1016995772 1599 562
1016995772 1600 563
1016995772 1601 563
1016995772 1602 563
1016995772 1603 564
1016995772 1603 564
1016995772 1604 564
1016995772 1605 565
1016995772 1606 565
1016995772 1607 566
1016995772 1608 566
1016995772 1609 566
1016995772 1610 566
1016995772 1611 567
1016995772 1612 567
1016995772 1613 567
1016995772 1614 567
1016995772 1615 568
1016995772 1616 568
1016995772 1617 568
1016995772 1617 569
1016995772 1618 569
1016995772 1619 569
1016995772 1619 569
1016995772 1620 570
1016995772 1621 570
1016995772 1622 571
1016995772 1623 571
1016995772 1623 571
1016995772 1624 571
1016995772 1625 571
1016995772 1626 572
1016995772 1626 572
1016995772 1626 572
1016995772 1627 573
1016995772 1628 573
1016995772 1629 573
1016995772 1630 574
1016995772 1631 574
1016995772 1632 574
1016995772 1632 574
1016995772 1633 575
1016995772 1634 575
1016995772 1635 575
1016995772 1636 575
1016995772 1637 576
1016995772 1638 576
1016995772 1639 576
1016995772 1640 576
1016995772 1641 577
1016995772 1641 577
1016995772 1642 578
1016995772 1643 578
1016995772 1644 578
1016995772 1645 579
1016995772 1646 579
1016995772 1647 579
1016995772 1648 579
1016995772 1648 579
1016995772 1649 580
1016995772 1650 580
1016995772 1651 580
1016995772 1652 581
1016995772 1653 581
1016995772 1654 581
1016995772 1655 582
1016995772 1655 582
1016995772 1655 582
1016995772 1656 582
1016995772 1657 582
1016995772 1658 583
1016995772 1659 583
1016995772 1660 583
1016995772 1661 584
1016995772 1662 584
1016995772 1662 584
1016995772 1663 585
1016995772 1664 585
1016995772 1665 586
1016995772 1666 586
1016995772 1667 586
1016995772 1668 586
1016995772 1669 587
1016995772 1670 587
1016995772 1671 587
1016995772 1672 588
1016995772 1673 588
1016995772 1674 588
1016995772 1674 588
1016995772 1675 589
1016995772 1676 590
1016995772 1677 590
1016995772 1678 590
1016995772 1679 591
1016995772 1680 591
1016995772 1681 591
1016995772 1682 592
1016995772 1683 592
1016995772 1683 592
1016995772 1684 592
1016995772 1685 592
1016995772 1686 593
1016995772 1687 593
1016995772 1688 593
1016995772 1688 593
1016995772 1689 594
1016995772 1690 594
1016995772 1691 594
1016995772 1692 595
1016995772 1693 595
1016995772 1694 595
1016995772 1695 596
1016995772 1696 596
1016995772 1696 596
1016995772 1696 596
1016995772 1697 596
1016995772 1697 596
1016995772 1698 596
1016995772 1699 597
1016995772 1699 597
1016995772 1700 597
1016995772 1700 597
1016995772 1701 597
1016995772 1702 598
1016995772 1703 598
1016995772 1703 598
1016995772 1704 598
1016995772 1705 598
1016995772 1706 599
1016995772 1707 599
1016995772 1708 599
1016995772 1709 600
1016995772 1710 600
1016995772 1710 600
1016995772 1711 600
1016995772 1712 601
