4782335518 1 3
4782335518 1 3
4782335518 1 3
3335680511 2 3
3335680511 3 3
1519547694.1983 4 3
1519547694.1983 5 4
1519547694.1983 6 4
1519547694.1983 6 4
1519547694.1983 7 4
1519547694.1983 8 4
1519547694.1983 9 5
1519547694.1983 10 5
1519547694.1983 11 6
1519547694.1983 12 6
1519547694.1983 13 6
1519547694.1983 14 6
1519547694.1983 14 6
1519547694.1983 15 8
1519547694.1983 16 8
1353055302 17 8
1353055302 18 9
1353055302 19 9
1353055302 20 9
1353055302 21 10
1353055302 22 10
1353055302 23 10
1353055302 24 11
1353055302 25 11
1353055302 25 11
1353055302 26 11
1353055302 27 12
1353055302 28 12
1353055302 29 12
1353055302 30 13
1353055302 31 13
1353055302 32 14
1353055302 33 14
1353055302 34 14
1353055302 34 14
1353055302 35 15
1353055302 36 15
1353055302 37 15
1353055302 38 16
1353055302 38 16
1353055302 39 16
1353055302 40 16
1353055302 41 17
1353055302 42 17
1310557223.7957 43 17
1310557223.7957 44 17
1310557223.7957 45 18
1310557223.7957 46 18
1310557223.7957 47 19
1310557223.7957 48 19
1310557223.7957 49 19
1310557223.7957 50 20
1310557223.7957 51 20
1310557223.7957 51 20
1310557223.7957 52 20
1310557223.7957 53 20
1310557223.7957 54 21
1310557223.7957 55 21
1310557223.7957 56 21
1310557223.7957 57 22
1310557223.7957 58 22
1310557223.7957 59 22
1310557223.7957 60 23
1310557223.7957 61 23
1310557223.7957 62 23
1310557223.7957 63 24
1310557223.7957 63 24
1310557223.7957 64 25
1310557223.7957 65 25
1310557223.7957 65 25
1310557223.7957 66 25
1310557223.7957 67 25
1310557223.7957 68 26
1310557223.7957 69 26
1310557223.7957 70 27
1310557223.7957 71 27
1310557223.7957 72 27
1310557223.7957 72 27
1310557223.7957 73 28
1310557223.7957 74 28
1310557223.7957 75 29
1310557223.7957 76 29
1310557223.7957 77 29
1310557223.7957 78 29
1310557223.7957 79 30
1310557223.7957 80 30
1310557223.7957 81 30
1310557223.7957 82 31
1227702210 83 31
1227702210 83 31
1227702210 84 31
1227702210 84 31
1227702210 85 31
1227702210 86 32
1227702210 87 32
1227702210 87 32
1227702210 88 32
1227702210 89 33
1227702210 90 33
1227702210 91 34
1227702210 92 34
1227702210 93 34
1227702210 94 35
1227702210 95 35
1227702210 96 36
1227702210 97 36
1227702210 98 37
1227702210 99 37
1227702210 100 37
1227702210 101 37
1227702210 102 38
1227702210 103 38
1227702210 104 38
1227702210 105 39
1227702210 106 39
1227702210 107 40
1227702210 108 40
1227702210 108 40
1227702210 109 40
1227702210 110 41
1227702210 111 41
1227702210 112 41
1227702210 113 41
1227702210 114 42
1227702210 115 42
1227702210 116 43
1227702210 117 43
1227702210 118 43
1227702210 119 43
1227702210 120 44
1227702210 121 44
1227702210 121 44
1227702210 121 44
1227702210 122 44
1227702210 123 44
1227702210 124 45
1227702210 124 45
1227702210 124 45
1227702210 125 45
1227702210 125 45
1227702210 126 45
1227702210 127 45
1227702210 128 46
1227702210 128 46
1227702210 128 46
1227702210 129 46
1227702210 130 47
1227702210 131 47
1227702210 132 48
1227702210 133 49
1227702210 134 50
1227702210 135 50
1227702210 136 50
1227702210 137 50
1227702210 138 52
1227702210 139 52
1227702210 140 52
1227702210 141 52
1227702210 142 53
1227702210 143 53
1227702210 144 53
1227702210 145 54
1227702210 146 54
1227702210 146 54
1227702210 147 55
1227702210 148 55
1227702210 149 55
1227702210 150 56
1227702210 151 56
1227702210 152 56
1227702210 153 57
1227702210 154 57
1227702210 154 57
1227702210 155 57
1227702210 156 57
1227702210 157 58
1227702210 158 58
1227702210 159 58
1227702210 159 58
1227702210 160 58
1227702210 161 59
1227702210 161 59
1227702210 162 59
1227702210 163 59
1227702210 164 60
1227702210 165 60
1227702210 166 60
1227702210 167 61
1227702210 168 61
1227702210 169 61
1227702210 170 61
1227702210 171 62
1227702210 172 62
1227702210 173 62
1227702210 174 63
1227702210 175 63
1227702210 176 63
1227702210 177 64
1227702210 178 64
1227702210 179 64
1227702210 180 64
1227702210 181 65
1227702210 182 65
1227702210 182 65
1227702210 183 65
1227702210 184 65
1227702210 185 66
1227702210 186 67
1227702210 187 67
1227702210 188 67
1227702210 189 68
1227702210 190 68
1227702210 191 68
1227702210 192 69
1227702210 193 69
1227702210 194 69
1227702210 195 70
1227702210 196 71
1227702210 196 71
1227702210 196 71
1227702210 196 71
1227702210 197 71
1227702210 198 71
1227702210 199 72
1227702210 200 72
1227702210 201 72
1227702210 202 73
1227702210 203 73
1227702210 204 73
1227702210 205 74
1227702210 206 74
1227702210 207 74
1227702210 208 75
1227702210 208 75
1227702210 209 75
1227702210 210 75
1227702210 211 75
1227702210 212 76
1227702210 212 76
1227702210 213 77
1227702210 213 77
1227702210 214 77
1227702210 214 77
1227702210 215 77
1227702210 216 78
1227702210 216 78
1227702210 217 78
1227702210 218 79
1227702210 219 79
1227702210 219 79
1227702210 219 79
1227702210 220 79
1227702210 221 79
1227702210 222 80
1227702210 223 80
1227702210 224 80
1227702210 225 81
1227702210 226 82
1227702210 227 82
1227702210 228 83
1227702210 229 83
1227702210 229 83
1227702210 230 83
1227702210 231 84
1227702210 232 84
1227702210 233 84
1227702210 234 84
1227702210 235 85
1227702210 235 85
1227702210 236 85
1227702210 237 85
1227702210 238 86
1227702210 239 86
1227702210 240 86
1227702210 241 86
1227702210 242 87
1227702210 243 87
1179998960 244 87
1179998960 245 87
1179998960 246 88
1179998960 247 88
1179998960 248 89
1179998960 249 89
1179998960 250 90
1179998960 250 90
1179998960 251 90
1179998960 252 90
1179998960 252 90
1179998960 253 90
1179998960 253 90
1179998960 254 91
1179998960 255 91
1179998960 255 91
1179998960 256 91
1179998960 257 91
1179998960 258 92
1179998960 259 92
984000555 260 92
984000555 261 93
984000555 262 93
984000555 262 93
984000555 263 94
984000555 264 94
984000555 264 94
984000555 265 95
984000555 266 95
984000555 267 95
984000555 267 95
984000555 268 96
984000555 269 96
984000555 270 97
984000555 271 97
984000555 272 97
984000555 272 97
984000555 273 97
984000555 274 98
984000555 275 98
984000555 276 99
984000555 277 99
984000555 278 100
984000555 279 100
984000555 280 100
984000555 281 101
984000555 281 101
984000555 282 101
984000555 283 101
984000555 284 102
984000555 285 102
984000555 285 102
984000555 286 102
984000555 287 103
984000555 287 103
984000555 288 103
984000555 289 104
984000555 290 104
984000555 291 104
984000555 292 104
984000555 293 105
984000555 294 105
984000555 295 105
984000555 296 105
984000555 297 106
984000555 298 106
984000555 298 106
984000555 299 106
984000555 300 107
984000555 301 107
984000555 302 108
984000555 303 108
984000555 303 108
984000555 304 108
984000555 305 108
984000555 306 109
984000555 307 109
984000555 308 110
984000555 309 110
984000555 310 110
984000555 311 111
984000555 312 111
984000555 313 111
984000555 314 112
984000555 315 112
984000555 316 112
984000555 316 112
984000555 317 113
984000555 317 113
984000555 318 113
984000555 319 113
984000555 320 114
984000555 321 114
984000555 322 114
984000555 323 115
984000555 323 115
984000555 324 115
984000555 325 115
984000555 326 115
984000555 327 116
984000555 328 116
984000555 329 116
984000555 330 117
984000555 331 117
984000555 332 117
984000555 333 118
984000555 333 118
984000555 334 118
984000555 335 118
984000555 336 118
984000555 336 118
984000555 336 118
984000555 337 119
984000555 337 119
984000555 338 119
984000555 339 119
984000555 340 120
984000555 341 120
984000555 342 120
984000555 343 121
984000555 344 121
984000555 345 121
984000555 346 122
984000555 347 122
984000555 348 122
984000555 349 123
984000555 350 124
984000555 351 124
984000555 352 124
984000555 353 124
984000555 354 125
984000555 355 125
984000555 356 125
984000555 357 126
984000555 358 126
984000555 358 126
984000555 359 126
984000555 359 126
984000555 360 127
984000555 361 127
984000555 362 127
984000555 363 128
984000555 364 128
984000555 365 128
984000555 366 129
984000555 367 129
984000555 368 129
984000555 369 130
984000555 370 130
984000555 370 130
984000555 371 130
984000555 371 130
984000555 372 131
984000555 373 131
984000555 373 131
984000555 374 132
984000555 375 132
984000555 376 133
984000555 376 133
984000555 377 133
984000555 378 133
984000555 379 134
984000555 380 134
984000555 381 134
984000555 382 134
984000555 383 135
984000555 384 135
984000555 385 135
984000555 386 135
984000555 387 136
984000555 388 136
984000555 389 136
984000555 390 136
984000555 391 137
984000555 392 137
984000555 393 138
984000555 394 138
984000555 395 138
984000555 396 138
984000555 397 139
984000555 398 139
984000555 399 140
984000555 400 140
984000555 401 140
984000555 402 141
984000555 403 141
984000555 403 141
984000555 404 141
984000555 405 142
984000555 406 142
984000555 407 142
984000555 408 143
984000555 409 143
984000555 410 143
984000555 411 143
984000555 412 144
984000555 413 144
984000555 414 144
984000555 415 144
984000555 415 144
984000555 416 145
984000555 417 145
984000555 418 145
984000555 419 146
984000555 420 146
984000555 421 146
984000555 421 146
984000555 422 147
984000555 422 147
984000555 422 147
984000555 423 147
984000555 424 147
984000555 425 147
984000555 426 148
984000555 427 148
984000555 428 148
984000555 429 148
984000555 430 149
984000555 431 149
984000555 432 149
984000555 432 149
984000555 433 150
984000555 434 150
984000555 435 150
984000555 436 150
984000555 436 150
984000555 437 151
984000555 438 151
984000555 439 151
984000555 440 151
984000555 441 152
984000555 442 152
984000555 442 152
984000555 443 152
984000555 443 152
984000555 444 152
984000555 444 152
984000555 445 153
984000555 445 153
984000555 446 153
984000555 447 153
984000555 448 154
984000555 449 154
984000555 450 154
984000555 451 154
984000555 452 155
984000555 453 155
984000555 454 155
984000555 454 155
984000555 455 155
984000555 456 156
984000555 456 156
984000555 457 156
984000555 458 156
984000555 459 157
984000555 460 157
984000555 461 157
984000555 462 157
984000555 463 158
984000555 464 158
984000555 465 158
984000555 466 159
984000555 467 159
984000555 468 159
984000555 469 160
984000555 469 160
984000555 470 160
984000555 471 160
984000555 472 160
984000555 473 161
984000555 474 161
984000555 474 161
984000555 475 161
984000555 475 161
984000555 476 162
984000555 477 162
984000555 478 163
984000555 479 163
984000555 480 163
984000555 481 164
984000555 482 164
984000555 483 164
984000555 484 164
984000555 485 165
984000555 486 165
984000555 487 165
984000555 488 166
984000555 488 166
984000555 489 166
984000555 489 166
984000555 490 166
984000555 491 167
984000555 492 168
984000555 493 168
984000555 494 168
984000555 495 168
984000555 496 169
984000555 496 169
984000555 497 169
984000555 498 169
984000555 499 170
984000555 500 170
984000555 501 170
984000555 502 171
984000555 503 171
984000555 503 171
984000555 504 171
984000555 505 171
984000555 506 172
984000555 507 172
984000555 508 173
984000555 509 173
984000555 510 173
984000555 511 174
984000555 512 175
984000555 513 175
984000555 514 175
984000555 515 176
984000555 516 177
984000555 517 177
984000555 518 177
984000555 519 178
984000555 519 178
984000555 520 178
984000555 520 179
984000555 521 179
984000555 522 179
984000555 523 179
984000555 524 180
984000555 525 180
984000555 526 180
984000555 527 180
984000555 528 181
984000555 529 181
984000555 530 181
984000555 531 182
984000555 532 182
984000555 533 182
984000555 534 183
984000555 535 183
984000555 536 184
984000555 537 184
984000555 538 184
984000555 539 185
984000555 539 185
984000555 539 185
984000555 540 185
984000555 541 185
984000555 541 185
984000555 542 187
984000555 543 187
984000555 544 188
984000555 545 188
984000555 546 188
984000555 547 189
984000555 548 189
984000555 549 190
984000555 550 190
984000555 551 190
984000555 552 191
984000555 553 191
984000555 554 191
984000555 554 191
984000555 555 192
984000555 556 192
984000555 556 192
984000555 557 192
984000555 558 193
984000555 559 193
984000555 560 193
984000555 561 194
984000555 561 194
984000555 562 194
984000555 562 194
984000555 563 194
984000555 563 194
984000555 564 194
984000555 565 195
984000555 566 196
984000555 567 196
984000555 568 196
984000555 568 196
984000555 569 197
984000555 570 197
984000555 571 198
984000555 572 198
984000555 573 198
984000555 573 198
984000555 574 198
984000555 574 198
984000555 574 198
984000555 575 199
984000555 575 199
984000555 576 199
984000555 577 200
984000555 578 200
984000555 579 200
984000555 580 201
984000555 580 201
984000555 581 201
984000555 582 201
984000555 583 201
984000555 584 202
984000555 585 202
984000555 586 202
984000555 587 203
984000555 588 203
984000555 589 203
984000555 590 203
984000555 590 204
984000555 591 204
984000555 592 204
984000555 593 205
984000555 594 205
984000555 595 206
984000555 596 206
984000555 597 206
984000555 598 206
984000555 598 206
984000555 599 207
984000555 600 207
984000555 601 207
984000555 602 207
984000555 603 208
984000555 604 208
984000555 605 208
984000555 606 209
984000555 607 209
984000555 608 209
984000555 609 209
984000555 610 210
984000555 611 210
984000555 612 211
984000555 612 211
984000555 613 211
984000555 613 211
984000555 614 211
984000555 615 212
984000555 616 212
984000555 617 212
984000555 617 212
984000555 618 213
984000555 619 213
984000555 620 213
984000555 621 213
984000555 622 214
984000555 622 214
984000555 623 214
984000555 624 215
984000555 625 215
984000555 626 215
984000555 627 215
984000555 627 215
984000555 628 216
984000555 629 216
984000555 630 217
984000555 631 217
984000555 631 217
984000555 631 217
984000555 632 218
984000555 633 218
984000555 634 218
984000555 635 219
984000555 636 219
984000555 636 219
984000555 637 219
984000555 638 219
984000555 639 220
984000555 640 220
984000555 640 220
984000555 641 220
984000555 642 221
984000555 643 221
984000555 643 221
984000555 644 221
984000555 645 221
984000555 646 222
984000555 646 222
984000555 647 223
984000555 648 223
984000555 649 223
984000555 650 224
984000555 651 224
984000555 651 224
984000555 652 224
984000555 653 224
984000555 654 225
984000555 654 225
984000555 655 225
984000555 656 225
984000555 657 226
984000555 658 226
984000555 659 226
984000555 660 227
984000555 661 227
984000555 662 227
984000555 663 227
984000555 664 228
984000555 665 228
984000555 666 228
984000555 667 229
984000555 668 229
984000555 669 229
984000555 669 229
984000555 669 229
984000555 670 230
984000555 671 230
984000555 672 231
984000555 673 231
984000555 674 231
984000555 675 231
984000555 676 232
984000555 677 232
984000555 678 233
984000555 679 233
984000555 679 233
984000555 680 233
984000555 681 234
984000555 681 234
984000555 682 234
984000555 683 234
984000555 683 234
984000555 684 235
984000555 685 235
984000555 686 235
984000555 687 236
984000555 688 236
984000555 689 237
984000555 690 237
984000555 691 237
984000555 692 238
984000555 693 239
984000555 694 240
984000555 695 240
984000555 696 240
984000555 697 240
984000555 698 241
984000555 699 241
984000555 700 242
984000555 701 242
984000555 702 242
984000555 703 243
984000555 704 244
984000555 705 244
984000555 706 244
984000555 706 244
984000555 707 245
984000555 708 245
984000555 709 245
984000555 710 246
984000555 711 246
984000555 712 246
984000555 712 246
984000555 713 247
984000555 713 247
984000555 714 247
984000555 715 247
984000555 716 248
984000555 717 248
984000555 718 248
984000555 718 248
984000555 719 249
984000555 720 250
984000555 721 250
984000555 722 250
984000555 722 250
984000555 723 251
984000555 724 251
984000555 724 251
984000555 725 251
984000555 726 252
984000555 727 253
984000555 727 253
984000555 728 253
984000555 729 253
984000555 730 254
984000555 731 254
984000555 732 254
984000555 733 254
984000555 734 255
984000555 735 255
984000555 736 255
984000555 737 255
984000555 738 256
984000555 739 256
984000555 740 256
984000555 741 257
984000555 742 257
984000555 743 257
984000555 744 257
984000555 745 258
984000555 746 258
984000555 747 258
984000555 748 259
984000555 749 259
984000555 750 259
984000555 751 260
984000555 752 260
984000555 753 261
984000555 754 261
984000555 755 261
984000555 756 261
984000555 756 262
984000555 757 262
984000555 758 262
984000555 759 262
984000555 760 263
984000555 761 263
984000555 762 264
984000555 763 264
984000555 764 264
984000555 765 265
984000555 766 265
984000555 766 265
984000555 767 265
984000555 768 265
984000555 769 266
984000555 770 266
984000555 771 266
984000555 772 267
984000555 773 268
984000555 774 268
984000555 774 268
984000555 775 268
984000555 776 269
984000555 776 269
984000555 777 270
984000555 778 270
984000555 779 270
984000555 779 270
984000555 780 271
984000555 781 271
984000555 781 271
984000555 782 271
984000555 783 272
984000555 784 272
984000555 785 273
984000555 786 273
984000555 787 273
984000555 788 273
984000555 789 274
984000555 790 274
984000555 791 274
984000555 792 274
984000555 793 275
984000555 794 275
984000555 795 275
984000555 796 276
984000555 797 276
984000555 798 276
984000555 799 276
984000555 800 277
984000555 801 277
984000555 802 277
984000555 803 278
984000555 804 278
984000555 805 278
984000555 806 278
984000555 807 279
984000555 808 279
984000555 809 279
984000555 810 280
984000555 811 280
984000555 812 280
984000555 813 281
984000555 813 281
984000555 814 281
984000555 815 281
984000555 815 281
984000555 816 281
984000555 817 282
984000555 818 282
984000555 818 282
984000555 819 282
984000555 819 282
984000555 820 283
984000555 821 284
984000555 821 284
984000555 821 284
984000555 822 284
984000555 823 284
984000555 824 285
984000555 825 285
984000555 826 285
984000555 827 286
984000555 828 286
984000555 829 286
984000555 830 287
984000555 831 287
984000555 831 287
984000555 832 288
984000555 833 288
984000555 834 289
984000555 834 289
984000555 835 290
984000555 835 290
984000555 836 291
984000555 837 291
984000555 838 291
984000555 839 292
984000555 839 292
984000555 840 292
984000555 841 292
984000555 842 292
984000555 843 293
984000555 844 293
984000555 845 293
984000555 846 294
984000555 847 294
984000555 848 294
984000555 849 294
984000555 850 295
984000555 851 295
984000555 852 295
984000555 853 296
984000555 854 296
984000555 855 296
984000555 856 296
984000555 857 297
984000555 858 297
984000555 859 297
984000555 860 298
984000555 861 298
984000555 862 298
984000555 863 298
984000555 864 299
984000555 865 299
984000555 866 299
984000555 867 300
984000555 868 300
984000555 869 300
984000555 870 301
984000555 871 301
984000555 872 302
984000555 873 302
984000555 873 302
984000555 874 302
984000555 875 302
984000555 876 303
984000555 877 304
984000555 878 304
984000555 879 304
984000555 880 305
984000555 881 305
984000555 882 305
984000555 883 306
984000555 884 306
984000555 885 306
984000555 886 307
984000555 887 308
984000555 888 308
984000555 889 308
984000555 890 309
984000555 891 310
984000555 892 310
984000555 893 310
984000555 894 311
984000555 895 311
984000555 896 311
984000555 897 311
984000555 898 312
984000555 899 312
984000555 900 313
984000555 901 313
984000555 901 313
984000555 902 313
984000555 903 314
984000555 904 314
984000555 905 314
984000555 905 314
984000555 906 315
984000555 907 315
984000555 908 315
984000555 908 315
984000555 909 317
984000555 910 317
984000555 911 317
984000555 912 317
984000555 913 318
984000555 914 318
984000555 915 318
984000555 916 319
984000555 917 320
984000555 918 321
984000555 919 321
984000555 920 321
984000555 921 321
984000555 921 321
984000555 922 322
984000555 923 322
984000555 924 322
984000555 925 323
984000555 926 323
984000555 927 323
984000555 928 324
984000555 929 324
984000555 930 324
984000555 931 324
984000555 932 325
984000555 932 325
984000555 932 325
984000555 932 325
984000555 933 325
984000555 934 326
984000555 935 326
984000555 936 326
984000555 937 327
984000555 938 327
984000555 939 328
984000555 940 328
984000555 941 328
984000555 942 329
984000555 943 329
984000555 944 329
984000555 945 330
984000555 946 330
984000555 947 331
984000555 948 332
984000555 949 332
984000555 949 332
984000555 950 332
984000555 951 333
984000555 952 333
984000555 953 333
984000555 954 334
984000555 955 334
984000555 956 335
984000555 957 335
984000555 958 335
984000555 959 335
984000555 960 336
984000555 961 336
984000555 962 336
984000555 962 336
984000555 963 337
984000555 964 337
984000555 965 337
984000555 966 338
984000555 966 338
984000555 966 338
984000555 967 338
984000555 968 338
984000555 969 338
984000555 970 339
984000555 970 339
984000555 971 339
984000555 971 339
984000555 972 339
984000555 973 340
984000555 973 340
984000555 974 340
984000555 975 340
984000555 976 341
984000555 977 341
984000555 978 341
984000555 979 341
984000555 980 342
984000555 980 342
984000555 981 342
984000555 982 342
984000555 983 343
984000555 984 343
984000555 985 343
984000555 985 343
984000555 986 343
984000555 987 344
984000555 988 344
984000555 989 345
984000555 990 345
984000555 991 345
984000555 992 346
984000555 993 346
984000555 994 346
984000555 995 347
984000555 995 347
984000555 996 348
984000555 996 348
984000555 997 348
984000555 998 348
984000555 998 348
984000555 999 349
984000555 999 349
984000555 1000 349
984000555 1001 349
984000555 1002 349
984000555 1003 350
984000555 1004 350
984000555 1005 351
984000555 1006 351
984000555 1007 351
984000555 1008 352
984000555 1009 352
984000555 1010 353
984000555 1010 353
984000555 1011 353
984000555 1011 353
984000555 1012 353
984000555 1013 353
984000555 1014 354
984000555 1015 354
984000555 1016 354
984000555 1016 354
984000555 1017 354
984000555 1018 355
984000555 1019 355
984000555 1020 355
984000555 1021 356
984000555 1022 356
984000555 1023 356
984000555 1024 356
984000555 1025 357
984000555 1026 357
984000555 1027 357
984000555 1028 358
984000555 1029 358
984000555 1030 359
984000555 1030 359
984000555 1030 359
984000555 1031 359
984000555 1031 359
984000555 1032 359
984000555 1033 359
984000555 1034 360
984000555 1035 360
984000555 1036 360
984000555 1037 361
984000555 1038 361
984000555 1039 361
984000555 1040 361
984000555 1041 362
984000555 1042 362
984000555 1043 362
984000555 1044 363
984000555 1045 363
984000555 1046 363
984000555 1047 364
984000555 1048 364
984000555 1049 364
984000555 1050 365
984000555 1051 365
984000555 1052 365
984000555 1053 366
984000555 1054 366
984000555 1055 367
984000555 1056 367
984000555 1057 368
984000555 1057 368
984000555 1058 368
984000555 1058 368
984000555 1059 368
984000555 1060 368
984000555 1060 368
984000555 1061 369
984000555 1062 369
984000555 1063 369
984000555 1064 369
984000555 1065 370
984000555 1066 370
984000555 1067 370
984000555 1068 371
984000555 1069 371
984000555 1070 371
984000555 1071 372
984000555 1072 372
984000555 1072 372
984000555 1073 372
984000555 1074 373
984000555 1075 373
984000555 1075 373
984000555 1076 373
984000555 1077 374
984000555 1078 374
984000555 1078 374
984000555 1079 375
984000555 1079 375
984000555 1080 375
984000555 1081 375
984000555 1082 376
984000555 1083 376
984000555 1084 376
984000555 1084 376
984000555 1085 377
984000555 1086 377
984000555 1087 377
984000555 1087 377
984000555 1088 378
984000555 1089 378
984000555 1090 378
984000555 1091 378
984000555 1092 379
984000555 1093 379
984000555 1094 379
984000555 1094 379
984000555 1095 380
984000555 1096 380
984000555 1097 380
984000555 1098 380
984000555 1099 381
984000555 1100 381
984000555 1101 381
984000555 1102 382
984000555 1103 382
984000555 1103 382
984000555 1104 382
984000555 1105 382
984000555 1106 383
984000555 1107 383
984000555 1107 383
984000555 1107 383
984000555 1108 383
984000555 1109 384
984000555 1110 384
984000555 1111 385
984000555 1112 385
984000555 1112 385
984000555 1113 385
984000555 1114 385
984000555 1115 386
984000555 1116 386
984000555 1117 386
984000555 1118 387
984000555 1119 387
984000555 1120 387
984000555 1121 387
984000555 1122 388
984000555 1123 388
984000555 1124 388
984000555 1125 388
984000555 1126 389
984000555 1127 389
984000555 1128 389
984000555 1129 390
984000555 1130 391
984000555 1131 391
984000555 1131 391
984000555 1132 392
984000555 1133 392
984000555 1134 393
984000555 1135 393
984000555 1136 393
984000555 1137 394
984000555 1137 394
984000555 1138 394
984000555 1139 394
984000555 1139 394
984000555 1139 394
984000555 1140 394
984000555 1141 395
984000555 1142 395
984000555 1143 396
984000555 1144 396
984000555 1145 396
984000555 1145 396
984000555 1146 396
984000555 1147 397
984000555 1148 397
984000555 1149 397
984000555 1150 398
984000555 1151 398
984000555 1152 398
984000555 1153 399
984000555 1154 399
984000555 1155 399
984000555 1156 399
984000555 1157 400
984000555 1158 400
984000555 1159 400
984000555 1160 401
984000555 1161 401
984000555 1162 402
984000555 1162 402
984000555 1163 402
984000555 1164 402
984000555 1165 403
984000555 1166 403
984000555 1167 403
984000555 1168 404
984000555 1169 404
984000555 1170 404
984000555 1171 404
984000555 1172 405
984000555 1173 406
984000555 1173 406
984000555 1174 406
984000555 1175 406
984000555 1176 406
984000555 1177 407
984000555 1178 407
984000555 1179 408
984000555 1180 409
984000555 1181 409
984000555 1182 409
984000555 1183 410
984000555 1184 410
984000555 1184 410
984000555 1185 411
984000555 1186 411
984000555 1187 411
984000555 1188 411
984000555 1189 412
984000555 1190 412
984000555 1191 412
984000555 1192 413
984000555 1192 413
984000555 1193 414
984000555 1194 414
984000555 1195 414
984000555 1196 415
984000555 1197 415
984000555 1198 415
984000555 1198 415
984000555 1199 416
984000555 1200 416
984000555 1201 417
984000555 1202 417
984000555 1203 417
984000555 1204 417
984000555 1205 418
984000555 1206 418
984000555 1207 419
984000555 1208 419
984000555 1209 419
984000555 1209 419
984000555 1210 419
984000555 1211 420
984000555 1212 420
984000555 1213 420
984000555 1214 420
984000555 1215 421
984000555 1216 421
984000555 1217 421
984000555 1218 422
984000555 1219 422
984000555 1220 423
984000555 1221 423
984000555 1222 424
984000555 1222 424
984000555 1223 424
984000555 1224 424
984000555 1225 424
984000555 1225 424
984000555 1226 425
984000555 1227 425
984000555 1228 425
984000555 1229 426
984000555 1230 426
984000555 1231 426
984000555 1232 426
984000555 1233 427
984000555 1234 427
984000555 1235 427
984000555 1236 427
984000555 1237 428
984000555 1237 428
984000555 1238 428
984000555 1239 428
984000555 1240 428
984000555 1240 428
984000555 1241 429
984000555 1242 429
984000555 1243 429
984000555 1244 430
984000555 1244 430
984000555 1245 430
984000555 1246 430
984000555 1247 430
984000555 1247 430
984000555 1248 431
984000555 1249 431
984000555 1250 431
984000555 1251 432
984000555 1251 432
984000555 1251 432
984000555 1252 432
984000555 1253 432
984000555 1254 433
984000555 1255 434
984000555 1256 434
984000555 1257 434
984000555 1258 435
984000555 1258 435
984000555 1259 435
984000555 1260 435
984000555 1261 435
984000555 1262 436
984000555 1262 436
984000555 1263 436
984000555 1264 436
984000555 1265 436
984000555 1266 437
984000555 1267 437
984000555 1268 437
984000555 1269 438
984000555 1270 438
984000555 1270 438
984000555 1271 438
984000555 1272 439
984000555 1273 439
984000555 1274 439
984000555 1275 440
984000555 1276 440
984000555 1277 440
984000555 1278 440
984000555 1279 441
984000555 1280 441
984000555 1281 441
984000555 1281 442
984000555 1281 442
984000555 1282 442
984000555 1283 442
984000555 1284 443
984000555 1285 443
984000555 1286 443
984000555 1286 443
984000555 1287 444
984000555 1288 444
984000555 1289 444
984000555 1290 445
984000555 1291 446
984000555 1291 446
984000555 1291 446
984000555 1292 446
984000555 1293 446
984000555 1294 447
984000555 1295 447
984000555 1296 447
984000555 1297 448
984000555 1298 448
984000555 1299 449
984000555 1300 449
984000555 1301 449
984000555 1302 450
984000555 1303 450
984000555 1304 450
984000555 1305 450
984000555 1306 451
984000555 1307 451
984000555 1308 451
984000555 1309 451
984000555 1309 452
984000555 1310 452
984000555 1311 452
984000555 1312 453
984000555 1313 453
984000555 1314 453
984000555 1315 454
984000555 1315 454
984000555 1316 454
984000555 1317 454
984000555 1318 455
984000555 1319 455
984000555 1319 455
984000555 1320 455
984000555 1321 455
984000555 1322 456
984000555 1323 456
984000555 1323 456
984000555 1324 456
984000555 1325 457
984000555 1326 458
984000555 1327 458
984000555 1328 458
984000555 1329 459
984000555 1330 459
984000555 1331 459
984000555 1332 460
984000555 1333 460
984000555 1334 460
984000555 1335 461
984000555 1336 462
984000555 1337 463
984000555 1338 463
984000555 1339 463
984000555 1340 463
984000555 1341 464
984000555 1342 464
984000555 1343 464
984000555 1344 465
984000555 1345 465
984000555 1346 465
984000555 1347 466
984000555 1348 466
984000555 1349 466
984000555 1350 466
984000555 1351 467
984000555 1352 467
984000555 1353 467
984000555 1353 467
984000555 1353 467
984000555 1354 469
984000555 1355 469
984000555 1356 469
984000555 1357 469
984000555 1358 470
984000555 1359 470
984000555 1360 470
984000555 1361 471
984000555 1362 471
984000555 1362 471
984000555 1363 471
984000555 1364 472
984000555 1365 472
984000555 1366 472
984000555 1367 473
984000555 1368 473
984000555 1369 473
984000555 1370 473
984000555 1371 474
984000555 1372 475
984000555 1373 475
984000555 1374 475
984000555 1375 475
984000555 1376 476
984000555 1377 476
984000555 1378 477
984000555 1379 477
984000555 1380 477
984000555 1381 478
984000555 1382 479
984000555 1383 479
984000555 1384 479
984000555 1385 480
984000555 1386 480
984000555 1387 480
984000555 1388 481
984000555 1389 481
984000555 1390 481
984000555 1391 482
984000555 1392 482
984000555 1393 482
984000555 1394 483
984000555 1394 483
984000555 1395 483
984000555 1396 483
984000555 1397 484
984000555 1398 484
984000555 1399 484
984000555 1400 484
984000555 1401 485
984000555 1402 485
984000555 1403 485
984000555 1404 486
984000555 1405 486
984000555 1406 486
984000555 1407 487
984000555 1408 487
984000555 1409 488
984000555 1410 488
984000555 1411 489
984000555 1412 489
984000555 1413 489
984000555 1414 489
984000555 1415 490
984000555 1416 490
984000555 1417 491
984000555 1417 491
984000555 1418 491
984000555 1419 491
984000555 1420 492
984000555 1421 492
984000555 1422 493
984000555 1423 493
984000555 1424 493
984000555 1424 493
984000555 1425 493
984000555 1426 494
984000555 1427 494
984000555 1428 495
984000555 1429 495
984000555 1430 496
984000555 1431 496
984000555 1432 496
984000555 1433 496
984000555 1434 497
984000555 1435 497
984000555 1436 497
984000555 1436 497
984000555 1437 498
984000555 1437 498
984000555 1437 498
984000555 1438 498
984000555 1439 498
984000555 1440 499
984000555 1441 500
984000555 1441 500
984000555 1442 500
984000555 1443 500
984000555 1444 500
984000555 1445 501
984000555 1446 501
984000555 1446 501
984000555 1447 501
984000555 1448 502
984000555 1449 502
984000555 1450 502
984000555 1450 502
984000555 1451 503
984000555 1452 503
984000555 1453 503
984000555 1454 503
984000555 1455 504
984000555 1456 504
984000555 1457 504
984000555 1458 505
984000555 1459 505
984000555 1460 506
984000555 1461 506
984000555 1461 506
984000555 1461 506
984000555 1462 506
984000555 1462 506
984000555 1463 507
984000555 1463 507
984000555 1464 507
984000555 1465 507
984000555 1466 508
984000555 1467 508
984000555 1468 508
984000555 1469 508
984000555 1470 509
984000555 1471 509
984000555 1472 509
984000555 1473 509
984000555 1474 510
984000555 1475 511
984000555 1476 511
984000555 1477 512
984000555 1478 512
984000555 1478 512
984000555 1479 512
984000555 1480 513
984000555 1481 513
984000555 1482 513
984000555 1483 514
984000555 1484 514
984000555 1485 515
984000555 1486 515
984000555 1487 515
984000555 1488 515
984000555 1489 516
984000555 1490 516
984000555 1491 516
984000555 1492 516
984000555 1493 517
984000555 1494 517
984000555 1495 517
984000555 1496 517
984000555 1497 518
984000555 1498 518
984000555 1499 518
984000555 1500 519
984000555 1501 519
984000555 1502 519
984000555 1503 520
984000555 1504 520
984000555 1504 520
984000555 1505 520
984000555 1506 520
984000555 1507 521
984000555 1508 521
984000555 1509 522
984000555 1510 522
984000555 1510 522
984000555 1511 522
984000555 1512 522
984000555 1513 523
984000555 1514 523
984000555 1515 523
984000555 1516 524
984000555 1517 524
984000555 1518 525
984000555 1519 526
984000555 1520 526
984000555 1521 526
984000555 1522 527
984000555 1523 527
984000555 1524 527
984000555 1525 528
984000555 1526 528
984000555 1527 528
984000555 1528 528
984000555 1529 529
984000555 1530 529
984000555 1531 529
984000555 1532 530
984000555 1533 530
984000555 1534 530
984000555 1535 530
984000555 1536 531
984000555 1537 531
984000555 1538 531
984000555 1539 532
984000555 1540 532
984000555 1541 532
984000555 1542 532
984000555 1543 533
984000555 1544 533
984000555 1545 533
984000555 1546 534
984000555 1547 534
984000555 1548 534
984000555 1549 534
984000555 1549 534
984000555 1550 535
984000555 1550 535
984000555 1551 535
984000555 1552 535
984000555 1553 536
984000555 1554 536
984000555 1555 536
984000555 1555 536
984000555 1555 536
984000555 1556 537
984000555 1557 537
984000555 1558 537
984000555 1559 537
984000555 1560 538
984000555 1561 538
984000555 1562 538
984000555 1563 539
984000555 1563 539
984000555 1564 539
984000555 1565 539
984000555 1566 540
984000555 1567 540
984000555 1568 540
984000555 1569 541
984000555 1570 541
984000555 1570 541
984000555 1571 541
984000555 1572 541
984000555 1573 542
984000555 1574 542
984000555 1574 542
984000555 1575 542
984000555 1576 543
984000555 1577 543
984000555 1578 543
984000555 1579 543
984000555 1580 544
984000555 1581 544
984000555 1582 545
984000555 1583 546
984000555 1584 546
984000555 1585 546
984000555 1586 547
984000555 1587 547
984000555 1588 547
984000555 1589 548
984000555 1590 548
984000555 1591 548
984000555 1592 549
984000555 1593 549
984000555 1594 549
984000555 1595 549
984000555 1596 550
984000555 1597 551
984000555 1597 551
984000555 1598 551
984000555 1599 552
984000555 1600 553
984000555 1601 553
984000555 1602 553
984000555 1603 553
984000555 1603 553
984000555 1604 554
984000555 1605 554
984000555 1606 554
984000555 1607 555
984000555 1608 555
984000555 1609 555
984000555 1609 555
984000555 1610 556
984000555 1611 556
984000555 1612 556
984000555 1612 556
984000555 1613 558
984000555 1614 558
984000555 1615 558
984000555 1616 558
984000555 1617 559
984000555 1618 559
984000555 1619 560
984000555 1619 560
984000555 1619 560
984000555 1620 560
984000555 1621 560
984000555 1622 561
984000555 1622 561
984000555 1623 562
984000555 1624 563
984000555 1624 563
984000555 1625 563
984000555 1626 564
984000555 1627 564
984000555 1628 564
984000555 1629 564
984000555 1630 565
984000555 1631 565
984000555 1632 565
984000555 1632 565
984000555 1633 565
984000555 1634 566
984000555 1635 566
984000555 1636 566
984000555 1636 566
984000555 1637 567
984000555 1637 567
984000555 1638 567
984000555 1639 567
984000555 1640 568
984000555 1640 568
984000555 1641 568
984000555 1642 568
984000555 1643 568
984000555 1644 569
984000555 1644 569
984000555 1645 569
984000555 1646 570
984000555 1646 570
984000555 1646 570
984000555 1647 570
984000555 1647 570
984000555 1648 570
984000555 1649 571
984000555 1650 571
984000555 1651 571
984000555 1652 572
984000555 1653 572
984000555 1654 572
984000555 1655 573
984000555 1656 573
984000555 1657 573
984000555 1658 574
984000555 1659 574
984000555 1660 574
984000555 1661 575
984000555 1662 575
984000555 1663 575
984000555 1664 575
984000555 1665 576
984000555 1666 576
984000555 1667 576
984000555 1667 576
984000555 1668 576
984000555 1668 576
984000555 1669 577
984000555 1670 578
984000555 1671 578
984000555 1672 578
984000555 1673 579
984000555 1674 579
984000555 1675 579
984000555 1675 579
984000555 1676 579
984000555 1677 580
984000555 1678 580
984000555 1679 580
984000555 1680 580
984000555 1681 581
984000555 1682 581
984000555 1683 581
984000555 1684 581
984000555 1685 582
984000555 1686 582
984000555 1687 582
984000555 1688 583
984000555 1689 583
984000555 1690 583
984000555 1691 584
984000555 1692 584
984000555 1693 584
984000555 1694 584
984000555 1695 585
984000555 1696 585
984000555 1697 585
984000555 1698 586
984000555 1699 586
984000555 1700 587
984000555 1700 587
984000555 1700 587
984000555 1701 587
984000555 1702 587
984000555 1703 587
984000555 1704 588
984000555 1705 588
984000555 1705 588
984000555 1706 588
984000555 1707 589
984000555 1708 589
984000555 1709 589
984000555 1710 590
984000555 1711 590
984000555 1711 590
984000555 1711 590
984000555 1712 590
984000555 1713 590
984000555 1714 591
984000555 1715 591
984000555 1715 591
984000555 1716 591
984000555 1717 592
984000555 1718 592
984000555 1719 592
984000555 1720 593
984000555 1721 595
984000555 1722 595
984000555 1723 595
984000555 1724 596
984000555 1725 596
984000555 1726 597
984000555 1727 597
984000555 1728 597
984000555 1729 598
984000555 1730 598
984000555 1731 598
984000555 1732 599
984000555 1733 599
984000555 1734 599
984000555 1735 599
984000555 1735 600
984000555 1736 600
984000555 1737 600
984000555 1738 600
984000555 1739 601
