2634415838.3815 1 3
2634415838.3815 2 4
2628496760.767 3 4
1741387338 4 4
1741387338 5 5
1741387338 6 5
1741387338 7 5
1741387338 8 5
1741387338 9 6
1741387338 10 6
1741387338 11 7
1741387338 12 7
1741387338 13 8
1741387338 14 8
1741387338 15 8
1615092225 16 8
1615092225 17 9
1615092225 18 9
1615092225 19 9
1359299644 20 10
1359299644 21 10
1359299644 22 10
1359299644 23 11
1359299644 24 11
1359299644 25 11
1359299644 26 12
1359299644 26 12
1359299644 26 12
1359299644 27 13
1359299644 27 13
1359299644 28 13
1359299644 29 13
1359299644 30 13
1359299644 31 14
1359299644 31 14
1359299644 32 15
1359299644 32 15
1359299644 32 15
1359299644 32 15
1359299644 33 15
1359299644 34 15
1359299644 35 15
1359299644 35 15
1359299644 35 15
1359299644 36 16
1359299644 37 16
1195153698.5005 38 16
1195153698.5005 39 17
1195153698.5005 39 17
1195153698.5005 40 17
1195153698.5005 40 17
1195153698.5005 41 18
1195153698.5005 42 18
1195153698.5005 43 18
1195153698.5005 44 18
1195153698.5005 45 19
1195153698.5005 46 19
1195153698.5005 47 19
1195153698.5005 47 19
1195153698.5005 48 20
1195153698.5005 49 20
1195153698.5005 50 20
1195153698.5005 51 20
1195153698.5005 52 21
1195153698.5005 52 21
1195153698.5005 53 21
1195153698.5005 53 21
1195153698.5005 53 21
1195153698.5005 54 22
1195153698.5005 55 22
1195153698.5005 56 23
1195153698.5005 57 23
1195153698.5005 58 23
1195153698.5005 59 23
1195153698.5005 60 24
1195153698.5005 61 24
1195153698.5005 62 24
1195153698.5005 63 25
1195153698.5005 64 25
1195153698.5005 65 25
1195153698.5005 66 25
1195153698.5005 66 25
1195153698.5005 67 26
1195153698.5005 68 26
1195153698.5005 69 26
1195153698.5005 70 27
1195153698.5005 71 27
1195153698.5005 72 27
1195153698.5005 73 27
1195153698.5005 74 28
1195153698.5005 75 28
1195153698.5005 75 28
1195153698.5005 76 28
1195153698.5005 77 29
1195153698.5005 78 29
1195153698.5005 79 29
1195153698.5005 80 29
1195153698.5005 81 31
1195153698.5005 82 31
1195153698.5005 83 31
1195153698.5005 84 31
1195153698.5005 85 32
1195153698.5005 86 32
1195153698.5005 87 32
1195153698.5005 88 33
1195153698.5005 89 34
1195153698.5005 90 34
1195153698.5005 91 34
1195153698.5005 92 34
1195153698.5005 93 35
1195153698.5005 94 35
1195153698.5005 94 35
1195153698.5005 95 35
1195153698.5005 96 36
1195153698.5005 96 36
1195153698.5005 97 36
1195153698.5005 98 37
1195153698.5005 99 37
1195153698.5005 100 37
1195153698.5005 101 38
1195153698.5005 102 38
1195153698.5005 103 38
1195153698.5005 104 39
1195153698.5005 105 40
1195153698.5005 106 40
1195153698.5005 107 40
1195153698.5005 108 40
1195153698.5005 109 41
1195153698.5005 110 41
1195153698.5005 111 42
1195153698.5005 112 42
1195153698.5005 112 42
1195153698.5005 113 44
1195153698.5005 113 44
1195153698.5005 114 44
1195153698.5005 115 45
1195153698.5005 116 45
1195153698.5005 117 46
1195153698.5005 118 46
1195153698.5005 119 46
1195153698.5005 120 47
1195153698.5005 120 47
1195153698.5005 121 47
1195153698.5005 122 47
1195153698.5005 122 47
1195153698.5005 122 47
1195153698.5005 122 47
1195153698.5005 123 47
1195153698.5005 124 48
1195153698.5005 124 48
1195153698.5005 125 48
1195153698.5005 126 48
1195153698.5005 127 48
1195153698.5005 127 48
1195153698.5005 128 49
1195153698.5005 128 49
1195153698.5005 129 49
1195153698.5005 130 50
1195153698.5005 131 50
1195153698.5005 132 50
1195153698.5005 133 50
1195153698.5005 134 51
1195153698.5005 135 51
1195153698.5005 136 51
1195153698.5005 137 52
1195153698.5005 137 52
1195153698.5005 138 52
1195153698.5005 139 53
1195153698.5005 140 53
1195153698.5005 141 53
1195153698.5005 142 54
1195153698.5005 143 54
1195153698.5005 144 54
1195153698.5005 145 55
1195153698.5005 146 55
1195153698.5005 147 55
1195153698.5005 148 55
1195153698.5005 149 56
1195153698.5005 150 56
1195153698.5005 151 56
1195153698.5005 152 57
1195153698.5005 153 58
1195153698.5005 154 58
1195153698.5005 155 58
1195153698.5005 156 59
1195153698.5005 157 59
1195153698.5005 158 59
1195153698.5005 159 59
1195153698.5005 160 60
1195153698.5005 161 60
1195153698.5005 162 61
1195153698.5005 163 61
1195153698.5005 164 61
1195153698.5005 165 61
1195153698.5005 166 62
1195153698.5005 167 62
1195153698.5005 167 62
1195153698.5005 168 62
1195153698.5005 169 63
1195153698.5005 170 63
1195153698.5005 171 63
1195153698.5005 171 63
1195153698.5005 172 64
1195153698.5005 173 64
1195153698.5005 173 64
1195153698.5005 174 65
1195153698.5005 175 65
1195153698.5005 176 65
1195153698.5005 177 66
1195153698.5005 178 66
1195153698.5005 179 67
1195153698.5005 180 67
1195153698.5005 181 68
1195153698.5005 182 68
1195153698.5005 183 68
1195153698.5005 184 69
1195153698.5005 185 69
1195153698.5005 186 69
1195153698.5005 186 70
1195153698.5005 187 70
1195153698.5005 188 70
1195153698.5005 189 71
1195153698.5005 190 71
1195153698.5005 191 71
1195153698.5005 192 71
1195153698.5005 193 72
1195153698.5005 194 72
1195153698.5005 195 72
1195153698.5005 196 73
1195153698.5005 197 73
1195153698.5005 198 73
1195153698.5005 199 74
1195153698.5005 200 74
1195153698.5005 201 74
1195153698.5005 202 75
1195153698.5005 203 75
1195153698.5005 204 75
1195153698.5005 205 76
1195153698.5005 205 76
1195153698.5005 206 77
1195153698.5005 207 77
1195153698.5005 208 77
1195153698.5005 209 78
1195153698.5005 210 78
1195153698.5005 211 79
1195153698.5005 212 79
1195153698.5005 212 79
1195153698.5005 213 80
1195153698.5005 214 80
1195153698.5005 215 80
1195153698.5005 216 81
1195153698.5005 217 82
1195153698.5005 217 82
1195153698.5005 217 82
1195153698.5005 218 82
1195153698.5005 219 82
1195153698.5005 219 82
1195153698.5005 220 83
1195153698.5005 221 83
1195153698.5005 222 83
1195153698.5005 223 84
1195153698.5005 224 84
1195153698.5005 225 84
1195153698.5005 226 84
1195153698.5005 226 84
1195153698.5005 227 85
1195153698.5005 228 85
1195153698.5005 229 86
1195153698.5005 229 86
1195153698.5005 230 86
1195153698.5005 231 87
1195153698.5005 232 87
1195153698.5005 233 87
1195153698.5005 234 88
1195153698.5005 235 88
1195153698.5005 236 88
1195153698.5005 237 88
1195153698.5005 238 89
1195153698.5005 239 90
1195153698.5005 240 90
1195153698.5005 241 91
1195153698.5005 242 91
1195153698.5005 243 92
1195153698.5005 244 92
1195153698.5005 245 92
1195153698.5005 246 92
1195153698.5005 247 93
1195153698.5005 248 93
1195153698.5005 249 93
1195153698.5005 250 93
1195153698.5005 250 93
1195153698.5005 251 94
1195153698.5005 252 94
1195153698.5005 253 94
1195153698.5005 254 95
1195153698.5005 255 95
1195153698.5005 256 95
1195153698.5005 257 96
1195153698.5005 258 97
1195153698.5005 259 97
1195153698.5005 260 97
1195153698.5005 261 98
1195153698.5005 262 98
1195153698.5005 263 98
1195153698.5005 263 98
1195153698.5005 263 98
1195153698.5005 263 98
1195153698.5005 264 98
1195153698.5005 265 99
1195153698.5005 266 99
1195153698.5005 267 99
1195153698.5005 268 100
1195153698.5005 269 100
1195153698.5005 269 100
1195153698.5005 270 100
1195153698.5005 271 101
1195153698.5005 272 101
1195153698.5005 273 101
1195153698.5005 274 102
1195153698.5005 275 103
1195153698.5005 275 103
1195153698.5005 276 103
1195153698.5005 277 103
1195153698.5005 278 103
1195153698.5005 279 105
1195153698.5005 280 105
1195153698.5005 281 105
1195153698.5005 282 105
1195153698.5005 283 106
1195153698.5005 284 106
1195153698.5005 285 106
1195153698.5005 286 107
1195153698.5005 287 108
1195153698.5005 288 108
1195153698.5005 289 108
1195153698.5005 290 109
1195153698.5005 291 109
1195153698.5005 292 109
1195153698.5005 293 110
1195153698.5005 294 110
1195153698.5005 295 110
1195153698.5005 296 111
1195153698.5005 297 111
1195153698.5005 297 111
1195153698.5005 298 111
1195153698.5005 299 112
1195153698.5005 300 112
1195153698.5005 301 112
1195153698.5005 302 112
1195153698.5005 303 113
1195153698.5005 304 113
1195153698.5005 305 113
1154586118 306 114
1154586118 307 114
1154586118 308 114
1154586118 309 114
1154586118 310 115
1154586118 311 116
1154586118 312 116
1154586118 313 116
1154586118 313 116
1154586118 313 116
1154586118 314 117
1154586118 314 117
1154586118 315 117
1154586118 316 117
1154586118 317 118
1154586118 317 118
1154586118 318 118
1154586118 319 118
1154586118 320 119
1154586118 321 119
1154586118 322 119
1154586118 323 119
1154586118 324 120
1154586118 325 120
1154586118 326 121
1154586118 327 121
1154586118 328 121
1154586118 329 122
1154586118 330 122
1154586118 331 122
1154586118 332 122
1154586118 333 123
1154586118 334 123
1154586118 335 123
1154586118 335 123
1154586118 336 123
1154586118 337 124
1154586118 338 124
1154586118 338 124
1154586118 338 124
1154586118 338 124
1154586118 339 124
1154586118 339 124
1154586118 340 126
1154586118 341 126
1154586118 342 126
1154586118 343 126
1154586118 344 127
1154586118 345 128
1154586118 346 128
1154586118 347 128
1154586118 348 129
1154586118 349 129
1154586118 350 129
1154586118 351 129
1154586118 352 130
1154586118 353 130
1154586118 354 130
1154586118 355 131
1154586118 355 131
1154586118 355 131
1154586118 355 131
1154586118 356 131
1154586118 357 131
1154586118 357 131
1154586118 358 132
1154586118 359 132
1154586118 360 132
1154586118 361 132
1154586118 361 132
1154586118 361 132
1154586118 362 133
1154586118 362 133
1154586118 362 133
1154586118 363 134
1154586118 364 134
1154586118 364 134
1154586118 365 134
1154586118 366 135
1154586118 367 135
1154586118 368 135
1154586118 368 135
1154586118 369 135
1154586118 369 136
1154586118 369 136
1154586118 370 137
1154586118 371 137
1154586118 372 137
1154586118 373 137
1154586118 373 137
1154586118 373 137
1154586118 374 138
1154586118 375 138
1154586118 376 138
1154586118 376 138
1154586118 377 139
1154586118 377 139
1154586118 378 139
1154586118 379 140
1154586118 380 140
1154586118 381 140
1154586118 382 141
1154586118 383 141
1154586118 384 142
1154586118 385 142
1154586118 385 142
1154586118 386 142
1154586118 387 143
1154586118 388 143
1154586118 389 143
1154586118 390 144
1154586118 391 144
1154586118 392 144
1154586118 393 145
1154586118 394 145
1154586118 395 145
1154586118 396 145
1154586118 397 146
1154586118 398 146
1154586118 399 146
1154586118 400 147
1154586118 401 147
1154586118 402 147
1154586118 403 147
1154586118 404 148
1154586118 405 148
1154586118 406 148
1154586118 407 149
1154586118 407 149
1154586118 408 149
1154586118 409 149
1154586118 410 150
1154586118 411 150
1154586118 412 150
1154586118 413 151
1154586118 414 151
1154586118 415 152
1154586118 415 152
1154586118 416 153
1154586118 417 153
1154586118 417 153
1154586118 418 154
1154586118 419 154
1154586118 420 155
1154586118 421 155
1154586118 422 155
1154586118 423 156
1154586118 424 156
1154586118 425 156
1154586118 426 157
1154586118 427 157
1154586118 428 158
1154586118 428 158
1154586118 429 158
1154586118 430 158
1154586118 431 159
1154586118 432 159
1154586118 433 159
1154586118 433 159
1154586118 434 159
1154586118 435 160
1154586118 436 160
1154586118 436 160
1154586118 437 160
1154586118 438 161
1154586118 439 161
1154586118 440 161
1154586118 441 161
1154586118 442 162
1154586118 443 162
1154586118 444 162
1154586118 445 163
1154586118 446 163
1154586118 447 164
1154586118 448 164
1154586118 449 165
1154586118 450 165
1154586118 451 165
1154586118 452 166
1154586118 453 166
1154586118 454 166
1154586118 455 166
1154586118 456 167
1154586118 457 167
1154586118 458 167
1154586118 459 168
1154586118 460 168
1154586118 460 168
1154586118 461 168
1154586118 462 169
1154586118 463 169
1154586118 464 169
1029430828 465 169
1029430828 465 169
1029430828 466 170
1029430828 467 171
1029430828 468 171
1029430828 469 171
1029430828 470 172
1029430828 471 172
1029430828 472 172
1029430828 473 173
1029430828 474 173
1029430828 475 173
1029430828 476 174
1029430828 477 174
1029430828 477 174
1029430828 478 175
1029430828 479 175
1029430828 479 175
1029430828 480 176
1029430828 481 176
1029430828 482 176
1029430828 483 177
1029430828 483 177
1029430828 484 177
1029430828 485 177
1029430828 486 178
1029430828 487 178
1029430828 488 178
1029430828 489 179
1029430828 489 179
1029430828 490 179
1029430828 491 179
1029430828 491 179
1029430828 492 179
1029430828 492 179
1029430828 493 180
1029430828 494 180
1029430828 495 180
1029430828 496 181
1029430828 497 181
1029430828 498 181
1029430828 499 182
1029430828 500 182
1029430828 501 182
1029430828 501 182
1029430828 502 182
1029430828 503 183
1029430828 504 183
1029430828 505 184
1029430828 506 184
1029430828 507 184
1029430828 508 185
1029430828 509 185
1029430828 509 185
1029430828 510 186
1029430828 511 187
1029430828 511 187
1029430828 512 188
1029430828 513 188
1029430828 514 188
1029430828 515 189
1029430828 516 189
1029430828 517 189
1029430828 518 190
1029430828 519 190
1029430828 520 190
1029430828 521 191
1029430828 522 192
1029430828 523 192
1029430828 524 192
1029430828 525 193
1029430828 526 193
1029430828 527 193
1029430828 527 193
1029430828 528 194
1029430828 529 194
1029430828 530 194
1029430828 530 194
1029430828 531 195
1029430828 532 196
1029430828 533 196
1029430828 534 196
1029430828 535 196
1029430828 536 197
1029430828 537 197
1029430828 537 197
1029430828 538 197
1029430828 539 198
1029430828 540 198
1029430828 541 198
1029430828 542 198
1029430828 543 199
1029430828 543 199
1029430828 544 199
1029430828 545 199
1029430828 546 200
1029430828 547 200
1029430828 548 200
1029430828 549 200
1029430828 550 201
1029430828 551 201
1029430828 552 201
1029430828 553 202
1029430828 554 202
1029430828 555 202
1029430828 556 202
1029430828 557 203
1029430828 558 203
1029430828 558 203
1029430828 559 203
1029430828 560 204
1029430828 560 204
1029430828 561 204
1029430828 562 204
1029430828 562 204
1029430828 562 204
1029430828 563 205
1029430828 564 205
1029430828 565 205
1029430828 566 205
1029430828 567 206
1029430828 567 206
1029430828 567 206
1029430828 568 206
1029430828 569 207
1029430828 570 207
1029430828 570 207
1029430828 571 207
1029430828 572 208
1029430828 573 208
1029430828 573 208
1029430828 574 208
1029430828 575 209
1029430828 576 209
1029430828 577 209
1029430828 578 209
1029430828 579 210
1029430828 580 210
1029430828 581 210
1029430828 581 210
1029430828 582 210
1029430828 583 211
1029430828 584 211
1029430828 584 211
1029430828 585 211
1029430828 586 212
1029430828 586 212
1029430828 587 212
1029430828 588 213
1029430828 589 213
1029430828 590 213
1029430828 591 214
1029430828 592 214
1029430828 593 214
1029430828 594 214
1029430828 595 215
1029430828 596 215
1029430828 597 215
1029430828 598 216
1029430828 599 216
1029430828 599 216
1029430828 600 216
1029430828 601 216
1029430828 602 217
1029430828 603 217
1029430828 604 217
1029430828 605 218
1029430828 606 218
1029430828 607 220
1029430828 608 220
1029430828 609 220
1029430828 610 220
1029430828 611 221
1029430828 612 221
1029430828 613 221
1029430828 614 222
1029430828 615 222
1029430828 616 223
1029430828 617 223
1029430828 617 223
1029430828 618 223
1029430828 619 223
1029430828 620 224
1029430828 621 224
1029430828 622 224
1029430828 623 224
1029430828 624 225
1029430828 625 225
1029430828 626 226
1029430828 627 226
1029430828 628 226
1029430828 629 226
1029430828 630 227
1029430828 631 227
1029430828 632 227
1029430828 633 227
1029430828 634 228
1029430828 634 228
1029430828 635 228
1029430828 636 228
1029430828 637 229
1029430828 638 230
1029430828 639 230
1029430828 639 230
1029430828 640 231
1029430828 641 231
1029430828 641 231
1029430828 642 232
1029430828 642 232
1029430828 643 232
1029430828 644 232
1029430828 645 233
1029430828 646 233
1029430828 647 233
1029430828 648 233
1029430828 649 234
1029430828 650 234
1029430828 651 234
1029430828 651 234
1029430828 652 235
1029430828 652 235
1029430828 653 235
1029430828 654 235
1029430828 655 236
1029430828 656 236
1029430828 657 237
1029430828 658 237
1029430828 659 237
1029430828 660 238
1029430828 661 238
1029430828 662 238
1029430828 663 238
1029430828 664 239
1029430828 665 239
1029430828 666 239
1029430828 667 239
1029430828 668 240
1029430828 669 240
1029430828 670 240
1029430828 671 241
1029430828 672 241
1029430828 673 241
1029430828 674 241
1029430828 675 242
1029430828 676 242
1029430828 677 242
1029430828 678 243
1029430828 678 243
1029430828 679 243
1029430828 680 244
1029430828 681 244
1029430828 682 245
1029430828 682 245
1029430828 683 245
1029430828 684 245
1029430828 685 246
1029430828 686 246
1029430828 687 246
1029430828 688 247
1029430828 689 247
1029430828 690 247
1029430828 691 247
1029430828 692 248
1029430828 693 249
1029430828 693 249
1029430828 694 249
1029430828 695 250
1029430828 696 250
1029430828 697 250
1029430828 698 250
1029430828 698 250
1029430828 699 251
1029430828 700 251
1029430828 701 251
1029430828 702 252
1029430828 702 252
1029430828 703 252
1029430828 704 252
1029430828 705 253
1029430828 706 254
1029430828 706 254
1029430828 707 254
1029430828 708 254
1029430828 709 255
1029430828 710 255
1029430828 711 256
1029430828 712 256
1029430828 713 256
1029430828 714 256
1029430828 715 257
1029430828 716 257
1029430828 717 257
1029430828 717 257
1029430828 718 257
1029430828 719 258
1029430828 720 258
1029430828 721 259
1029430828 722 259
1029430828 723 260
1029430828 724 260
1029430828 725 260
1029430828 726 260
1029430828 727 261
1029430828 727 261
1029430828 728 261
1029430828 728 261
1029430828 729 262
1029430828 730 262
1029430828 730 262
1029430828 731 262
1029430828 732 263
1029430828 733 263
1029430828 733 263
1029430828 734 263
1029430828 735 264
1029430828 736 264
1029430828 737 264
1029430828 738 264
1029430828 739 265
1029430828 740 265
1029430828 741 265
1029430828 742 266
1029430828 743 266
1029430828 744 266
1029430828 745 267
1029430828 745 267
1029430828 746 267
1029430828 746 267
1029430828 747 267
1029430828 748 268
1029430828 749 268
1029430828 750 268
1029430828 751 269
1029430828 752 269
1029430828 753 269
1029430828 754 270
1029430828 755 270
1029430828 756 270
1029430828 757 270
1029430828 758 271
1029430828 759 271
1029430828 760 271
1029430828 760 271
1029430828 760 271
1029430828 761 272
1029430828 762 272
1029430828 763 272
1029430828 763 272
1029430828 764 272
1029430828 765 273
1029430828 766 273
1029430828 767 273
1029430828 767 273
1029430828 768 274
1029430828 769 274
1029430828 770 274
1029430828 771 274
1029430828 772 275
1029430828 773 275
1029430828 774 275
1029430828 775 276
1029430828 776 276
1029430828 777 276
1029430828 778 276
1029430828 779 277
1029430828 780 277
1029430828 781 277
1029430828 782 277
1029430828 783 278
1029430828 784 278
1029430828 785 278
1029430828 786 279
1029430828 787 279
1029430828 787 279
1029430828 788 280
1029430828 789 280
1029430828 790 280
1029430828 791 281
1029430828 792 281
1029430828 793 281
1029430828 794 281
1029430828 795 282
1029430828 796 282
1029430828 797 282
1029430828 797 282
1029430828 798 282
1029430828 799 283
1029430828 800 283
1029430828 801 283
1029430828 802 284
1029430828 802 284
1029430828 803 284
1029430828 804 284
1029430828 805 284
1029430828 806 285
1029430828 807 285
1029430828 808 285
1029430828 809 286
1029430828 809 286
1029430828 810 286
1029430828 811 286
1029430828 812 286
1029430828 813 287
1029430828 814 287
1029430828 815 287
1029430828 815 287
1029430828 816 287
1029430828 817 289
1029430828 818 289
1029430828 819 290
1029430828 820 290
1029430828 821 290
1029430828 822 290
1029430828 823 291
1029430828 824 291
1029430828 825 292
1029430828 826 292
1029430828 827 293
1029430828 828 293
1029430828 829 293
1029430828 830 294
1029430828 831 294
1029430828 832 294
1029430828 833 294
1029430828 834 295
1029430828 835 295
1029430828 836 295
1029430828 837 296
1029430828 838 296
1029430828 839 296
1029430828 840 296
1029430828 841 297
1029430828 842 297
1029430828 843 297
1029430828 844 297
1029430828 845 298
1029430828 846 298
1029430828 847 298
1029430828 848 299
1029430828 849 299
1029430828 849 299
1029430828 850 299
1029430828 850 299
1029430828 851 300
1029430828 852 300
1029430828 853 300
1029430828 854 300
1029430828 855 301
1029430828 856 301
1029430828 857 301
1029430828 857 301
1029430828 858 301
1029430828 859 302
1029430828 860 302
1029430828 861 302
1029430828 862 303
1029430828 863 303
1029430828 864 303
1029430828 865 303
1029430828 866 304
1029430828 867 304
1029430828 867 304
1029430828 867 304
1029430828 868 305
1029430828 869 305
1029430828 869 305
1029430828 870 306
1029430828 871 306
1029430828 872 306
1029430828 873 307
1029430828 874 307
1029430828 875 307
1029430828 876 308
1029430828 877 308
1029430828 877 308
1029430828 877 308
1029430828 878 308
1029430828 879 309
1029430828 880 309
1029430828 881 309
1029430828 882 309
1029430828 883 310
1029430828 884 310
1029430828 885 310
1029430828 886 311
1029430828 887 311
1029430828 888 311
1029430828 889 312
1029430828 889 312
1029430828 889 312
1029430828 889 312
1029430828 890 312
1029430828 891 312
1029430828 892 312
1029430828 893 313
1029430828 894 314
1029430828 895 314
1029430828 895 314
1029430828 896 314
1029430828 897 315
1029430828 898 315
1029430828 899 316
1029430828 900 316
1029430828 901 316
1029430828 902 317
1029430828 903 317
1029430828 904 317
1029430828 904 317
1029430828 905 317
1029430828 906 318
1029430828 907 319
1029430828 908 319
1029430828 909 320
1029430828 910 320
1029430828 911 320
1029430828 912 321
1029430828 913 321
1029430828 914 321
1029430828 915 322
1029430828 916 322
1029430828 917 323
1029430828 918 323
1029430828 919 323
1029430828 920 324
1029430828 921 324
1029430828 921 324
1029430828 922 325
1029430828 923 326
1029430828 924 326
1029430828 925 326
1029430828 926 327
1029430828 927 327
1029430828 927 327
1029430828 928 328
1029430828 929 328
1029430828 930 329
1029430828 931 329
1029430828 931 329
1029430828 932 330
1029430828 933 330
1029430828 934 330
1029430828 934 330
1029430828 935 331
1029430828 936 331
1029430828 937 331
1029430828 938 332
1029430828 939 332
1029430828 939 332
1029430828 940 332
1029430828 941 332
1029430828 942 333
1029430828 943 333
1029430828 944 333
1029430828 945 334
1029430828 946 334
1029430828 947 334
1029430828 948 335
1029430828 949 335
1029430828 949 335
1029430828 950 335
1029430828 951 335
1029430828 952 336
1029430828 953 336
1029430828 954 336
1029430828 955 337
1029430828 956 337
1029430828 957 337
1029430828 958 337
1029430828 958 337
1029430828 958 337
1029430828 959 338
1029430828 960 338
1029430828 960 338
1029430828 960 338
1029430828 961 338
1029430828 962 339
1029430828 963 339
1029430828 964 339
1029430828 965 340
1029430828 965 340
1029430828 966 340
1029430828 967 340
1029430828 968 340
1029430828 969 341
1029430828 970 341
1029430828 971 341
1029430828 972 342
1029430828 973 342
1029430828 974 343
1029430828 975 343
1029430828 976 343
1029430828 977 343
1029430828 978 344
1029430828 979 345
1029430828 979 345
1029430828 980 345
1029430828 981 345
1029430828 982 345
1029430828 983 346
1029430828 984 346
1029430828 984 346
1029430828 985 347
1029430828 986 347
1029430828 987 347
1029430828 987 347
1029430828 988 347
1029430828 989 348
1029430828 990 348
1029430828 990 348
1029430828 991 348
1029430828 992 349
1029430828 993 349
1029430828 994 349
1029430828 995 350
894870552 996 350
894870552 996 350
894870552 997 350
894870552 997 350
894870552 998 351
894870552 999 351
894870552 1000 351
894870552 1001 351
894870552 1002 352
894870552 1003 352
894870552 1003 353
894870552 1004 353
894870552 1005 354
894870552 1006 354
894870552 1007 354
894870552 1008 355
894870552 1009 355
894870552 1010 355
894870552 1011 356
894870552 1012 356
894870552 1013 356
894870552 1014 357
894870552 1014 357
894870552 1015 357
894870552 1016 357
894870552 1017 358
894870552 1018 358
894870552 1018 358
894870552 1019 358
894870552 1020 359
894870552 1021 359
894870552 1022 359
894870552 1023 360
894870552 1024 360
894870552 1025 361
894870552 1026 361
894870552 1027 361
894870552 1027 361
894870552 1028 361
894870552 1029 362
894870552 1030 362
894870552 1031 362
894870552 1032 363
894870552 1033 363
894870552 1034 363
894870552 1035 364
894870552 1036 364
894870552 1037 364
894870552 1038 364
894870552 1039 365
894870552 1040 365
894870552 1041 365
894870552 1042 366
894870552 1043 366
894870552 1043 366
894870552 1044 366
894870552 1045 367
894870552 1046 367
894870552 1047 367
894870552 1048 368
894870552 1049 368
894870552 1050 368
894870552 1051 368
894870552 1051 368
894870552 1052 369
894870552 1053 369
894870552 1053 369
894870552 1053 369
894870552 1054 370
894870552 1055 371
894870552 1056 371
894870552 1057 371
894870552 1058 372
894870552 1059 373
894870552 1060 373
894870552 1061 373
894870552 1062 374
894870552 1063 374
894870552 1064 374
894870552 1065 375
894870552 1066 375
894870552 1066 375
894870552 1067 376
894870552 1068 376
894870552 1069 377
894870552 1070 377
894870552 1071 377
894870552 1072 377
894870552 1073 378
894870552 1074 378
894870552 1075 378
894870552 1075 378
894870552 1076 379
894870552 1077 379
894870552 1077 379
894870552 1078 379
894870552 1079 380
894870552 1080 380
894870552 1081 380
894870552 1082 380
894870552 1083 381
894870552 1084 381
894870552 1085 381
894870552 1086 382
894870552 1087 382
894870552 1088 383
894870552 1089 384
894870552 1090 384
894870552 1091 385
894870552 1092 385
894870552 1092 385
894870552 1093 385
894870552 1094 385
894870552 1095 386
894870552 1096 386
894870552 1096 386
894870552 1097 386
894870552 1098 387
894870552 1099 387
894870552 1100 387
894870552 1101 388
894870552 1102 388
894870552 1103 389
894870552 1104 389
894870552 1105 389
894870552 1106 391
894870552 1107 391
894870552 1108 391
894870552 1109 391
894870552 1110 392
894870552 1111 392
894870552 1112 392
894870552 1113 393
894870552 1114 393
894870552 1115 393
894870552 1116 393
894870552 1117 394
894870552 1118 394
894870552 1119 394
894870552 1120 395
894870552 1121 395
894870552 1122 395
894870552 1123 396
894870552 1124 397
894870552 1124 397
894870552 1125 397
894870552 1126 398
894870552 1127 398
894870552 1128 399
894870552 1129 399
894870552 1130 399
894870552 1131 399
894870552 1132 400
894870552 1132 400
894870552 1133 400
894870552 1134 400
894870552 1135 401
894870552 1136 401
894870552 1137 401
894870552 1138 402
894870552 1139 402
894870552 1140 402
894870552 1141 403
894870552 1142 404
894870552 1143 404
894870552 1144 404
894870552 1144 404
894870552 1144 404
894870552 1145 404
894870552 1146 406
894870552 1147 406
894870552 1148 406
894870552 1149 407
894870552 1150 408
894870552 1151 409
894870552 1152 409
894870552 1153 409
894870552 1154 409
894870552 1155 410
894870552 1156 410
894870552 1157 410
894870552 1158 410
894870552 1159 411
894870552 1160 411
894870552 1161 411
894870552 1162 412
894870552 1163 412
894870552 1164 413
894870552 1165 413
894870552 1166 414
894870552 1167 414
894870552 1168 414
894870552 1169 414
894870552 1170 415
894870552 1171 415
894870552 1171 415
894870552 1172 415
894870552 1172 415
894870552 1173 416
894870552 1174 416
894870552 1175 417
894870552 1175 417
894870552 1176 417
894870552 1177 418
894870552 1178 419
894870552 1179 419
894870552 1180 420
894870552 1180 420
894870552 1181 420
894870552 1182 420
894870552 1183 421
894870552 1184 421
894870552 1185 422
894870552 1186 422
894870552 1187 422
894870552 1188 422
894870552 1189 423
894870552 1190 423
894870552 1191 423
894870552 1192 424
894870552 1193 424
894870552 1194 424
894870552 1194 424
894870552 1195 424
894870552 1196 425
894870552 1197 425
894870552 1198 425
894870552 1199 425
894870552 1200 426
894870552 1201 426
894870552 1202 426
894870552 1202 426
894870552 1203 426
894870552 1204 427
894870552 1205 427
894870552 1206 427
894870552 1207 428
894870552 1208 428
894870552 1209 428
894870552 1210 429
894870552 1211 429
894870552 1212 430
894870552 1213 430
894870552 1214 430
894870552 1215 431
894870552 1216 431
894870552 1217 431
894870552 1218 432
894870552 1219 433
894870552 1220 433
894870552 1221 433
894870552 1222 434
894870552 1222 434
894870552 1223 434
894870552 1224 434
894870552 1225 435
894870552 1226 435
894870552 1227 435
894870552 1228 436
894870552 1229 437
894870552 1230 437
894870552 1230 437
894870552 1230 437
894870552 1231 437
894870552 1232 437
894870552 1232 437
894870552 1233 438
894870552 1234 438
894870552 1235 438
894870552 1236 440
894870552 1236 440
894870552 1237 440
894870552 1238 440
894870552 1239 441
894870552 1240 441
894870552 1241 441
894870552 1242 441
894870552 1243 442
894870552 1244 442
894870552 1245 442
894870552 1246 442
894870552 1247 443
894870552 1248 443
894870552 1249 443
894870552 1250 444
894870552 1251 445
894870552 1252 446
894870552 1252 446
894870552 1252 446
894870552 1253 446
894870552 1254 446
894870552 1255 447
894870552 1255 447
894870552 1256 447
894870552 1257 447
894870552 1258 448
894870552 1259 448
894870552 1259 448
894870552 1260 448
894870552 1261 449
894870552 1262 449
894870552 1263 449
894870552 1263 449
894870552 1264 450
894870552 1264 450
894870552 1265 450
894870552 1266 450
894870552 1267 450
894870552 1268 451
894870552 1269 452
894870552 1270 452
894870552 1271 452
894870552 1272 453
894870552 1273 453
894870552 1274 453
894870552 1275 454
894870552 1276 454
894870552 1277 455
894870552 1278 455
894870552 1279 455
894870552 1280 456
894870552 1281 456
894870552 1282 456
894870552 1283 457
894870552 1284 457
894870552 1285 457
894870552 1286 458
894870552 1287 458
894870552 1288 458
894870552 1289 459
894870552 1290 459
894870552 1291 459
894870552 1292 459
894870552 1293 460
894870552 1294 460
894870552 1295 460
894870552 1296 461
894870552 1297 461
894870552 1298 461
894870552 1299 461
894870552 1300 461
894870552 1301 462
894870552 1302 462
894870552 1303 462
894870552 1304 463
894870552 1305 463
894870552 1306 463
894870552 1306 463
894870552 1307 463
894870552 1308 464
894870552 1309 464
894870552 1310 464
894870552 1311 465
894870552 1312 465
894870552 1313 465
894870552 1313 465
894870552 1314 465
894870552 1314 465
894870552 1315 466
894870552 1316 466
894870552 1316 466
894870552 1317 466
894870552 1318 467
894870552 1319 467
894870552 1320 467
894870552 1321 467
894870552 1322 468
894870552 1323 468
894870552 1323 468
894870552 1324 468
894870552 1325 469
894870552 1326 469
894870552 1327 469
894870552 1327 469
894870552 1328 469
894870552 1329 471
894870552 1330 471
894870552 1330 471
894870552 1331 471
894870552 1331 471
894870552 1332 472
894870552 1333 472
894870552 1334 472
894870552 1335 473
894870552 1336 473
894870552 1337 474
894870552 1338 474
894870552 1338 474
894870552 1339 474
894870552 1340 475
894870552 1341 475
894870552 1342 475
894870552 1343 476
894870552 1343 476
894870552 1344 477
894870552 1345 478
894870552 1346 478
894870552 1347 479
894870552 1348 479
894870552 1349 479
894870552 1350 480
894870552 1351 480
894870552 1352 480
894870552 1353 480
894870552 1354 481
894870552 1355 481
894870552 1356 481
894870552 1357 482
894870552 1358 482
894870552 1358 482
894870552 1359 482
894870552 1360 483
894870552 1361 483
894870552 1362 483
894870552 1363 483
894870552 1364 484
894870552 1365 484
894870552 1366 484
894870552 1367 485
894870552 1368 485
894870552 1369 485
894870552 1370 485
894870552 1370 485
894870552 1371 486
894870552 1372 486
894870552 1373 486
894870552 1374 487
894870552 1375 487
894870552 1376 487
894870552 1376 487
894870552 1377 487
894870552 1378 488
894870552 1378 488
894870552 1379 488
894870552 1380 488
894870552 1380 488
894870552 1381 489
894870552 1382 489
894870552 1383 489
894870552 1384 490
894870552 1385 490
894870552 1386 490
894870552 1387 490
894870552 1388 491
894870552 1388 491
894870552 1389 491
894870552 1390 491
894870552 1391 492
894870552 1391 492
894870552 1392 493
894870552 1393 493
894870552 1394 493
894870552 1395 493
894870552 1396 494
894870552 1396 494
894870552 1397 494
894870552 1398 494
894870552 1399 495
894870552 1400 495
894870552 1401 495
894870552 1402 496
894870552 1403 496
894870552 1404 496
894870552 1405 496
894870552 1405 496
894870552 1406 497
894870552 1407 497
894870552 1408 497
894870552 1409 498
894870552 1410 498
894870552 1411 498
894870552 1411 498
894870552 1411 498
894870552 1412 498
894870552 1413 499
894870552 1413 499
894870552 1414 499
894870552 1415 499
894870552 1416 499
894870552 1417 500
894870552 1418 500
894870552 1419 501
894870552 1420 501
894870552 1420 501
894870552 1421 501
894870552 1422 502
894870552 1423 502
894870552 1424 502
894870552 1425 502
894870552 1425 502
894870552 1426 503
894870552 1427 503
894870552 1428 503
894870552 1429 504
894870552 1430 504
894870552 1431 504
894870552 1432 505
894870552 1433 505
894870552 1434 505
894870552 1435 506
894870552 1436 506
894870552 1437 506
894870552 1438 506
894870552 1439 507
894870552 1440 507
894870552 1441 508
894870552 1442 509
894870552 1443 509
894870552 1444 509
894870552 1445 510
894870552 1446 510
894870552 1447 511
894870552 1448 511
894870552 1448 511
894870552 1449 511
894870552 1449 511
894870552 1450 511
894870552 1451 512
894870552 1452 512
894870552 1453 512
894870552 1454 513
894870552 1455 513
894870552 1456 513
894870552 1457 513
894870552 1458 514
894870552 1459 514
894870552 1460 514
894870552 1461 515
894870552 1461 515
894870552 1462 516
894870552 1463 516
894870552 1464 516
894870552 1465 516
894870552 1466 517
894870552 1467 517
894870552 1468 517
894870552 1468 517
894870552 1469 518
894870552 1470 518
894870552 1471 518
894870552 1472 518
894870552 1473 519
894870552 1474 519
894870552 1474 519
894870552 1475 520
894870552 1476 520
894870552 1476 520
894870552 1477 520
894870552 1478 521
894870552 1479 521
894870552 1480 521
894870552 1481 522
894870552 1482 522
894870552 1482 522
894870552 1483 522
894870552 1484 522
894870552 1485 523
894870552 1485 523
894870552 1486 523
894870552 1487 524
894870552 1488 524
894870552 1489 524
894870552 1490 525
894870552 1490 525
894870552 1491 525
894870552 1492 525
894870552 1493 525
894870552 1494 526
894870552 1495 526
894870552 1496 526
894870552 1497 527
894870552 1498 527
894870552 1499 527
894870552 1500 528
894870552 1500 528
894870552 1501 528
894870552 1502 528
894870552 1503 528
894870552 1504 529
894870552 1505 529
894870552 1506 529
894870552 1507 529
894870552 1508 530
894870552 1508 530
894870552 1509 530
894870552 1510 530
894870552 1511 531
894870552 1512 531
894870552 1512 531
894870552 1513 531
894870552 1514 531
894870552 1515 532
894870552 1516 532
894870552 1517 532
894870552 1518 533
894870552 1519 533
894870552 1520 533
894870552 1521 534
894870552 1522 534
894870552 1523 535
894870552 1524 535
894870552 1525 535
894870552 1526 535
894870552 1527 536
894870552 1527 536
894870552 1528 536
894870552 1529 536
894870552 1530 537
894870552 1531 537
894870552 1532 537
894870552 1532 537
894870552 1532 537
894870552 1533 538
894870552 1534 538
894870552 1535 538
894870552 1536 539
894870552 1536 539
894870552 1537 539
894870552 1538 540
894870552 1539 540
894870552 1540 540
894870552 1541 540
894870552 1542 541
894870552 1543 541
894870552 1544 541
894870552 1545 541
894870552 1546 542
894870552 1547 542
894870552 1548 543
894870552 1549 543
894870552 1550 543
894870552 1551 544
894870552 1552 545
894870552 1553 545
894870552 1554 545
894870552 1554 545
894870552 1555 546
894870552 1556 546
894870552 1557 546
894870552 1558 547
894870552 1559 547
894870552 1559 547
894870552 1560 548
894870552 1560 548
894870552 1561 548
894870552 1562 549
894870552 1562 549
894870552 1563 549
894870552 1564 549
894870552 1565 550
894870552 1565 550
894870552 1566 550
894870552 1567 551
894870552 1568 551
894870552 1569 551
894870552 1570 551
894870552 1571 552
894870552 1572 552
894870552 1573 552
894870552 1574 552
894870552 1575 553
894870552 1576 553
894870552 1577 553
894870552 1578 553
894870552 1579 554
894870552 1579 554
894870552 1580 554
894870552 1581 554
894870552 1582 555
894870552 1583 555
894870552 1583 555
894870552 1584 555
894870552 1585 555
894870552 1586 556
894870552 1587 556
894870552 1587 556
894870552 1588 556
894870552 1589 557
894870552 1590 557
894870552 1591 557
894870552 1592 557
894870552 1593 558
894870552 1594 558
894870552 1595 558
894870552 1596 558
894870552 1597 559
894870552 1598 559
894870552 1599 559
894870552 1600 560
894870552 1601 560
894870552 1602 560
894870552 1603 561
894870552 1604 561
894870552 1605 562
894870552 1606 562
894870552 1607 562
894870552 1608 562
894870552 1608 562
894870552 1609 563
894870552 1610 563
894870552 1611 563
894870552 1611 563
894870552 1612 564
894870552 1613 564
894870552 1614 565
894870552 1615 565
894870552 1616 565
894870552 1617 565
894870552 1618 566
894870552 1618 566
894870552 1619 566
894870552 1620 566
894870552 1621 567
894870552 1622 567
894870552 1623 568
894870552 1624 568
894870552 1625 569
894870552 1626 569
894870552 1627 570
894870552 1628 570
894870552 1629 571
894870552 1629 571
894870552 1630 571
894870552 1631 571
894870552 1632 572
894870552 1632 572
894870552 1632 572
894870552 1633 572
894870552 1634 572
894870552 1635 572
894870552 1636 573
894870552 1636 573
894870552 1637 573
894870552 1637 573
894870552 1638 574
894870552 1639 574
894870552 1640 575
894870552 1641 575
894870552 1642 575
894870552 1643 575
894870552 1643 575
894870552 1643 575
894870552 1644 576
894870552 1645 576
894870552 1646 576
894870552 1646 576
894870552 1646 576
894870552 1646 577
894870552 1647 577
894870552 1648 577
894870552 1649 578
894870552 1650 578
894870552 1651 579
894870552 1652 580
894870552 1652 580
894870552 1653 580
894870552 1654 580
894870552 1654 580
894870552 1654 581
894870552 1655 581
894870552 1656 581
894870552 1657 581
894870552 1658 582
894870552 1659 582
894870552 1660 582
894870552 1661 582
894870552 1662 583
894870552 1663 584
894870552 1664 584
894870552 1665 584
894870552 1666 585
894870552 1667 585
894870552 1668 585
894870552 1669 586
894870552 1670 586
894870552 1671 586
894870552 1672 587
894870552 1673 587
894870552 1674 587
894870552 1675 588
894870552 1676 588
894870552 1677 588
894870552 1677 588
894870552 1678 589
894870552 1679 589
894870552 1680 589
894870552 1681 589
894870552 1681 589
894870552 1682 590
894870552 1683 590
894870552 1684 591
894870552 1685 591
894870552 1686 591
894870552 1687 591
894870552 1688 592
894870552 1689 592
894870552 1690 592
894870552 1691 593
894870552 1692 593
894870552 1693 594
894870552 1693 594
894870552 1694 594
894870552 1695 595
894870552 1696 595
894870552 1697 595
894870552 1698 596
894870552 1699 596
894870552 1700 596
894870552 1701 597
894870552 1702 597
894870552 1702 597
894870552 1703 597
894870552 1704 597
894870552 1705 598
894870552 1706 599
894870552 1706 599
894870552 1707 599
894870552 1708 599
894870552 1709 599
894870552 1709 599
894870552 1710 600
894870552 1711 600
894870552 1712 601
