873111162.59766 25 11
873111162.59766 50 19
873111162.59766 75 27
873111162.59766 100 34
873111162.59766 125 41
837138798.51172 150 47
837138798.51172 175 54
837138798.51172 200 61
837138798.51172 225 68
837138798.51172 250 75
837138798.51172 275 81
837138798.51172 300 88
837138798.51172 325 95
837138798.51172 350 102
837138798.51172 375 109
837138798.51172 400 116
837138798.51172 425 122
837138798.51172 450 129
837138798.51172 475 136
837138798.51172 500 143
837138798.51172 525 150
837138798.51172 550 157
837138798.51172 575 165
837138798.51172 600 173
837138798.51172 625 181
837138798.51172 650 188
837138798.51172 675 195
837138798.51172 700 202
837138798.51172 725 210
837138798.51172 750 219
837138798.51172 775 229
837138798.51172 800 238
837138798.51172 825 248
837138798.51172 850 257
837138798.51172 875 267
837138798.51172 900 277
837138798.51172 925 287
837138798.51172 950 297
837138798.51172 975 306
837138798.51172 1000 316
837138798.51172 1025 325
837138798.51172 1050 333
837138798.51172 1075 341
837138798.51172 1100 348
837138798.51172 1125 356
837138798.51172 1150 363
837138798.51172 1175 370
837138798.51172 1200 377
837138798.51172 1225 384
837138798.51172 1250 391
837138798.51172 1275 398
837138798.51172 1300 406
837138798.51172 1325 413
837138798.51172 1350 420
837138798.51172 1375 427
837138798.51172 1400 435
837138798.51172 1425 442
837138798.51172 1450 450
837138798.51172 1475 458
837138798.51172 1500 467
837138798.51172 1525 474
837138798.51172 1550 483
837138798.51172 1575 490
837138798.51172 1600 497
837138798.51172 1625 504
837138798.51172 1650 511
837138798.51172 1675 518
837138798.51172 1700 525
837138798.51172 1725 532
837138798.51172 1750 540
837138798.51172 1775 547
837138798.51172 1800 554
837138798.51172 1825 561
837138798.51172 1850 568
837138798.51172 1875 575
837138798.51172 1900 582
837138798.51172 1925 590
837138798.51172 1950 597
837138798.51172 1975 604
