1943554938.2933 19 9
1943554938.2933 44 18
1943554938.2933 69 26
1931824187.5192 94 34
1931824187.5192 119 42
1734298458.6263 144 50
1734298458.6263 169 58
1697929260.8678 194 66
1676230589.0766 219 73
1618184427.7613 244 81
1618184427.7613 269 89
1618184427.7613 294 96
1597555939.3186 319 104
1597555939.3186 344 112
1597555939.3186 369 120
1567836104.1964 394 128
1567836104.1964 419 137
1561856558.9323 444 149
1561856558.9323 469 158
1561856558.9323 494 167
1561856558.9323 519 176
1543046455.8299 544 184
1543046455.8299 569 191
1543046455.8299 594 199
1543046455.8299 619 206
1543046455.8299 644 213
1543046455.8299 669 220
1543046455.8299 694 227
1543046455.8299 719 234
1543046455.8299 744 243
1543046455.8299 769 250
1543046455.8299 794 258
1543046455.8299 819 266
1543046455.8299 844 274
1543046455.8299 869 282
1543046455.8299 894 289
1543046455.8299 919 297
1543046455.8299 944 305
1543046455.8299 969 313
1543046455.8299 994 320
1543046455.8299 1019 328
1543046455.8299 1044 335
1543046455.8299 1069 343
1543046455.8299 1094 350
1543046455.8299 1119 359
1543046455.8299 1144 368
1543046455.8299 1169 376
1543046455.8299 1194 399
1543046455.8299 1219 437
1543046455.8299 1244 472
1543046455.8299 1269 501
1543046455.8299 1294 539
1543046455.8299 1319 573
1543046455.8299 1344 607
