1389009408 20 16
1045856426 44 28
663706663 68 43
545822758 92 55
545822758 116 71
489419912 140 84
489419912 164 98
489419912 188 113
485466768 211 121
485466768 235 137
485466768 259 145
465091568 282 154
465091568 303 165
465091568 327 177
465091568 351 189
465091568 375 201
465091568 399 211
465091568 423 224
465091568 446 231
465091568 470 243
465091568 494 257
465091568 516 268
461330872 540 281
446200040 564 290
446200040 586 298
446200040 606 304
446200040 630 319
446200040 650 325
446200040 674 334
446200040 698 345
446200040 721 354
446200040 740 359
446200040 764 370
446200040 788 378
446200040 812 388
446200040 836 399
446200040 860 407
446200040 884 415
446200040 906 422
446200040 930 431
446200040 954 442
446200040 978 458
446200040 1002 471
446200040 1026 478
446200040 1050 485
446200040 1069 493
446200040 1093 509
446200040 1117 521
446200040 1141 529
446200040 1165 538
446200040 1189 548
446200040 1213 556
446200040 1237 565
446200040 1261 577
446200040 1285 590
446200040 1309 600
446200040 1333 613
446200040 1357 623
446200040 1381 630
446200040 1405 639
446200040 1429 652
446200040 1449 663
446200040 1473 671
446200040 1497 680
446200040 1521 687
446200040 1545 695
446200040 1569 703
446200040 1593 711
446200040 1617 720
446200040 1641 729
446200040 1665 745
446200040 1689 754
446200040 1713 764
446200040 1737 774
446200040 1761 786
446200040 1781 793
446200040 1801 800
446200040 1825 810
446200040 1848 820
446200040 1867 827
446200040 1891 835
446200040 1915 845
446200040 1939 854
446200040 1963 863
446200040 1981 868
446200040 2002 879
446200040 2026 888
446200040 2049 896
446200040 2073 907
446200040 2097 920
446200040 2121 930
446200040 2145 941
446200040 2169 952
446200040 2193 960
446200040 2217 970
446200040 2241 979
446200040 2265 987
446200040 2287 995
446200040 2311 1007
446200040 2335 1015
446200040 2359 1027
446200040 2383 1037
446200040 2407 1047
446200040 2431 1054
446200040 2455 1069
446200040 2479 1081
446200040 2503 1093
446200040 2526 1103
446200040 2550 1113
446200040 2574 1125
446200040 2598 1137
446200040 2621 1145
446200040 2645 1154
446200040 2669 1163
446200040 2693 1171
446200040 2717 1179
446200040 2741 1191
446200040 2765 1205
446200040 2789 1212
446200040 2809 1220
446200040 2833 1227
446200040 2857 1236
446200040 2881 1246
446200040 2905 1256
446200040 2929 1264
446200040 2953 1274
446200040 2977 1282
446200040 3001 1292
446200040 3025 1302
446200040 3046 1309
446200040 3070 1319
446200040 3094 1329
446200040 3118 1339
446200040 3142 1350
446200040 3166 1360
446200040 3190 1369
446200040 3214 1379
446200040 3237 1387
446200040 3260 1400
446200040 3284 1414
446200040 3308 1428
446200040 3332 1440
446200040 3356 1447
446200040 3380 1457
446200040 3404 1466
446200040 3428 1476
446200040 3449 1484
446200040 3473 1498
446200040 3497 1506
446200040 3521 1518
446200040 3545 1528
446200040 3569 1537
446200040 3593 1547
446200040 3612 1555
446200040 3635 1568
446200040 3659 1577
446200040 3683 1585
446200040 3707 1593
446200040 3731 1602
446200040 3755 1612
446200040 3779 1621
446200040 3803 1629
446200040 3827 1640
446200040 3851 1647
446200040 3875 1658
446200040 3899 1668
446200040 3923 1678
446200040 3947 1691
446200040 3971 1702
446200040 3993 1712
446200040 4017 1720
446200040 4041 1731
446200040 4065 1740
446200040 4089 1748
446200040 4113 1758
446200040 4137 1766
446200040 4160 1773
446200040 4184 1781
446200040 4208 1791
446200040 4232 1799
446200040 4256 1813
446200040 4280 1821
446200040 4304 1832
446200040 4328 1840
446200040 4352 1849
446200040 4376 1860
446200040 4400 1869
446200040 4424 1876
446200040 4448 1890
446200040 4472 1897
446200040 4496 1906
446200040 4515 1912
446200040 4539 1926
446200040 4563 1934
446200040 4587 1943
446200040 4611 1950
446200040 4633 1961
446200040 4657 1971
446200040 4681 1980
446200040 4705 1988
