573521657.72917
573521657.72917
558965757.52083
519697895.33333
519697895.33333
519697895.33333
519697895.33333
519697895.33333
519697895.33333
519697895.33333
494613488.4375
494613488.4375
494613488.4375
494613488.4375
488438334.1875
488438334.1875
488438334.1875
488438334.1875
473319605.8125
473319605.8125
472065903.25
472065903.25
472065903.25
472065903.25
472065903.25
472065903.25
472065903.25
472065903.25
472065903.25
472065903.25
472065903.25
472065903.25
472065903.25
472065903.25
472065903.25
472065903.25
472065903.25
472065903.25
472065903.25
472065903.25
472065903.25
453911328.6875
453911328.6875
453911328.6875
453911328.6875
453911328.6875
453911328.6875
453911328.6875
453911328.6875
453911328.6875
453911328.6875
453911328.6875
453911328.6875
453911328.6875
453911328.6875
453911328.6875
453911328.6875
453911328.6875
453911328.6875
453911328.6875
453911328.6875
453911328.6875
453911328.6875
453911328.6875
453911328.6875
453911328.6875
453911328.6875
453911328.6875
453911328.6875
453911328.6875
453911328.6875
453911328.6875
453911328.6875
453911328.6875
453911328.6875
453911328.6875
453911328.6875
453911328.6875
453911328.6875
453911328.6875
453911328.6875
453911328.6875
453911328.6875
453911328.6875
453911328.6875
453911328.6875
453911328.6875
453911328.6875
453911328.6875
453911328.6875
453911328.6875
453911328.6875
453911328.6875
453911328.6875
453911328.6875
453911328.6875
453911328.6875
453911328.6875
453911328.6875
453911328.6875
453911328.6875
453911328.6875
453911328.6875
453911328.6875
453911328.6875
453911328.6875
453911328.6875
453911328.6875
453911328.6875
453911328.6875
453911328.6875
453911328.6875
453911328.6875
453911328.6875
453911328.6875
453911328.6875
453911328.6875
453911328.6875
453911328.6875
453911328.6875
453911328.6875
453911328.6875
453911328.6875
453911328.6875
453911328.6875
453911328.6875
453911328.6875
453911328.6875
453911328.6875
453911328.6875
453911328.6875
453911328.6875
453911328.6875
453911328.6875
453911328.6875
453911328.6875
453911328.6875
453911328.6875
453911328.6875
453911328.6875
453911328.6875
453911328.6875
453911328.6875
453911328.6875
453911328.6875
453911328.6875
453911328.6875
453911328.6875
453911328.6875
453911328.6875
453911328.6875
453911328.6875
453911328.6875
453911328.6875
453911328.6875
453911328.6875
453911328.6875
453911328.6875
453911328.6875
453911328.6875
453911328.6875
453911328.6875
453911328.6875
453911328.6875
453911328.6875
453911328.6875
453911328.6875
453911328.6875
453911328.6875
453911328.6875
447308738.95833
447308738.95833
447308738.95833
447308738.95833
447308738.95833
447308738.95833
447308738.95833
447308738.95833
447308738.95833
447308738.95833
447308738.95833
447308738.95833
447308738.95833
447308738.95833
447308738.95833
447308738.95833
447308738.95833
447308738.95833
447308738.95833
447308738.95833
447308738.95833
447308738.95833
447308738.95833
447308738.95833
447308738.95833
447308738.95833
447308738.95833
447308738.95833
447308738.95833
447308738.95833
447308738.95833
447308738.95833
447308738.95833
447308738.95833
447308738.95833
447308738.95833
447308738.95833
447308738.95833
447308738.95833
447308738.95833
447308738.95833
447308738.95833
447308738.95833
447308738.95833
447308738.95833
447308738.95833
447308738.95833
447308738.95833
447308738.95833
447308738.95833
447308738.95833
447308738.95833
447308738.95833
447308738.95833
447308738.95833
447308738.95833
447308738.95833
447308738.95833
447308738.95833
447308738.95833
447308738.95833
447308738.95833
447308738.95833
447308738.95833
447308738.95833
447308738.95833
447308738.95833
447308738.95833
447308738.95833
447308738.95833
447308738.95833
447308738.95833
447308738.95833
447308738.95833
447308738.95833
447308738.95833
447308738.95833
447308738.95833
447308738.95833
447308738.95833
447308738.95833
447308738.95833
447308738.95833
447308738.95833
447308738.95833
447308738.95833
447308738.95833
447308738.95833
447308738.95833
447308738.95833
447308738.95833
447308738.95833
447308738.95833
447308738.95833
447308738.95833
447308738.95833
447308738.95833
447308738.95833
447308738.95833
447308738.95833
447308738.95833
447308738.95833
447308738.95833
447308738.95833
447308738.95833
447308738.95833
447308738.95833
447308738.95833
447308738.95833
447308738.95833
447308738.95833
447308738.95833
447308738.95833
447308738.95833
447308738.95833
447308738.95833
447308738.95833
447308738.95833
447308738.95833
447308738.95833
447308738.95833
447308738.95833
447308738.95833
447308738.95833
447308738.95833
447308738.95833
447308738.95833
447308738.95833
447308738.95833
447308738.95833
447308738.95833
447308738.95833
447308738.95833
447308738.95833
447308738.95833
447308738.95833
447308738.95833
447308738.95833
447308738.95833
447308738.95833
447308738.95833
447308738.95833
447308738.95833
447308738.95833
447308738.95833
447308738.95833
447308738.95833
447308738.95833
447308738.95833
447308738.95833
447308738.95833
447308738.95833
447308738.95833
447308738.95833
447308738.95833
447308738.95833
447308738.95833
447308738.95833
447308738.95833
447308738.95833
447308738.95833
447308738.95833
447308738.95833
447308738.95833
447308738.95833
447308738.95833
447308738.95833
447308738.95833
447308738.95833
447308738.95833
447308738.95833
447308738.95833
447308738.95833
447308738.95833
447308738.95833
447308738.95833
447308738.95833
447308738.95833
447308738.95833
447308738.95833
447308738.95833
447308738.95833
447308738.95833
447308738.95833
447308738.95833
447308738.95833
447308738.95833
447308738.95833
447308738.95833
447308738.95833
447308738.95833
447308738.95833
447308738.95833
447308738.95833
447308738.95833
447308738.95833
447308738.95833
447308738.95833
447308738.95833
447308738.95833
447308738.95833
447308738.95833
447308738.95833
447308738.95833
447308738.95833
447308738.95833
447308738.95833
447308738.95833
447308738.95833
447308738.95833
447308738.95833
447308738.95833
447308738.95833
447308738.95833
447308738.95833
447308738.95833
447308738.95833
447308738.95833
447308738.95833
447308738.95833
447308738.95833
447308738.95833
447308738.95833
447308738.95833
447308738.95833
447308738.95833
447308738.95833
447308738.95833
447308738.95833
447308738.95833
447308738.95833

nieuw 

480379884
480379884
480379884
480379884
480379884
480379884
480379884
449004520.16667
449004520.16667
449004520.16667
449004520.16667
449004520.16667
441533111.95833
441533111.95833
441533111.95833
441533111.95833
441533111.95833
441533111.95833
441533111.95833
441533111.95833
441533111.95833
441533111.95833
441533111.95833
441533111.95833
441533111.95833
441533111.95833
441408795.95833
441408795.95833
441408795.95833
441408795.95833
441408795.95833
441408795.95833
441408795.95833
441408795.95833
441408795.95833
441408795.95833
421080415.95833
421080415.95833
421080415.95833
421080415.95833
421080415.95833
421080415.95833
421080415.95833
421080415.95833
421080415.95833
421080415.95833
421080415.95833
421080415.95833
421080415.95833
421080415.95833
421080415.95833
421080415.95833
421080415.95833
421080415.95833
421080415.95833
421080415.95833
421080415.95833
421080415.95833
415290478.83333
415290478.83333
415290478.83333
415290478.83333
415290478.83333
415290478.83333
415290478.83333
415290478.83333
415290478.83333
415290478.83333
415290478.83333
415290478.83333
415290478.83333
415290478.83333
415290478.83333
415290478.83333
415290478.83333
415290478.83333
415290478.83333
415290478.83333
415290478.83333
415290478.83333
415290478.83333
415290478.83333
415290478.83333
415290478.83333
415290478.83333
415290478.83333
415290478.83333
415290478.83333
415290478.83333
415290478.83333
415290478.83333
415290478.83333
415290478.83333
415290478.83333
415290478.83333
415290478.83333
415290478.83333
415290478.83333
415290478.83333
415290478.83333
415290478.83333
415290478.83333
415290478.83333
415290478.83333
415290478.83333
415290478.83333
415290478.83333
415290478.83333
415290478.83333
415290478.83333
415290478.83333
415290478.83333
415290478.83333
415290478.83333
415290478.83333
415290478.83333
415290478.83333
415290478.83333
415290478.83333
410224402.45833
410224402.45833
410224402.45833
410224402.45833
410224402.45833
410224402.45833
410224402.45833
410224402.45833
410224402.45833
410224402.45833
410224402.45833
410224402.45833
410224402.45833
410224402.45833
410224402.45833
410224402.45833
410224402.45833
410224402.45833
410224402.45833
410224402.45833
410224402.45833
410224402.45833
410224402.45833
410224402.45833
410224402.45833
410224402.45833
410224402.45833
410224402.45833
410224402.45833
410224402.45833
410224402.45833
410224402.45833
410224402.45833
410224402.45833
410224402.45833
410224402.45833
410224402.45833
410224402.45833
410224402.45833
410224402.45833
410224402.45833
410224402.45833
410224402.45833
410224402.45833
410224402.45833
410224402.45833
410224402.45833
410224402.45833
410224402.45833
410224402.45833
410224402.45833
410224402.45833
410224402.45833
410224402.45833

2063388005.6737
2063388005.6737
2053792317.6998
2047659522.5907
2047659522.5907
2047659522.5907
2047659522.5907
2033154360.7917
2033154360.7917
2009974763.1875
2009974763.1875
2009974763.1875
2009974763.1875
2009974763.1875
2009974763.1875
2009974763.1875
2009974763.1875
2009974763.1875
2009974763.1875
2009974763.1875
2009974763.1875
2009974763.1875
2009974763.1875
2009974763.1875
2009974763.1875
2003105350.5
2003105350.5
2003105350.5
2003105350.5
2003105350.5
2003105350.5
2003105350.5
2003105350.5
2003105350.5
2003105350.5
2003105350.5
2003105350.5
2003105350.5
2003105350.5
2003105350.5
2003105350.5
2003105350.5
2003105350.5
2003105350.5
2003105350.5
2003105350.5
2003105350.5
2003105350.5
1997082957.4583
1997082957.4583
1997082957.4583
1997082957.4583
1997082957.4583
1997082957.4583
1997082957.4583
1997082957.4583
1997082957.4583
1997082957.4583
1997082957.4583
1997082957.4583
1997082957.4583
1997082957.4583
1997082957.4583
1997082957.4583
1997082957.4583
1997082957.4583
1997082957.4583
1997082957.4583
1997082957.4583
1997082957.4583
1997082957.4583
1997082957.4583
1997082957.4583
1997082957.4583
1997082957.4583
1997082957.4583
1997082957.4583
1997082957.4583
1997082957.4583
1997082957.4583
1997082957.4583
1997082957.4583
1997082957.4583
1997082957.4583
1997082957.4583
1997082957.4583
1997082957.4583
1991212284.3958
1991212284.3958
1991212284.3958
1991212284.3958
1991212284.3958
1991212284.3958
1991212284.3958
1991212284.3958
1991212284.3958
1991212284.3958
1991212284.3958
1991212284.3958
1991212284.3958
1991212284.3958
1991212284.3958
1991212284.3958
1991212284.3958
1991212284.3958
1991212284.3958
1991212284.3958
1991212284.3958
1991212284.3958
1991212284.3958
1991212284.3958
1991212284.3958
1991212284.3958
1991212284.3958
1991212284.3958
1991212284.3958
1991212284.3958
1991212284.3958
1991212284.3958
1991212284.3958
1991212284.3958
1991212284.3958
1991212284.3958
1991212284.3958
1991212284.3958
1991212284.3958
1991212284.3958
1991212284.3958
1991212284.3958
1991212284.3958
1991212284.3958
1991212284.3958
1991212284.3958
1991212284.3958
1991212284.3958
1988948828.5
1988948828.5
1988948828.5
1988948828.5
1988948828.5
1988948828.5
1988948828.5
1988948828.5
1988948828.5
1988948828.5
1988948828.5
1988948828.5
1988948828.5
1988948828.5
1988948828.5
1988948828.5
1988948828.5
1988948828.5
1988948828.5
1988948828.5
1988948828.5
1988948828.5
1988948828.5
1988948828.5
1988948828.5
1988948828.5
1988948828.5
2057120503.5278
2057120503.5278
2057120503.5278
2047681531.7426
2041430266.0233
2041430266.0233
2041430266.0233
2041430266.0233
2041430266.0233
2041430266.0233
2041430266.0233
2041430266.0233
2041430266.0233
2023343694.5597
2023343694.5597
2023343694.5597
2023343694.5597
2023343694.5597
2023343694.5597
2023343694.5597
2023343694.5597
2023343694.5597
2019225937.9053
2019225937.9053
2000461314.7064
2000461314.7064
2000461314.7064
1999597095.9842
1999597095.9842
1999597095.9842
2056163001.0015
2030477533.0692
2030477533.0692
2030477533.0692
2030477533.0692
2030477533.0692
2030477533.0692
2009090020.3774
2009090020.3774
1995410058.9293
1995410058.9293
1991933570.8219
1991933570.8219
1991933570.8219
1991933570.8219
1991933570.8219
1991933570.8219
1991933570.8219
1991933570.8219
1991933570.8219
1991933570.8219
1991933570.8219
1991933570.8219
1991933570.8219
1991933570.8219
1991933570.8219
1991933570.8219
1991933570.8219
1991933570.8219
1991933570.8219
1978081371.3233
1978081371.3233
1978081371.3233
1978081371.3233
1978081371.3233
1972986586.4472
1972986586.4472
1972986586.4472
1972986586.4472
1972986586.4472
1972986586.4472
1972986586.4472
1972986586.4472
1972986586.4472
1972986586.4472
1972986586.4472
1972986586.4472
1972986586.4472
1972986586.4472
1972986586.4472
1972986586.4472
1972986586.4472
1972986586.4472
1972986586.4472
1972986586.4472
1972986586.4472
1972986586.4472
1972986586.4472
1972986586.4472
1972986586.4472
1972986586.4472
1972986586.4472
1972986586.4472
1972986586.4472
1972986586.4472
1972986586.4472
1972986586.4472
1972986586.4472
1972986586.4472
1972986586.4472
1972986586.4472
1972986586.4472
1972986586.4472
1972986586.4472
1972986586.4472
1972986586.4472
1972986586.4472
1972986586.4472
1972986586.4472
1972986586.4472
1972986586.4472
1972986586.4472
1972986586.4472
1972986586.4472
1972986586.4472
1972986586.4472
1972986586.4472
1972986586.4472
1972986586.4472
1972986586.4472
1972986586.4472
1972986586.4472
1972986586.4472
1972986586.4472
1972986586.4472
1972986586.4472
1972986586.4472
1972986586.4472
1972986586.4472
1972986586.4472
1972986586.4472
2098115966.5417
2035144118.4583
2035144118.4583
2035144118.4583
2035144118.4583
2035144118.4583
2032859617.8685
2029367294.4167
2029367294.4167
2020797406.7708
2020797406.7708
2020797406.7708
2020797406.7708
2003695186.4651
2003695186.4651
2003695186.4651
2003695186.4651
2003695186.4651
2003695186.4651
2003695186.4651
1996337484.1318
1996337484.1318
1996337484.1318
1996337484.1318
1996337484.1318
1996337484.1318
1996337484.1318
1996337484.1318
1996337484.1318
1996337484.1318
1996337484.1318
1996337484.1318
1996337484.1318
1996337484.1318
1996337484.1318
1996337484.1318
1996337484.1318
1996337484.1318
1996337484.1318
1996337484.1318
1988142788.8615
1988142788.8615
1988142788.8615
1988142788.8615
1988142788.8615
1988142788.8615
1988142788.8615
1988142788.8615
1988142788.8615
1988142788.8615
1988142788.8615
1988142788.8615
1988142788.8615
1988142788.8615
1988142788.8615
1981185499.4259
1981185499.4259
1981185499.4259
1981185499.4259
1981185499.4259
1981185499.4259
1981185499.4259
1981185499.4259
1981185499.4259
1981185499.4259
1981185499.4259
1981185499.4259
1981185499.4259
1981185499.4259
1981185499.4259
1981185499.4259
1981185499.4259
1981185499.4259
1981185499.4259
1981185499.4259
1981185499.4259
1981185499.4259
1981185499.4259
1981185499.4259
1981185499.4259
1981185499.4259
1981185499.4259
1981185499.4259
1981185499.4259
1981185499.4259
1981185499.4259
1981185499.4259
1981185499.4259
1981185499.4259
1981185499.4259
1981185499.4259
1981185499.4259
1981185499.4259
1981185499.4259
1981185499.4259
1981185499.4259
1981185499.4259
1981185499.4259
1981185499.4259
1981185499.4259
1981185499.4259
2117179119.5659
2040627677.543
2040627677.543
2040627677.543
2040627677.543
2040627677.543
2040627677.543
2035534637.6002
2035534637.6002
2035534637.6002
2029615542.3958
2029615542.3958
2029615542.3958
2029615542.3958
2029615542.3958
2029615542.3958
2029615542.3958
2029615542.3958
2029615542.3958
2029615542.3958
2029615542.3958
2019535009.1585
2019535009.1585
2019535009.1585
1998827218.5983
1998827218.5983
1998827218.5983
1998827218.5983
1998827218.5983
1998827218.5983
1998827218.5983
1997288984.7802
1997288984.7802
1997288984.7802
1997288984.7802
1997288984.7802
1997288984.7802
1997288984.7802
1997288984.7802
1997288984.7802
1997288984.7802
1997288984.7802
1997288984.7802
1997288984.7802
1997288984.7802
1997288984.7802
1997288984.7802
1997288984.7802
1997288984.7802
1997288984.7802
1995690323.829
1995690323.829
1995191153.9329
1995191153.9329
1995191153.9329
1995191153.9329
1995191153.9329
1995191153.9329
1995191153.9329
1995191153.9329
1995191153.9329
1995191153.9329
1995191153.9329
1995191153.9329
1995191153.9329
1995191153.9329
1995191153.9329
1995191153.9329
1995191153.9329
1995191153.9329
1995191153.9329
1995191153.9329
1995191153.9329
1995191153.9329
1995191153.9329
1995191153.9329
1995191153.9329
1995191153.9329
1995191153.9329
1995191153.9329
1995191153.9329
1994188293.2401
1994188293.2401
1994188293.2401
1994188293.2401
1994188293.2401
1994188293.2401
1994188293.2401
1994188293.2401
1994188293.2401
1994188293.2401
1994188293.2401
1994188293.2401
1994188293.2401
1994188293.2401
1994188293.2401
1994188293.2401
1994188293.2401
1994188293.2401
1994188293.2401
1994188293.2401
2115773564.6883
2092090606.3673
2087959194.2667
2084639782.243
2084639782.243
2045118844.8779
2008496942.7754
2008496942.7754
2008496942.7754
2000519832.9147
2000519832.9147
2042635694.299
2042635694.299
2029577768.4628
2029577768.4628
2029577768.4628
2029577768.4628
2029577768.4628
2029577768.4628
2029577768.4628
2027513276.6435
534180229.16667
534180229.16667
524559552.26042
524559552.26042
524559552.26042
487413363.70833
481486606.8125
481486606.8125
481486606.8125
481486606.8125
481486606.8125
642792936.23727
617819679.02763
617819679.02763
583275180.8219
583275180.8219
583275180.8219
583275180.8219
566820109.70833
566820109.70833
566820109.70833
566820109.70833
