646739806.75 23 20
646739806.75 45 36
646739806.75 69 49
646739806.75 93 61
646739806.75 117 72
550284676 138 83
550284676 162 94
550284676 186 105
550284676 206 112
520938400 230 126
520938400 253 136
520938400 277 145
520938400 301 153
520938400 325 166
520938400 348 175
520938400 372 186
513933335.02344 396 197
513933335.02344 417 204
513933335.02344 441 214
513933335.02344 465 228
513933335.02344 489 241
513933335.02344 513 249
507798946 537 259
507798946 561 266
507798946 585 277
507798946 609 288
507798946 633 296
507798946 657 304
507798946 679 312
507798946 703 321
507798946 727 337
507798946 751 349
500448152 775 357
500448152 799 368
500448152 818 377
500448152 842 388
500448152 866 396
500448152 890 405
500448152 914 416
482904024 938 429
482904024 962 437
482904024 986 452
482265399.02344 1010 461
482265399.02344 1034 469
482265399.02344 1058 483
482265399.02344 1082 497
482265399.02344 1106 509
482265399.02344 1128 517
482265399.02344 1148 524
482265399.02344 1169 532
482265399.02344 1192 541
482265399.02344 1207 547
482265399.02344 1231 561
482265399.02344 1253 574
482265399.02344 1274 581
482265399.02344 1298 595
482265399.02344 1322 604
482265399.02344 1346 613
482265399.02344 1370 627
482265399.02344 1394 634
482265399.02344 1418 643
482265399.02344 1442 654
482265399.02344 1466 664
482265399.02344 1490 672
482265399.02344 1514 683
482265399.02344 1538 692
482265399.02344 1562 700
482265399.02344 1586 709
482265399.02344 1606 719
464886480 1629 727
464886480 1653 737
453593744 1677 749
453593744 1701 760
453593744 1725 770
453593744 1749 780
453593744 1773 796
453593744 1796 807
453593744 1820 827
453593744 1844 835
453593744 1868 848
453593744 1892 856
453593744 1916 871
453593744 1940 879
453593744 1964 888
453593744 1988 900
453593744 2012 909
453593744 2036 920
453593744 2060 929
453593744 2084 938
453593744 2108 949
453593744 2132 961
453593744 2156 972
453593744 2180 986
453593744 2204 999
453593744 2228 1013
453593744 2252 1024
453593744 2276 1033
453593744 2300 1042
453593744 2318 1054
453593744 2342 1063
453593744 2363 1072
453593744 2387 1082
453593744 2408 1096
453593744 2432 1106
453593744 2456 1123
453593744 2480 1131
453593744 2504 1144
453593744 2528 1154
453593744 2552 1164
453593744 2576 1178
453593744 2600 1189
453593744 2624 1197
453593744 2648 1208
453593744 2672 1218
453593744 2696 1235
453593744 2720 1246
453593744 2744 1255
453593744 2768 1268
453593744 2792 1282
453593744 2816 1290
453593744 2840 1298
453593744 2864 1308
453593744 2888 1318
453593744 2912 1327
453593744 2936 1339
453593744 2960 1355
453593744 2984 1370
453593744 3008 1379
453593744 3032 1389
453593744 3056 1401
453593744 3080 1413
453593744 3104 1424
453593744 3128 1439
453593744 3149 1450
453593744 3173 1460
453593744 3197 1470
453593744 3221 1482
453593744 3245 1492
453593744 3269 1507
453593744 3293 1518
453593744 3317 1527
453593744 3340 1536
453593744 3364 1546
453593744 3388 1560
453593744 3412 1572
453593744 3436 1584
453593744 3460 1594
453593744 3484 1604
453593744 3508 1615
453593744 3532 1624
453593744 3556 1639
453593744 3579 1648
453593744 3603 1657
453593744 3627 1668
453593744 3651 1680
453593744 3675 1690
453593744 3699 1701
453593744 3723 1711
451236088 3747 1721
451236088 3771 1740
451236088 3791 1748
451236088 3807 1756
451236088 3831 1766
451236088 3855 1774
451236088 3879 1788
451236088 3903 1798
451236088 3927 1808
451236088 3949 1819
451236088 3973 1831
451236088 3994 1843
451236088 4018 1852
451236088 4041 1865
451236088 4062 1875
451236088 4085 1883
451236088 4109 1893
451236088 4133 1901
451236088 4157 1913
451236088 4181 1927
451236088 4205 1938
451236088 4229 1949
451236088 4253 1961
451236088 4277 1969
451236088 4300 1982
451236088 4324 1992
451236088 4348 2002
451236088 4372 2014
451236088 4396 2026
451236088 4420 2036
451236088 4444 2047
451236088 4468 2060
451236088 4489 2068
451236088 4513 2081
451236088 4537 2090
451236088 4561 2102
451236088 4585 2112
451236088 4608 2121
451236088 4632 2138
451236088 4656 2149
451236088 4680 2159
451236088 4704 2167
