252349040 25 5
252349040 89 13
252349040 153 18
252349040 217 24
252349040 281 29
252349040 345 35
252349040 409 40
252349040 473 46
252349040 537 51
252349040 601 57
252349040 665 63
252349040 729 68
252349040 793 74
252349040 857 79
252349040 921 85
252349040 985 90
252349040 1049 96
252349040 1113 102
252349040 1177 107
252349040 1241 113
252349040 1305 118
252349040 1369 124
252349040 1433 129
252349040 1497 135
252349040 1561 141
252349040 1625 146
252349040 1689 152
252349040 1753 157
252349040 1817 163
252349040 1881 168
252349040 1945 174
252349040 2009 180
252349040 2073 185
