1312461522 22 21
964961288 46 35
943091080 70 46
943091080 94 59
832461241 118 71
832461241 142 81
832461241 166 91
832461241 189 101
817019563 213 115
787244190 237 125
566157782.38281 261 138
566157782.38281 285 152
566157782.38281 309 165
566157782.38281 333 175
566157782.38281 357 184
566157782.38281 379 190
566157782.38281 403 200
548059162.23438 427 217
532257408 451 225
532257408 475 233
532257408 499 240
528738784 523 250
528738784 545 261
528738784 569 272
528738784 593 284
528738784 617 298
528738784 639 308
528738784 663 317
528738784 687 327
515871612 708 333
515614834 732 346
515614834 756 354
515614834 780 364
488472008 804 373
488472008 828 384
488472008 852 394
488472008 873 400
488472008 897 410
488472008 921 421
488472008 945 432
467086178 969 442
467086178 993 457
467086178 1017 468
467086178 1041 487
467086178 1065 498
467086178 1089 514
467086178 1113 524
467086178 1137 532
467086178 1161 542
467086178 1185 553
467086178 1209 572
467086178 1233 581
467086178 1257 591
467086178 1281 605
467086178 1305 613
467086178 1324 626
467086178 1348 637
467086178 1372 645
467086178 1396 659
467086178 1420 667
467086178 1444 677
467086178 1468 686
467086178 1492 697
467086178 1516 706
467086178 1540 718
467086178 1563 725
467086178 1584 734
467086178 1607 741
467086178 1631 752
467086178 1651 760
467086178 1675 770
467086178 1699 780
467086178 1723 788
467086178 1744 798
467086178 1768 807
467086178 1792 823
467086178 1813 836
467086178 1837 848
467086178 1861 856
467086178 1885 864
467086178 1909 873
467086178 1933 882
467086178 1957 892
467086178 1981 903
467086178 2005 914
467086178 2029 927
467086178 2053 940
463523319.02344 2077 951
463523319.02344 2101 959
463523319.02344 2125 969
463523319.02344 2144 975
463523319.02344 2164 982
463523319.02344 2188 991
463523319.02344 2212 1000
463523319.02344 2236 1012
463523319.02344 2260 1020
453593744 2284 1030
453593744 2308 1044
451236088 2332 1052
451236088 2354 1063
451236088 2377 1073
451236088 2401 1082
451236088 2424 1095
451236088 2448 1109
451236088 2472 1120
451236088 2496 1130
451236088 2519 1137
451236088 2543 1145
451236088 2567 1159
451236088 2591 1168
451236088 2615 1179
451236088 2639 1190
451236088 2663 1198
451236088 2687 1211
451236088 2711 1219
451236088 2735 1227
451236088 2759 1238
451236088 2783 1245
451236088 2807 1254
451236088 2831 1268
451236088 2855 1278
451236088 2876 1287
451236088 2900 1298
451236088 2924 1310
451236088 2946 1318
451236088 2970 1328
451236088 2994 1344
451236088 3018 1351
451236088 3042 1359
451236088 3066 1370
451236088 3090 1381
451236088 3114 1391
451236088 3138 1399
451236088 3162 1410
451236088 3186 1419
451236088 3210 1439
451236088 3234 1449
451236088 3258 1466
451236088 3282 1476
451236088 3306 1485
451236088 3330 1493
451236088 3350 1501
451236088 3374 1511
451236088 3398 1523
451236088 3422 1533
451236088 3446 1542
451236088 3470 1553
451236088 3494 1564
451236088 3518 1574
451236088 3542 1586
451236088 3566 1595
451236088 3588 1606
451236088 3612 1614
451236088 3636 1626
451236088 3658 1635
451236088 3682 1648
451236088 3706 1660
451236088 3728 1672
451236088 3752 1682
449755648 3776 1691
449755648 3800 1701
449755648 3824 1712
449755648 3848 1725
446200040 3872 1733
446200040 3895 1744
446200040 3916 1754
446200040 3940 1762
446200040 3964 1773
446200040 3986 1781
446200040 4010 1790
446200040 4034 1801
446200040 4058 1813
446200040 4082 1821
446200040 4106 1829
446200040 4125 1843
446200040 4149 1855
446200040 4173 1865
446200040 4197 1875
446200040 4221 1883
446200040 4245 1898
446200040 4269 1908
446200040 4292 1917
446200040 4316 1928
446200040 4340 1942
446200040 4364 1950
446200040 4388 1964
446200040 4412 1972
446200040 4436 1980
446200040 4460 1990
446200040 4484 2006
446200040 4508 2016
446200040 4532 2028
446200040 4556 2037
446200040 4580 2045
446200040 4604 2056
446200040 4628 2064
446200040 4652 2072
446200040 4676 2082
446200040 4700 2089
446200040 4724 2099
