798066853 22 16
788477906 44 27
576365144 68 39
576365144 92 49
569567462 116 63
569567462 140 73
569567462 164 85
569567462 188 99
569567462 212 109
569567462 236 122
569567462 260 135
569567462 284 145
509264272 308 155
509264272 331 165
509264272 355 174
509264272 379 186
509264272 403 197
509264272 427 208
509264272 451 217
509264272 475 227
509264272 497 237
498795248 521 246
498795248 545 260
498795248 569 272
498795248 591 280
498795248 615 295
498795248 639 310
498795248 663 322
498795248 687 334
498795248 711 345
498795248 735 362
498795248 759 378
498795248 783 387
498795248 807 396
498795248 828 413
498795248 852 424
498795248 876 440
498795248 900 457
498795248 924 473
498795248 946 483
498795248 970 497
498795248 994 513
498795248 1018 527
498795248 1042 542
498795248 1066 557
498795248 1090 569
498795248 1114 582
498795248 1138 596
498795248 1162 610
498795248 1186 624
498795248 1210 641
498795248 1234 656
498795248 1253 668
498795248 1277 682
497781448 1301 697
497781448 1325 706
464886480 1349 718
464886480 1373 728
464886480 1396 737
464886480 1415 745
464886480 1439 757
464886480 1463 770
464886480 1487 783
464886480 1511 794
464886480 1533 802
464886480 1556 813
464886480 1580 823
464886480 1604 834
464886480 1628 845
464886480 1652 854
464886480 1676 863
464886480 1700 875
464886480 1724 884
464886480 1743 891
464886480 1767 901
464886480 1791 913
464886480 1815 924
464886480 1839 935
464886480 1863 946
464886480 1887 961
464886480 1911 970
464886480 1935 980
464886480 1959 989
464886480 1983 1000
464886480 2007 1016
464886480 2031 1028
464886480 2055 1038
464886480 2079 1052
464886480 2103 1062
464886480 2127 1070
464886480 2151 1079
464886480 2175 1088
464886480 2199 1102
464886480 2219 1114
464886480 2243 1125
464886480 2267 1136
464886480 2291 1145
464886480 2315 1155
464886480 2339 1163
464886480 2363 1175
464886480 2387 1183
464886480 2406 1191
464886480 2430 1202
464886480 2454 1211
464886480 2478 1222
463688528 2502 1232
463688528 2524 1242
463688528 2546 1251
463688528 2567 1258
463688528 2591 1266
463688528 2615 1281
463688528 2639 1295
463688528 2663 1304
463688528 2687 1315
463688528 2711 1322
463688528 2735 1335
451236088 2758 1346
451236088 2782 1354
451236088 2806 1362
451236088 2830 1376
451236088 2854 1387
451236088 2878 1396
451236088 2902 1406
451236088 2926 1414
451236088 2950 1426
446200040 2974 1439
446200040 2998 1448
446200040 3022 1455
446200040 3046 1467
446200040 3070 1477
446200040 3094 1486
446200040 3118 1495
446200040 3139 1509
446200040 3162 1519
446200040 3186 1527
446200040 3210 1541
446200040 3234 1549
446200040 3255 1556
446200040 3277 1565
446200040 3301 1579
446200040 3325 1589
446200040 3349 1610
446200040 3373 1619
446200040 3397 1629
446200040 3420 1639
446200040 3444 1650
446200040 3468 1658
446200040 3492 1672
446200040 3516 1680
446200040 3540 1691
446200040 3564 1700
446200040 3584 1712
446200040 3608 1723
446200040 3631 1731
446200040 3655 1746
446200040 3679 1757
446200040 3703 1767
446200040 3727 1776
446200040 3751 1787
446200040 3775 1794
446200040 3798 1802
446200040 3822 1819
446200040 3846 1830
446200040 3870 1839
446200040 3894 1850
446200040 3918 1861
446200040 3942 1874
446200040 3966 1884
446200040 3990 1892
446200040 4009 1900
446200040 4033 1913
446200040 4057 1922
446200040 4081 1934
446200040 4104 1943
446200040 4128 1953
446200040 4152 1963
446200040 4176 1975
446200040 4200 1983
446200040 4224 1991
446200040 4248 2000
446200040 4272 2011
446200040 4296 2019
446200040 4318 2031
446200040 4342 2039
446200040 4366 2049
446200040 4390 2059
446200040 4411 2066
446200040 4435 2075
446200040 4457 2084
446200040 4481 2097
446200040 4505 2105
446200040 4529 2112
446200040 4553 2126
446200040 4573 2136
446200040 4597 2149
446200040 4619 2159
446200040 4643 2169
446200040 4667 2178
446200040 4691 2187
446200040 4715 2198
