747355696.17188 24 21
747355696.17188 48 41
747355696.17188 72 69
626546744 96 91
626546744 120 102
626546744 144 115
572678380 168 128
567249236 192 138
567249236 216 148
560133120 238 158
560133120 262 169
560133120 285 178
560133120 309 189
500668160 333 199
500668160 352 211
500668160 376 224
500668160 400 234
492101536 424 247
492101536 448 256
492101536 469 263
492101536 493 275
492101536 516 286
492101536 540 296
492101536 564 305
492101536 588 319
492101536 612 330
492101536 634 339
492101536 658 350
492101536 682 359
492101536 706 368
492101536 730 383
492101536 754 392
492101536 778 405
492101536 802 414
492101536 826 424
492101536 850 433
492101536 874 444
492101536 898 453
492101536 922 461
492101536 946 468
492101536 970 480
492101536 994 496
492101536 1018 506
492101536 1042 516
492101536 1066 528
492101536 1090 540
492101536 1114 550
492101536 1138 558
492101536 1162 567
492101536 1185 577
482904024 1209 585
482904024 1233 593
482904024 1257 603
482904024 1281 613
482904024 1305 623
482904024 1329 631
482904024 1353 643
482904024 1377 650
482904024 1398 658
482904024 1422 667
482904024 1442 681
482904024 1466 693
482904024 1488 702
482904024 1512 710
482904024 1536 719
482904024 1560 728
482904024 1584 738
482904024 1608 748
482904024 1632 759
482904024 1656 770
482904024 1680 779
461330872 1704 790
461330872 1728 798
461330872 1752 807
461330872 1776 819
461330872 1800 831
461330872 1824 840
461330872 1848 848
461330872 1872 859
461330872 1892 867
461330872 1914 879
461330872 1938 892
461330872 1962 902
461330872 1986 913
461330872 2010 921
461330872 2034 939
461330872 2058 953
461330872 2082 964
461330872 2106 974
461330872 2130 984
461330872 2153 993
461330872 2177 1002
461330872 2201 1014
461330872 2225 1025
461330872 2249 1035
461330872 2273 1045
461330872 2294 1054
461330872 2318 1064
461330872 2341 1074
461330872 2365 1086
461330872 2389 1100
461330872 2413 1111
461330872 2437 1120
461330872 2457 1130
461330872 2481 1140
461330872 2505 1149
461330872 2529 1160
461330872 2553 1170
461330872 2577 1181
461330872 2596 1189
461330872 2619 1198
461330872 2641 1211
461330872 2665 1220
461330872 2687 1237
461330872 2711 1250
461330872 2735 1265
461330872 2759 1272
461330872 2780 1280
461330872 2804 1288
461330872 2828 1300
461330872 2852 1309
461330872 2876 1318
461330872 2900 1327
461330872 2924 1341
461330872 2948 1352
461330872 2972 1361
461330872 2996 1372
461330872 3020 1383
461330872 3044 1392
461330872 3068 1403
461330872 3092 1415
461330872 3116 1423
461330872 3140 1431
461330872 3164 1440
459850432 3187 1454
459850432 3209 1463
459850432 3233 1477
459850432 3257 1486
459850432 3281 1496
459850432 3305 1507
459850432 3329 1515
459850432 3353 1526
459850432 3377 1534
459850432 3401 1544
459850432 3425 1556
450038136 3446 1568
450038136 3470 1578
450038136 3494 1587
450038136 3518 1597
450038136 3542 1609
450038136 3566 1617
450038136 3590 1626
450038136 3614 1635
450038136 3638 1643
450038136 3662 1652
450038136 3686 1660
450038136 3709 1669
450038136 3733 1678
450038136 3757 1688
450038136 3779 1697
450038136 3803 1708
450038136 3827 1717
450038136 3851 1729
450038136 3874 1738
450038136 3898 1750
450038136 3920 1761
450038136 3944 1769
450038136 3968 1778
450038136 3992 1791
450038136 4016 1800
450038136 4040 1812
450038136 4064 1822
450038136 4088 1830
450038136 4112 1842
450038136 4136 1855
450038136 4160 1863
450038136 4182 1872
450038136 4206 1886
450038136 4227 1896
450038136 4251 1906
450038136 4275 1918
450038136 4298 1932
450038136 4322 1942
450038136 4346 1961
450038136 4370 1974
450038136 4394 1981
450038136 4418 1993
450038136 4442 2000
450038136 4466 2012
450038136 4490 2021
450038136 4511 2029
450038136 4535 2036
450038136 4559 2044
450038136 4581 2052
450038136 4605 2067
450038136 4629 2078
450038136 4653 2086
450038136 4677 2097
450038136 4701 2105
450038136 4725 2114
