130216791.83333 23 6
127796034.10156 87 18
127796034.10156 151 26
127796034.10156 215 34
127796034.10156 279 42
127796034.10156 343 50
127796034.10156 407 58
127796034.10156 471 66
127796034.10156 535 74
127796034.10156 599 82
127796034.10156 663 90
127796034.10156 727 98
127796034.10156 791 106
127796034.10156 855 114
127796034.10156 919 122
127796034.10156 983 130
127796034.10156 1047 138
127796034.10156 1111 146
127796034.10156 1175 154
127796034.10156 1239 162
127796034.10156 1303 170
127796034.10156 1367 178
127796034.10156 1431 186
