638802288.42188 23 13
568031866 48 22
568031866 73 31
568031866 98 39
568031866 123 47
565403835 148 54
524756582 173 62
521188162 198 69
502699340 223 76
502699340 248 83
500160888 273 91
483789845 298 98
464820027 323 105
464820027 348 114
462739835 373 123
462739835 398 131
462739835 423 140
462739835 448 149
462739835 473 158
462739835 498 166
462739835 523 173
462739835 548 181
462739835 573 189
462739835 598 196
462739835 623 204
462739835 648 211
462739835 673 219
462739835 698 226
462739835 723 234
462739835 748 241
462739835 773 249
462739835 798 256
462739835 823 264
462739835 848 271
462739835 873 279
462739835 898 287
462739835 923 295
462739835 948 302
462739835 973 310
462739835 998 318
462739835 1023 326
462739835 1048 335
462739835 1073 342
462739835 1098 350
462739835 1123 358
462739835 1148 366
462739835 1173 374
462739835 1198 382
462739835 1223 389
462739835 1248 397
462739835 1273 405
462739835 1298 413
462739835 1323 421
462739835 1348 429
462739835 1373 439
462739835 1398 446
462739835 1423 454
462739835 1448 463
462739835 1473 471
462739835 1498 480
462739835 1523 490
462739835 1548 499
462739835 1573 506
462739835 1598 514
462739835 1623 522
462739835 1648 530
462739835 1673 538
462739835 1698 546
462739835 1723 553
462739835 1748 561
462739835 1773 569
462739835 1798 577
462739835 1823 585
462739835 1848 592
462739835 1873 602
