884452864 19 19
884452864 43 34
602227354 67 44
602227354 91 59
602227354 115 70
602227354 139 83
540007218.70703 158 94
540007218.70703 182 102
540007218.70703 202 109
540007218.70703 226 118
540007218.70703 250 128
537088894 274 142
537088894 298 151
537088894 322 160
537088894 346 170
537088894 370 180
537088894 394 188
483435960 418 200
483435960 440 207
483435960 464 219
483435960 488 228
483435960 510 236
483435960 534 247
483435960 558 261
483435960 581 268
483435960 602 279
483435960 626 291
483435960 650 299
483435960 674 309
483435960 694 316
483435960 718 329
483435960 742 339
482265399.02344 766 347
482265399.02344 790 355
463523319.02344 814 362
463523319.02344 838 370
463523319.02344 862 378
463523319.02344 886 386
463523319.02344 910 395
463523319.02344 934 408
463523319.02344 958 417
463523319.02344 980 426
463523319.02344 1004 435
463523319.02344 1028 446
463523319.02344 1047 453
463523319.02344 1071 466
446200040 1091 472
446200040 1115 482
446200040 1139 492
446200040 1163 505
446200040 1185 515
446200040 1209 530
446200040 1232 537
446200040 1256 546
446200040 1280 555
446200040 1304 565
446200040 1328 580
446200040 1352 591
446200040 1376 599
446200040 1400 607
446200040 1424 618
446200040 1448 634
446200040 1472 648
446200040 1496 656
446200040 1520 665
446200040 1544 673
446200040 1568 685
446200040 1592 697
446200040 1616 709
446200040 1637 721
446200040 1661 733
446200040 1685 742
446200040 1709 751
446200040 1733 760
446200040 1757 771
446200040 1781 780
446200040 1801 788
446200040 1825 796
446200040 1849 807
446200040 1873 817
446200040 1897 823
446200040 1921 832
446200040 1945 842
446200040 1969 853
446200040 1993 864
446200040 2017 874
446200040 2041 884
446200040 2065 895
446200040 2089 906
446200040 2113 919
446200040 2137 928
446200040 2161 939
446200040 2185 954
446200040 2209 964
446200040 2233 974
446200040 2257 981
446200040 2281 989
446200040 2305 998
446200040 2329 1008
446200040 2353 1019
446200040 2377 1026
446200040 2401 1034
446200040 2425 1048
446200040 2449 1059
446200040 2473 1068
446200040 2496 1077
446200040 2520 1084
446200040 2544 1095
446200040 2565 1102
446200040 2589 1113
446200040 2613 1123
446200040 2633 1131
446200040 2657 1140
446200040 2681 1151
446200040 2705 1159
446200040 2729 1168
446200040 2749 1181
446200040 2773 1191
446200040 2797 1198
446200040 2821 1208
446200040 2845 1221
446200040 2866 1230
446200040 2890 1245
446200040 2914 1256
446200040 2938 1266
446200040 2962 1274
446200040 2986 1284
446200040 3010 1293
446200040 3034 1305
446200040 3058 1313
446200040 3082 1324
446200040 3106 1334
446200040 3130 1345
446200040 3154 1353
446200040 3175 1362
446200040 3199 1373
446200040 3223 1384
446200040 3247 1396
446200040 3271 1405
446200040 3295 1417
446200040 3319 1425
446200040 3343 1435
446200040 3367 1443
446200040 3391 1465
446200040 3413 1474
446200040 3434 1484
446200040 3456 1495
446200040 3480 1503
446200040 3504 1516
446200040 3528 1526
446200040 3552 1535
446200040 3576 1542
446200040 3596 1553
446200040 3617 1561
446200040 3641 1569
446200040 3665 1581
446200040 3689 1593
446200040 3713 1603
446200040 3737 1612
446200040 3757 1620
446200040 3781 1633
446200040 3805 1642
446200040 3827 1650
446200040 3851 1658
446200040 3871 1667
446200040 3895 1675
446200040 3919 1689
446200040 3939 1696
446200040 3963 1708
446200040 3987 1719
446200040 4011 1728
446200040 4035 1736
446200040 4059 1746
446200040 4083 1754
446200040 4104 1764
446200040 4128 1774
446200040 4152 1787
446200040 4174 1796
446200040 4197 1806
446200040 4221 1815
446200040 4245 1825
446200040 4269 1835
446200040 4293 1844
446200040 4317 1852
446200040 4341 1861
446200040 4365 1873
446200040 4389 1883
446200040 4413 1898
446200040 4437 1905
446200040 4461 1917
446200040 4485 1924
446200040 4509 1936
446200040 4533 1944
446200040 4557 1959
446200040 4581 1967
446200040 4605 1975
446200040 4629 1985
446200040 4653 1994
446200040 4675 2005
446200040 4699 2015
