1451177233 16 14
1451177233 41 25
1377301736.0139 66 36
1377301736.0139 91 54
765181455 116 68
765181455 141 80
765181455 166 91
765181455 191 102
765181455 216 113
765181455 241 124
765181455 266 133
645179787 291 143
645179787 316 153
645179787 341 163
645179787 366 173
645179787 391 184
645179787 416 195
645179787 441 204
645179787 466 213
645179787 491 222
645179787 516 231
645179787 541 239
645179787 566 247
645179787 591 255
645179787 616 263
645179787 641 270
645179787 666 278
645179787 691 286
645179787 716 295
645179787 741 304
645179787 766 312
645179787 791 321
645179787 816 330
645179787 841 338
645179787 866 348
645179787 891 358
645179787 916 366
645179787 941 375
645179787 966 384
645179787 991 392
645179787 1016 399
645179787 1041 407
645179787 1066 414
645179787 1091 422
645179787 1116 430
645179787 1141 438
645179787 1166 446
645179787 1191 453
645179787 1216 461
645179787 1241 469
645179787 1266 476
645179787 1291 486
645179787 1316 496
645179787 1341 505
645179787 1366 513
645179787 1391 521
645179787 1416 530
645179787 1441 538
645179787 1466 547
645179787 1491 558
645179787 1516 567
645179787 1541 576
645179787 1566 585
645179787 1591 593
645179787 1616 602
