1980459932 21 17
916183464 45 29
916183464 66 39
767416402 90 51
767416402 114 64
767416402 136 79
767416402 158 91
693457038 182 104
598013634 206 115
598013634 230 124
598013634 254 134
598013634 278 150
598013634 302 160
589734711.02344 326 170
575790013.92969 346 179
575790013.92969 370 191
542895045.92969 394 200
542895045.92969 417 212
542895045.92969 441 226
542895045.92969 465 241
542895045.92969 488 249
542895045.92969 507 259
542895045.92969 531 270
542895045.92969 555 286
542895045.92969 579 295
528126590 603 308
514380280.90625 627 318
514380280.90625 651 329
514380280.90625 674 338
514380280.90625 698 348
494148440 722 359
480292960 746 372
480292960 770 381
480292960 794 389
480292960 818 397
480292960 842 408
480292960 866 420
480292960 890 431
463611128 911 442
463611128 935 451
463611128 959 460
463611128 983 472
463611128 1007 479
463611128 1031 492
463611128 1055 501
463611128 1074 509
463611128 1098 522
463611128 1122 531
463611128 1146 540
463611128 1170 548
446200040 1194 558
446200040 1218 569
446200040 1242 578
446200040 1266 590
446200040 1290 600
446200040 1310 609
446200040 1334 618
446200040 1358 628
446200040 1382 641
446200040 1406 652
446200040 1430 659
446200040 1454 676
446200040 1478 684
446200040 1502 694
446200040 1525 706
446200040 1549 714
446200040 1571 726
446200040 1595 741
446200040 1619 750
446200040 1643 762
446200040 1667 774
446200040 1691 782
446200040 1711 791
446200040 1735 802
446200040 1759 816
446200040 1783 827
446200040 1807 837
446200040 1831 847
446200040 1855 855
446200040 1879 866
446200040 1903 878
446200040 1927 892
446200040 1951 905
446200040 1975 913
446200040 1999 919
446200040 2023 929
446200040 2047 937
446200040 2071 949
446200040 2095 961
446200040 2119 971
446200040 2138 977
446200040 2160 987
446200040 2184 996
446200040 2208 1007
446200040 2232 1018
446200040 2256 1030
446200040 2277 1036
446200040 2300 1050
446200040 2322 1059
446200040 2346 1067
446200040 2370 1076
446200040 2394 1085
446200040 2418 1094
446200040 2442 1106
446200040 2466 1113
446200040 2490 1123
446200040 2514 1134
446200040 2537 1141
446200040 2561 1149
446200040 2585 1162
446200040 2609 1170
446200040 2633 1178
446200040 2657 1186
446200040 2681 1195
446200040 2702 1207
446200040 2721 1214
446200040 2745 1223
446200040 2769 1234
446200040 2793 1244
446200040 2817 1252
446200040 2841 1266
446200040 2865 1275
446200040 2889 1284
446200040 2913 1295
446200040 2937 1311
446200040 2961 1320
446200040 2985 1330
446200040 3009 1342
446200040 3033 1354
446200040 3056 1368
446200040 3080 1379
446200040 3104 1388
446200040 3128 1399
446200040 3150 1406
446200040 3169 1413
446200040 3191 1422
446200040 3213 1431
446200040 3234 1441
446200040 3258 1452
446200040 3281 1463
446200040 3305 1472
446200040 3329 1480
446200040 3353 1492
446200040 3377 1500
446200040 3401 1525
446200040 3422 1535
446200040 3443 1543
446200040 3467 1551
446200040 3487 1562
446200040 3511 1575
446200040 3535 1583
446200040 3559 1591
446200040 3583 1601
446200040 3607 1611
446200040 3631 1621
446200040 3654 1629
446200040 3678 1640
446200040 3699 1650
446200040 3723 1660
446200040 3744 1670
446200040 3768 1682
446200040 3792 1691
446200040 3814 1703
446200040 3838 1713
446200040 3862 1722
446200040 3879 1728
446200040 3901 1742
446200040 3925 1756
446200040 3946 1766
446200040 3970 1775
446200040 3994 1784
446200040 4018 1799
446200040 4042 1809
446200040 4066 1820
446200040 4090 1833
446200040 4114 1844
446200040 4138 1854
446200040 4162 1865
446200040 4186 1872
446200040 4208 1890
446200040 4232 1901
446200040 4256 1911
446200040 4280 1922
446200040 4300 1930
446200040 4324 1941
446200040 4348 1950
446200040 4372 1958
446200040 4396 1968
446200040 4420 1978
446200040 4444 1987
446200040 4468 1998
446200040 4492 2008
446200040 4516 2020
446200040 4538 2029
446200040 4562 2041
446200040 4586 2048
446200040 4610 2057
446200040 4633 2065
446200040 4657 2073
446200040 4680 2083
