1152240165.08 18 12
1028340036.0791 43 22
976363829.46173 68 30
976363829.46173 93 37
976363829.46173 118 44
965010033.66332 143 53
957942929.81957 168 64
957942929.81957 193 73
957942929.81957 218 82
957942929.81957 243 90
957443963.73828 268 98
957443963.73828 293 105
957443963.73828 318 113
957443963.73828 343 120
957443963.73828 368 128
957443963.73828 393 136
957443963.73828 418 144
957443963.73828 443 152
957443963.73828 468 160
957443963.73828 493 168
957443963.73828 518 176
957443963.73828 543 185
957443963.73828 568 193
957443963.73828 593 201
957443963.73828 618 209
957443963.73828 643 217
957443963.73828 668 226
957443963.73828 693 236
957443963.73828 718 245
957443963.73828 743 254
957443963.73828 768 262
957443963.73828 793 270
957443963.73828 818 280
957443963.73828 843 292
957443963.73828 868 301
957443963.73828 893 313
957443963.73828 918 323
957443963.73828 943 333
957443963.73828 968 342
957443963.73828 993 350
957443963.73828 1018 359
957443963.73828 1043 367
957443963.73828 1068 375
957443963.73828 1093 384
957443963.73828 1118 393
957443963.73828 1143 401
957443963.73828 1168 410
957443963.73828 1193 418
957443963.73828 1218 428
957443963.73828 1243 437
957443963.73828 1268 445
957443963.73828 1293 454
957443963.73828 1318 464
957443963.73828 1343 471
957443963.73828 1368 478
957443963.73828 1393 486
957443963.73828 1418 493
957443963.73828 1443 501
957443963.73828 1468 509
957443963.73828 1493 518
957443963.73828 1518 525
957443963.73828 1543 533
957443963.73828 1568 542
957443963.73828 1593 551
957443963.73828 1618 561
957443963.73828 1643 569
957443963.73828 1668 578
957443963.73828 1693 586
957443963.73828 1718 596
957443963.73828 1743 605
