1215410580 22 18
1215410580 42 36
1215410580 66 47
1215410580 90 59
609322630 114 76
609322630 137 93
602721414 161 104
602721414 185 116
602721414 209 129
595739014 233 139
583001368 257 151
583001368 281 163
583001368 305 177
583001368 327 189
581996748 351 201
581996748 375 213
523842008 395 232
523842008 419 243
523842008 440 254
523842008 464 266
523842008 487 277
523842008 511 291
523842008 535 304
523842008 557 319
523842008 581 331
523842008 605 340
523842008 629 352
523842008 653 364
523842008 677 377
523842008 701 392
523348139.95312 725 405
523348139.95312 749 416
523348139.95312 773 430
523348139.95312 796 441
523348139.95312 816 452
523348139.95312 840 461
523348139.95312 863 477
484178776 883 483
475564432 907 492
448557696 931 501
448557696 955 510
448557696 979 520
448557696 1003 535
448557696 1025 543
448557696 1049 550
448557696 1073 563
448557696 1097 576
448557696 1121 583
448557696 1140 592
448557696 1164 603
448557696 1186 611
448557696 1209 622
448557696 1233 632
448557696 1256 640
448557696 1280 650
448557696 1302 661
448557696 1326 669
448557696 1349 677
448557696 1369 686
448557696 1390 697
448557696 1414 705
448557696 1434 716
448557696 1457 725
448557696 1481 738
448557696 1502 745
448557696 1526 753
448557696 1550 762
448557696 1574 770
448557696 1598 778
448557696 1622 787
448557696 1646 801
448557696 1670 811
448557696 1694 819
448557696 1718 835
448557696 1742 847
448557696 1766 857
448557696 1790 865
448557696 1814 876
448557696 1838 886
448557696 1862 896
448557696 1886 906
448557696 1910 921
448557696 1934 930
448557696 1958 943
448557696 1982 954
448557696 2006 963
446200040 2030 971
446200040 2053 980
446200040 2077 990
446200040 2101 998
446200040 2125 1012
446200040 2149 1022
446200040 2173 1035
446200040 2197 1044
446200040 2221 1053
446200040 2243 1066
446200040 2267 1083
446200040 2291 1092
446200040 2315 1099
446200040 2339 1107
446200040 2362 1115
446200040 2386 1125
446200040 2410 1138
446200040 2431 1145
446200040 2453 1152
446200040 2477 1165
446200040 2501 1176
446200040 2525 1186
446200040 2549 1194
446200040 2573 1206
446200040 2597 1219
446200040 2621 1227
446200040 2645 1239
446200040 2669 1249
446200040 2693 1260
446200040 2717 1268
446200040 2741 1276
446200040 2765 1287
446200040 2789 1297
446200040 2813 1308
446200040 2837 1319
446200040 2861 1329
446200040 2885 1339
446200040 2908 1351
446200040 2932 1359
446200040 2956 1367
446200040 2980 1376
446200040 3004 1387
446200040 3028 1396
446200040 3050 1408
446200040 3074 1419
446200040 3098 1427
446200040 3121 1436
446200040 3145 1451
446200040 3169 1465
446200040 3193 1474
446200040 3217 1483
446200040 3241 1493
446200040 3265 1504
446200040 3289 1514
446200040 3313 1521
446200040 3337 1530
446200040 3361 1545
446200040 3384 1558
446200040 3408 1565
446200040 3432 1574
446200040 3456 1581
446200040 3480 1593
446200040 3501 1600
446200040 3525 1612
446200040 3549 1624
446200040 3573 1633
446200040 3594 1640
446200040 3618 1651
446200040 3642 1658
446200040 3665 1670
446200040 3689 1680
446200040 3710 1687
446200040 3734 1697
446200040 3758 1705
446200040 3782 1714
446200040 3806 1723
446200040 3830 1733
446200040 3854 1743
446200040 3878 1754
446200040 3902 1764
446200040 3926 1778
446200040 3950 1787
446200040 3974 1795
446200040 3998 1806
446200040 4022 1815
446200040 4046 1825
446200040 4070 1834
446200040 4094 1844
446200040 4118 1852
446200040 4142 1860
446200040 4166 1872
446200040 4190 1880
446200040 4214 1888
446200040 4238 1899
446200040 4260 1910
446200040 4284 1922
446200040 4308 1930
446200040 4332 1945
446200040 4353 1954
446200040 4377 1966
446200040 4398 1975
446200040 4422 1985
446200040 4446 1998
446200040 4466 2008
446200040 4490 2018
446200040 4514 2030
446200040 4538 2038
446200040 4562 2051
446200040 4586 2058
446200040 4610 2069
446200040 4634 2081
446200040 4658 2090
446200040 4680 2098
446200040 4704 2107
