1666383732 20 15
1585477373 45 28
1405783243 70 40
1405783243 95 51
1296868795.7373 120 62
1296868795.7373 145 72
1296868795.7373 170 80
1296868795.7373 195 89
1296868795.7373 220 96
1289911932 245 104
1221796426 270 111
1221796426 295 118
1221796426 320 124
1221796426 345 131
1221796426 370 139
1221796426 395 146
1221796426 420 152
1221796426 445 159
1221796426 470 165
1221796426 495 172
1221796426 520 179
1221796426 545 186
1221796426 570 195
1221796426 595 201
1221796426 620 207
1221796426 645 213
1221796426 670 219
1221796426 695 225
1221796426 720 231
1221796426 745 237
1221796426 770 243
1221796426 795 248
1221796426 820 254
1221796426 845 260
1221796426 870 266
1221796426 895 272
1221796426 920 277
1221796426 945 283
1221796426 970 289
1221796426 995 295
1221796426 1020 301
1221796426 1045 307
1221796426 1070 312
1221796426 1095 318
1221796426 1120 324
1221796426 1145 330
1221796426 1170 336
1221796426 1195 342
1221796426 1220 348
1221796426 1245 353
1221796426 1270 359
1221796426 1295 366
1221796426 1320 372
1221796426 1345 379
1221796426 1370 387
1221796426 1395 394
1221796426 1420 401
1221796426 1445 407
1221796426 1470 413
1221796426 1495 419
1221796426 1520 425
1221796426 1545 432
1221796426 1570 438
1221796426 1595 444
1221796426 1620 450
1221796426 1645 458
1221796426 1670 467
1221796426 1695 475
1221796426 1720 482
1221796426 1745 488
1221796426 1770 495
1221796426 1795 502
1221796426 1820 508
1221796426 1845 518
1221796426 1870 526
1221796426 1895 533
1221796426 1920 539
1221796426 1945 545
1221796426 1970 551
1221796426 1995 557
1221796426 2020 564
1221796426 2045 571
1221796426 2070 577
1221796426 2095 585
1221796426 2120 592
1221796426 2145 598
1221796426 2170 604
