1277643195 23 18
1277643195 47 36
896523379 71 56
896523379 90 70
599545774 114 85
599545774 138 96
573009601 162 108
565560257 186 115
538289547.40625 210 125
538289547.40625 234 137
538289547.40625 253 142
538289547.40625 277 152
525310614.38281 298 162
525310614.38281 321 170
525310614.38281 345 179
525310614.38281 369 187
525310614.38281 393 197
525310614.38281 417 207
525310614.38281 441 219
525310614.38281 464 232
525310614.38281 481 242
525310614.38281 505 254
525310614.38281 529 264
525310614.38281 553 273
525310614.38281 577 283
525310614.38281 601 292
525310614.38281 625 303
525310614.38281 649 314
525310614.38281 673 326
525310614.38281 692 335
525310614.38281 716 350
514082783.02344 740 360
514082783.02344 764 370
506419086.38281 788 380
506419086.38281 811 388
506419086.38281 835 407
506419086.38281 858 416
506419086.38281 882 428
506419086.38281 906 439
506419086.38281 930 451
503995250 954 459
503995250 978 471
503995250 1002 483
503995250 1026 492
503995250 1050 504
503995250 1074 514
503995250 1095 520
503995250 1119 531
503995250 1143 540
503995250 1167 558
503995250 1191 569
503995250 1215 579
503995250 1239 594
503995250 1263 605
503995250 1287 618
501870568 1311 628
501870568 1335 638
501870568 1359 647
501870568 1382 655
501870568 1406 664
501870568 1430 675
501870568 1454 685
501870568 1478 696
501870568 1502 706
501870568 1526 715
501870568 1550 724
501870568 1574 735
501870568 1598 747
501870568 1622 754
501870568 1646 770
501870568 1670 780
501870568 1693 791
501870568 1717 801
482414847.02344 1741 811
482414847.02344 1765 823
482414847.02344 1789 837
482414847.02344 1813 845
482414847.02344 1836 858
482414847.02344 1860 867
482414847.02344 1882 877
482414847.02344 1905 884
482414847.02344 1926 892
482414847.02344 1950 903
482414847.02344 1974 913
482414847.02344 1998 923
482414847.02344 2022 935
482414847.02344 2041 942
482414847.02344 2062 952
482414847.02344 2086 962
482414847.02344 2110 972
482414847.02344 2134 982
482414847.02344 2158 995
482414847.02344 2182 1005
482414847.02344 2204 1012
482414847.02344 2228 1023
482414847.02344 2252 1038
482414847.02344 2275 1049
482414847.02344 2299 1057
482414847.02344 2323 1079
482414847.02344 2347 1086
482414847.02344 2371 1095
482414847.02344 2395 1111
482414847.02344 2419 1123
482414847.02344 2443 1135
482414847.02344 2467 1145
482414847.02344 2491 1154
482414847.02344 2515 1163
482414847.02344 2539 1177
482414847.02344 2563 1186
482414847.02344 2587 1196
482414847.02344 2611 1205
482414847.02344 2631 1212
482414847.02344 2655 1226
482414847.02344 2679 1236
482414847.02344 2698 1243
482414847.02344 2720 1257
482414847.02344 2744 1268
482414847.02344 2768 1279
482414847.02344 2792 1288
482414847.02344 2816 1298
478576751.02344 2840 1308
478576751.02344 2864 1317
478576751.02344 2888 1325
478576751.02344 2912 1336
478576751.02344 2936 1350
478576751.02344 2960 1360
478576751.02344 2984 1370
478576751.02344 3008 1383
478576751.02344 3031 1391
478576751.02344 3055 1401
478576751.02344 3079 1413
478576751.02344 3103 1423
450038136 3127 1434
450038136 3151 1442
450038136 3175 1452
450038136 3197 1462
450038136 3221 1471
450038136 3245 1485
450038136 3269 1493
450038136 3293 1500
450038136 3317 1507
450038136 3339 1517
450038136 3359 1528
450038136 3383 1540
450038136 3407 1550
450038136 3431 1558
450038136 3455 1571
450038136 3478 1579
450038136 3502 1588
450038136 3525 1599
450038136 3548 1608
450038136 3572 1618
450038136 3596 1635
450038136 3620 1644
450038136 3644 1653
450038136 3668 1671
450038136 3692 1682
450038136 3716 1693
450038136 3740 1701
450038136 3764 1712
450038136 3788 1722
450038136 3812 1732
450038136 3833 1742
450038136 3857 1753
450038136 3881 1766
450038136 3905 1778
450038136 3929 1788
450038136 3953 1798
450038136 3977 1809
450038136 4001 1818
450038136 4025 1830
450038136 4049 1844
450038136 4073 1856
450038136 4097 1863
450038136 4121 1875
450038136 4145 1884
450038136 4169 1892
450038136 4193 1902
450038136 4217 1912
450038136 4241 1925
450038136 4265 1936
450038136 4289 1948
450038136 4313 1964
450038136 4337 1981
450038136 4361 1991
450038136 4385 2000
450038136 4409 2009
450038136 4433 2020
450038136 4456 2027
450038136 4480 2037
450038136 4504 2054
450038136 4528 2066
450038136 4552 2076
450038136 4576 2091
450038136 4600 2105
450038136 4624 2115
450038136 4648 2129
450038136 4672 2140
450038136 4696 2149
450038136 4720 2159
