1245322734 22 19
1245322734 46 29
603148756 70 42
581395634 94 62
581395634 118 82
581395634 139 95
549469388.05469 160 107
549469388.05469 184 122
549469388.05469 208 136
549469388.05469 232 149
549469388.05469 256 159
549469388.05469 280 174
549469388.05469 304 188
549469388.05469 328 199
541677675 352 206
482414847.02344 375 215
482414847.02344 399 225
465091568 419 235
465091568 443 244
465091568 465 252
465091568 487 258
465091568 511 268
465091568 535 279
465091568 559 293
465091568 583 306
465091568 606 315
465091568 630 327
465091568 654 338
465091568 678 349
465091568 702 363
465091568 726 378
465091568 750 388
465091568 774 407
465091568 798 420
465091568 820 428
465091568 844 440
465091568 868 450
465091568 892 463
465091568 916 474
450038136 940 484
450038136 964 492
450038136 988 502
450038136 1012 511
450038136 1036 520
450038136 1060 534
450038136 1083 547
450038136 1104 559
450038136 1128 572
450038136 1152 581
450038136 1175 593
450038136 1199 609
450038136 1223 619
450038136 1247 630
450038136 1271 641
450038136 1295 652
450038136 1319 663
450038136 1343 672
450038136 1367 684
450038136 1388 694
450038136 1410 706
450038136 1434 716
450038136 1458 727
450038136 1482 736
450038136 1506 747
450038136 1530 758
450038136 1554 771
450038136 1578 782
450038136 1602 795
450038136 1623 805
450038136 1647 813
450038136 1670 822
450038136 1694 830
450038136 1714 838
450038136 1737 846
450038136 1759 854
450038136 1783 863
450038136 1807 872
450038136 1831 884
450038136 1855 893
450038136 1879 902
450038136 1903 917
450038136 1927 930
450038136 1951 944
450038136 1975 954
450038136 1999 966
450038136 2023 976
450038136 2047 991
450038136 2071 1002
450038136 2095 1014
450038136 2119 1022
450038136 2143 1035
450038136 2167 1044
450038136 2191 1053
450038136 2215 1066
450038136 2239 1078
450038136 2263 1087
450038136 2287 1098
450038136 2309 1107
448557696 2333 1114
448557696 2357 1124
448557696 2374 1129
448557696 2398 1141
448557696 2422 1151
448557696 2446 1159
448557696 2470 1174
448557696 2494 1182
448557696 2516 1192
448557696 2540 1205
448557696 2564 1214
448557696 2587 1227
448557696 2608 1238
448557696 2632 1249
448557696 2656 1258
448557696 2680 1267
448557696 2704 1278
446200040 2728 1287
446200040 2752 1295
446200040 2776 1303
446200040 2800 1314
446200040 2824 1325
446200040 2848 1333
446200040 2872 1348
446200040 2896 1356
446200040 2920 1367
446200040 2944 1375
446200040 2968 1385
446200040 2988 1394
446200040 3012 1406
446200040 3036 1415
446200040 3060 1425
446200040 3084 1433
446200040 3108 1445
446200040 3129 1455
446200040 3153 1462
446200040 3177 1473
446200040 3201 1485
446200040 3224 1494
446200040 3248 1506
446200040 3272 1516
446200040 3296 1525
446200040 3320 1534
446200040 3344 1543
446200040 3364 1550
446200040 3388 1560
446200040 3412 1574
446200040 3432 1581
446200040 3456 1593
446200040 3479 1608
446200040 3503 1615
446200040 3527 1626
446200040 3551 1640
446200040 3575 1649
446200040 3599 1662
446200040 3623 1674
446200040 3647 1683
446200040 3671 1695
446200040 3695 1708
446200040 3719 1720
446200040 3743 1737
446200040 3767 1747
446200040 3790 1756
446200040 3814 1771
446200040 3838 1780
446200040 3862 1790
446200040 3886 1801
446200040 3910 1812
446200040 3932 1821
446200040 3956 1829
446200040 3980 1838
446200040 4004 1847
446200040 4028 1856
446200040 4052 1868
446200040 4076 1876
446200040 4099 1887
446200040 4123 1900
446200040 4147 1910
446200040 4171 1918
446200040 4195 1931
446200040 4217 1938
446200040 4241 1948
446200040 4264 1961
446200040 4288 1971
446200040 4309 1978
446200040 4333 1992
446200040 4355 2002
446200040 4379 2011
446200040 4403 2024
446200040 4425 2038
446200040 4449 2052
446200040 4473 2066
446200040 4496 2073
446200040 4520 2082
446200040 4543 2094
446200040 4567 2103
446200040 4589 2113
446200040 4613 2121
446200040 4637 2134
446200040 4661 2142
446200040 4679 2149
446200040 4703 2159
