1098339518 23 20
575429473.14062 47 33
575429473.14062 71 48
575429473.14062 95 61
561915051.95312 119 75
522553240 141 86
522553240 165 96
522553240 189 104
522553240 213 115
522553240 237 125
522553240 261 136
522553240 285 151
522553240 309 159
522553240 333 172
522553240 357 180
522553240 378 186
522553240 402 199
522553240 426 214
522553240 450 226
522553240 474 236
522553240 494 246
522553240 514 252
499764744 534 262
499764744 558 277
499764744 580 285
499764744 603 300
499764744 626 307
499764744 650 315
499764744 674 328
499764744 698 338
499764744 722 347
499764744 746 355
499764744 770 367
499764744 794 379
499764744 818 391
461330872 842 403
450038136 866 412
450038136 890 419
450038136 914 429
450038136 938 444
450038136 962 465
450038136 986 480
450038136 1010 495
450038136 1032 505
450038136 1056 513
450038136 1080 523
450038136 1103 534
450038136 1127 548
450038136 1151 557
450038136 1175 569
450038136 1199 578
450038136 1223 592
450038136 1247 600
450038136 1269 608
450038136 1293 625
450038136 1317 631
450038136 1341 643
450038136 1365 653
450038136 1388 664
450038136 1412 673
450038136 1436 680
450038136 1460 688
450038136 1484 698
450038136 1508 709
450038136 1532 724
450038136 1555 732
450038136 1579 744
450038136 1603 756
450038136 1627 764
450038136 1651 773
450038136 1675 786
450038136 1699 795
450038136 1723 803
450038136 1747 812
450038136 1771 820
450038136 1795 833
450038136 1819 844
450038136 1843 856
450038136 1867 868
450038136 1891 881
450038136 1915 889
450038136 1939 898
450038136 1963 913
450038136 1983 922
450038136 2006 929
450038136 2030 940
450038136 2054 951
450038136 2078 959
450038136 2100 969
450038136 2124 977
450038136 2148 987
450038136 2169 999
450038136 2193 1007
450038136 2217 1017
450038136 2241 1025
450038136 2265 1034
450038136 2289 1043
450038136 2306 1055
450038136 2329 1066
450038136 2353 1076
450038136 2377 1086
450038136 2401 1094
450038136 2425 1104
450038136 2446 1113
450038136 2470 1125
450038136 2490 1133
450038136 2514 1145
450038136 2538 1153
450038136 2561 1165
450038136 2585 1176
450038136 2609 1186
450038136 2632 1197
450038136 2656 1209
450038136 2680 1219
450038136 2704 1228
450038136 2728 1239
450038136 2752 1255
450038136 2776 1269
450038136 2800 1278
450038136 2824 1288
450038136 2848 1302
450038136 2872 1308
450038136 2892 1318
450038136 2916 1326
450038136 2940 1335
450038136 2964 1344
450038136 2988 1354
450038136 3012 1365
450038136 3036 1381
450038136 3060 1390
450038136 3083 1401
450038136 3107 1413
450038136 3130 1422
450038136 3154 1429
450038136 3178 1439
450038136 3202 1449
450038136 3224 1459
450038136 3248 1467
450038136 3272 1490
450038136 3296 1503
450038136 3320 1512
450038136 3344 1524
450038136 3368 1537
450038136 3392 1547
450038136 3416 1559
450038136 3440 1569
450038136 3464 1580
450038136 3488 1587
450038136 3512 1596
450038136 3536 1606
450038136 3557 1615
450038136 3581 1625
450038136 3604 1635
450038136 3623 1643
450038136 3644 1653
450038136 3668 1664
450038136 3692 1672
450038136 3716 1682
450038136 3740 1691
450038136 3764 1705
450038136 3788 1717
450038136 3812 1723
450038136 3836 1732
450038136 3860 1741
450038136 3884 1751
450038136 3908 1759
450038136 3932 1769
450038136 3956 1779
450038136 3980 1795
450038136 4003 1804
450038136 4027 1813
450038136 4049 1825
450038136 4073 1838
450038136 4097 1846
450038136 4121 1855
446200040 4145 1863
446200040 4169 1874
446200040 4193 1883
446200040 4217 1897
446200040 4241 1907
446200040 4265 1921
446200040 4289 1929
446200040 4313 1942
446200040 4337 1952
446200040 4361 1967
446200040 4385 1975
446200040 4409 1984
446200040 4433 1992
446200040 4457 2004
446200040 4481 2013
446200040 4505 2022
446200040 4529 2033
446200040 4553 2042
446200040 4574 2049
446200040 4598 2057
446200040 4620 2068
446200040 4644 2079
446200040 4668 2090
446200040 4692 2103
446200040 4716 2115
