1938593536 23 13
1253454985 48 23
1253454985 73 33
1166150154 98 43
1166150154 123 51
1166150154 148 59
1166150154 173 68
1166150154 198 78
1166150154 223 88
1166150154 248 98
1153999327 273 107
1153999327 298 116
1153999327 323 126
1153999327 348 135
1153999327 373 144
1053191343 398 152
1053191343 423 162
1053191343 448 170
1053191343 473 180
1053191343 498 189
1053191343 523 199
1053191343 548 210
1053191343 573 221
1053191343 598 230
1053191343 623 239
1053191343 648 252
1053191343 673 262
1053191343 698 271
1053191343 723 280
1053191343 748 289
1053191343 773 298
1053191343 798 307
1053191343 823 316
1053191343 848 325
1053191343 873 334
1053191343 898 343
1053191343 923 352
1053191343 948 361
1053191343 973 370
1053191343 998 380
1053191343 1023 389
1053191343 1048 399
1053191343 1073 411
1053191343 1098 421
1053191343 1123 430
1053191343 1148 440
1053191343 1173 450
1053191343 1198 459
1053191343 1223 468
1053191343 1248 477
1053191343 1273 486
1053191343 1298 495
1053191343 1323 505
1053191343 1348 514
1053191343 1373 526
1053191343 1398 538
1053191343 1423 549
1053191343 1448 562
1053191343 1473 573
1053191343 1498 585
1053191343 1523 596
1053191343 1548 607
