137512218.83333 20 7
133675811.41667 84 21
133675811.41667 148 30
133675811.41667 212 38
133675811.41667 276 46
133675811.41667 340 54
133675811.41667 404 61
133675811.41667 468 69
133675811.41667 532 77
133675811.41667 596 85
133675811.41667 660 93
133675811.41667 724 101
133675811.41667 788 108
133675811.41667 852 116
133675811.41667 916 124
133675811.41667 980 132
133675811.41667 1044 140
133675811.41667 1108 148
133675811.41667 1172 156
133675811.41667 1236 164
133675811.41667 1300 171
133675811.41667 1364 179
133675811.41667 1428 187
