2292312565.6625 23 11
1979613516.2292 48 21
1979613516.2292 73 30
1979613516.2292 98 38
1979613516.2292 123 45
1914077668.1934 148 53
1914077668.1934 173 62
1914077668.1934 198 69
1914077668.1934 223 75
1850870382.9167 248 84
1850870382.9167 273 90
1850870382.9167 298 98
1850870382.9167 323 106
1782604395.9021 348 114
1782604395.9021 373 122
1782604395.9021 398 130
1782604395.9021 423 138
1782604395.9021 448 145
1782604395.9021 473 152
1782604395.9021 498 159
1782604395.9021 523 166
1782604395.9021 548 174
1782604395.9021 573 181
1782604395.9021 598 188
1782604395.9021 623 196
1782604395.9021 648 203
1782604395.9021 673 211
1782604395.9021 698 220
1782604395.9021 723 227
1782604395.9021 748 234
1782604395.9021 773 241
1782604395.9021 798 247
1782604395.9021 823 254
1782604395.9021 848 260
1782604395.9021 873 267
1782604395.9021 898 273
1782604395.9021 923 280
1782604395.9021 948 286
1782604395.9021 973 293
1782604395.9021 998 300
1782604395.9021 1023 306
1782604395.9021 1048 313
1782604395.9021 1073 320
1782604395.9021 1098 327
1782604395.9021 1123 334
1782604395.9021 1148 342
1782604395.9021 1173 349
1782604395.9021 1198 356
1782604395.9021 1223 362
1782604395.9021 1248 369
1782604395.9021 1273 377
1782604395.9021 1298 386
1782604395.9021 1323 394
1782604395.9021 1348 401
1782604395.9021 1373 407
1782604395.9021 1398 415
1782604395.9021 1423 422
1782604395.9021 1448 430
1782604395.9021 1473 437
1782604395.9021 1498 444
1782604395.9021 1523 450
1782604395.9021 1548 457
1782604395.9021 1573 463
1782604395.9021 1598 470
1782604395.9021 1623 476
1782604395.9021 1648 483
1782604395.9021 1673 491
1782604395.9021 1698 498
1782604395.9021 1723 505
1782604395.9021 1748 512
1782604395.9021 1773 519
1782604395.9021 1798 525
1782604395.9021 1823 532
1782604395.9021 1848 538
1782604395.9021 1873 545
1782604395.9021 1898 552
1782604395.9021 1923 560
1782604395.9021 1948 567
1782604395.9021 1973 574
1782604395.9021 1998 581
1782604395.9021 2023 588
1782604395.9021 2048 595
1782604395.9021 2073 601
