733915357 19 22
682837911 43 38
651527380 67 60
651527380 91 83
643146276 115 107
643146276 138 131
643146276 162 150
643146276 186 174
643146276 210 197
622991395 232 210
622991395 256 228
622991395 280 244
601219748 304 266
601219748 328 280
601219748 349 294
601219748 373 304
601219748 397 319
576891404 421 329
576891404 445 346
576891404 469 357
576891404 492 375
568903780 514 387
564938162.23438 535 397
540854808 559 409
540854808 581 419
540854808 605 435
540854808 629 447
540854808 653 457
540854808 675 470
449755648 698 478
449755648 722 489
449755648 746 503
449755648 770 513
449755648 794 523
449755648 818 536
449755648 842 546
449755648 866 560
449755648 890 571
449755648 914 583
449755648 936 598
449755648 960 608
449755648 984 620
449755648 1008 632
449755648 1032 642
449755648 1056 655
449755648 1080 664
449755648 1101 675
449755648 1125 683
449755648 1149 693
449755648 1173 704
449755648 1197 714
449755648 1221 722
449755648 1245 736
449755648 1269 749
449755648 1293 761
449755648 1316 772
449755648 1340 784
449755648 1364 796
449755648 1384 808
449755648 1408 820
449755648 1432 833
449755648 1456 843
449755648 1480 851
449755648 1504 861
449755648 1528 871
449755648 1552 880
449755648 1576 893
449755648 1600 911
449755648 1624 924
449755648 1644 932
449755648 1668 952
449755648 1691 968
449755648 1715 982
449755648 1739 991
449755648 1763 999
449755648 1787 1010
449755648 1809 1020
449755648 1833 1031
449755648 1856 1040
449755648 1880 1054
449755648 1904 1065
449755648 1928 1074
449755648 1952 1084
449755648 1973 1093
449755648 1997 1102
