1694435904 23 18
1511167632.3453 48 34
1435163718 73 51
1435163718 98 71
1435163718 123 89
1435163718 148 106
1435163718 173 121
1358256548 198 133
1358256548 223 145
1358256548 248 157
1259949004 273 170
1259949004 298 183
1259949004 323 197
1135319278 348 210
1135319278 373 224
1135319278 398 237
1135319278 423 250
1135319278 448 264
1135319278 473 278
1135319278 498 292
1135319278 523 306
1135319278 548 321
1135319278 573 335
1135319278 598 349
1135319278 623 364
1135319278 648 378
1135319278 673 392
1135319278 698 406
1135319278 723 421
1135319278 748 436
1135319278 773 451
1135319278 798 466
1135319278 823 481
1135319278 848 497
1135319278 873 511
1135319278 898 526
1135319278 923 542
1135319278 948 557
1135319278 973 573
1135319278 998 588
1135319278 1023 606
