1173623184 24 20
846310912 48 36
754897176 72 50
636984900 93 62
636984900 114 72
636984900 138 86
636984900 159 98
574820544 183 108
568120560 207 125
568120560 231 143
568120560 255 161
568120560 279 177
568120560 302 195
568120560 322 204
568120560 346 212
549630360 370 221
549630360 394 230
549630360 418 241
549630360 442 250
519559688 465 261
519559688 487 271
519559688 511 280
519559688 535 290
519559688 559 298
519559688 583 308
519559688 607 317
515263648 631 326
515263648 655 336
515263648 679 347
515263648 703 356
515263648 723 364
486664720 747 373
486664720 771 383
486664720 792 391
471611288 816 401
471611288 840 418
471611288 864 430
471611288 888 438
471611288 912 448
471611288 934 459
471611288 958 472
471611288 982 482
471611288 1006 491
471611288 1028 499
471611288 1052 511
471611288 1075 523
471611288 1099 532
471611288 1121 539
470130848 1145 548
470130848 1169 558
470130848 1192 572
470130848 1216 582
470130848 1239 594
470130848 1263 604
470130848 1287 612
470130848 1311 621
470130848 1335 631
470130848 1359 641
468566618 1379 649
468566618 1403 662
468566618 1427 671
468566618 1451 680
468566618 1475 690
468566618 1499 702
468566618 1523 712
468566618 1547 722
468566618 1571 730
468566618 1595 740
466575240 1619 750
466575240 1643 761
466575240 1664 771
466575240 1688 779
466575240 1711 790
466575240 1735 803
466575240 1759 813
466575240 1783 823
466575240 1807 835
466575240 1830 844
466575240 1854 853
466575240 1878 863
466575240 1902 873
466575240 1924 881
466575240 1948 891
466575240 1972 898
466575240 1995 905
466575240 2019 916
466575240 2043 930
466575240 2067 940
466575240 2087 947
466575240 2111 955
466575240 2135 966
466575240 2159 978
466575240 2183 989
466575240 2207 997
466575240 2231 1007
466575240 2255 1018
466575240 2279 1029
466575240 2303 1039
466575240 2323 1047
466575240 2347 1058
466575240 2370 1075
466575240 2394 1086
466575240 2418 1098
466575240 2442 1106
466575240 2466 1114
466575240 2490 1123
448557696 2514 1136
448557696 2538 1145
448557696 2562 1155
446200040 2586 1165
446200040 2610 1174
446200040 2634 1181
446200040 2655 1188
446200040 2679 1199
446200040 2703 1209
446200040 2727 1220
446200040 2751 1233
446200040 2775 1242
446200040 2798 1249
446200040 2822 1257
446200040 2841 1265
446200040 2865 1275
446200040 2888 1284
446200040 2912 1293
446200040 2936 1304
446200040 2960 1313
446200040 2984 1323
446200040 3008 1337
446200040 3032 1346
446200040 3056 1359
446200040 3080 1365
446200040 3104 1377
446200040 3128 1386
446200040 3152 1395
446200040 3176 1403
446200040 3200 1415
446200040 3224 1430
446200040 3248 1438
446200040 3272 1447
446200040 3294 1457
446200040 3318 1465
446200040 3340 1473
446200040 3360 1484
446200040 3384 1493
446200040 3408 1506
446200040 3431 1514
446200040 3452 1522
446200040 3476 1531
446200040 3500 1541
446200040 3520 1551
446200040 3544 1561
446200040 3568 1573
446200040 3592 1582
446200040 3616 1593
446200040 3640 1603
446200040 3663 1615
446200040 3687 1629
446200040 3711 1637
446200040 3735 1651
446200040 3756 1658
446200040 3780 1669
446200040 3804 1684
446200040 3828 1692
446200040 3852 1702
446200040 3876 1713
446200040 3900 1723
446200040 3921 1735
446200040 3945 1741
446200040 3969 1750
446200040 3990 1758
446200040 4014 1767
446200040 4038 1778
446200040 4057 1784
446200040 4080 1794
446200040 4104 1810
446200040 4128 1820
446200040 4152 1831
446200040 4176 1844
446200040 4200 1857
446200040 4221 1865
446200040 4245 1878
446200040 4267 1886
446200040 4289 1895
446200040 4313 1904
446200040 4337 1911
446200040 4361 1924
446200040 4385 1935
446200040 4409 1945
446200040 4433 1958
446200040 4457 1972
446200040 4481 1982
446200040 4497 1989
446200040 4521 2000
446200040 4542 2006
446200040 4562 2015
446200040 4586 2022
446200040 4610 2033
446200040 4634 2041
446200040 4658 2049
446200040 4679 2055
