708673713 21 12
705746372 46 21
689980814 71 30
649593045 96 38
649593045 121 46
628912069 146 54
608490608 171 61
596721371 196 69
596721371 221 77
541127864 246 85
541127864 271 94
541127864 296 103
541127864 321 112
541127864 346 120
541127864 371 127
541127864 396 134
541127864 421 140
541127864 446 147
541127864 471 154
541127864 496 162
541127864 521 170
541127864 546 177
541127864 571 185
541127864 596 192
541127864 621 200
541127864 646 208
541127864 671 216
541127864 696 223
541127864 721 231
541127864 746 239
541127864 771 247
541127864 796 255
541127864 821 263
541127864 846 271
541127864 871 279
541127864 896 288
541127864 921 297
541127864 946 307
541127864 971 316
541127864 996 326
541127864 1021 337
541127864 1046 345
541127864 1071 354
541127864 1096 363
541127864 1121 372
541127864 1146 380
541127864 1171 388
541127864 1196 396
541127864 1221 404
541127864 1246 412
541127864 1271 420
541127864 1296 427
541127864 1321 436
541127864 1346 444
541127864 1371 453
541127864 1396 461
541127864 1421 469
541127864 1446 476
541127864 1471 484
541127864 1496 494
541127864 1521 502
541127864 1546 510
541127864 1571 519
541127864 1596 526
541127864 1621 534
541127864 1646 542
541127864 1671 549
541127864 1696 557
541127864 1721 564
541127864 1746 572
541127864 1771 580
541127864 1796 588
541127864 1821 596
541127864 1846 604
