1157058396 23 21
815810880 42 33
728827232 66 58
677277832 90 76
677277832 111 95
677277832 132 112
632900040 156 124
632900040 180 136
632900040 204 148
507798946 228 164
507798946 252 177
507798946 276 197
507798946 298 207
507798946 322 220
507798946 346 234
507798946 370 248
507798946 394 260
502845968 418 275
502845968 442 292
502845968 463 310
502845968 485 324
502845968 509 340
502845968 533 360
502845968 557 375
502845968 580 389
502845968 600 407
502845968 624 425
502845968 648 443
502845968 672 462
502845968 696 476
502845968 720 494
502845968 744 511
498284304 768 520
498284304 792 533
498284304 816 549
498284304 840 572
481423584 864 587
481423584 888 604
481423584 911 619
481423584 935 634
481423584 959 645
481423584 983 657
481423584 1007 671
481423584 1031 679
481423584 1055 687
470130848 1079 694
470130848 1103 705
470130848 1127 718
470130848 1151 726
470130848 1175 739
470130848 1197 745
470130848 1221 756
470130848 1241 766
470130848 1265 775
470130848 1289 783
470130848 1313 794
470130848 1337 801
453593744 1360 808
453593744 1384 819
453593744 1406 829
453593744 1430 839
453593744 1453 849
453593744 1474 855
453593744 1494 862
453593744 1518 875
453593744 1542 887
453593744 1561 896
453593744 1585 905
453593744 1609 918
453593744 1633 928
453593744 1654 937
453593744 1678 955
453593744 1702 968
453593744 1726 977
453593744 1750 989
453593744 1774 998
453593744 1798 1010
453593744 1822 1023
453593744 1846 1034
453593744 1870 1043
453593744 1890 1052
453593744 1914 1066
453593744 1938 1079
453593744 1962 1086
453593744 1985 1097
453593744 2008 1110
453593744 2032 1123
453593744 2056 1132
453593744 2080 1142
453593744 2104 1151
453593744 2128 1160
453593744 2152 1173
453593744 2176 1183
453593744 2200 1195
453593744 2220 1203
453593744 2244 1211
453593744 2268 1222
453593744 2292 1231
453593744 2316 1240
453593744 2340 1253
453593744 2364 1264
453593744 2388 1273
453593744 2411 1285
453593744 2435 1295
453593744 2457 1303
453593744 2481 1318
453593744 2505 1327
453593744 2528 1338
453593744 2550 1347
453593744 2570 1357
453593744 2591 1371
453593744 2615 1380
453593744 2639 1390
453593744 2663 1398
453593744 2687 1411
453593744 2711 1421
453593744 2735 1432
453593744 2759 1443
453593744 2783 1452
453593744 2802 1459
453593744 2826 1467
453593744 2850 1479
453593744 2874 1491
453593744 2898 1499
453593744 2922 1509
453593744 2946 1519
453593744 2970 1529
453593744 2994 1538
453593744 3018 1551
453593744 3042 1560
453593744 3066 1569
453593744 3090 1578
453593744 3114 1589
453593744 3138 1600
453593744 3162 1612
453593744 3186 1628
453593744 3210 1636
453593744 3231 1646
449755648 3255 1661
449755648 3279 1676
449755648 3303 1686
449755648 3327 1694
449755648 3351 1706
449755648 3375 1719
449755648 3399 1728
449755648 3422 1738
449755648 3446 1747
449755648 3469 1760
449755648 3488 1767
449755648 3512 1774
449755648 3536 1782
449755648 3560 1792
449755648 3579 1801
449755648 3603 1809
449755648 3627 1818
449755648 3651 1832
449755648 3675 1841
449755648 3699 1851
449755648 3723 1861
449755648 3744 1871
449755648 3766 1883
449755648 3790 1896
449755648 3814 1906
446200040 3837 1921
446200040 3861 1927
446200040 3885 1938
446200040 3908 1953
446200040 3932 1963
446200040 3953 1974
446200040 3977 1985
446200040 4001 1995
446200040 4025 2003
446200040 4049 2012
446200040 4073 2027
446200040 4097 2038
446200040 4121 2048
446200040 4145 2065
446200040 4169 2075
446200040 4189 2081
446200040 4213 2089
446200040 4237 2100
446200040 4259 2108
446200040 4283 2118
446200040 4307 2127
446200040 4331 2138
446200040 4355 2149
446200040 4377 2158
446200040 4401 2172
446200040 4425 2185
446200040 4449 2197
446200040 4473 2205
446200040 4497 2215
446200040 4521 2224
446200040 4545 2233
446200040 4569 2241
446200040 4593 2256
446200040 4617 2268
446200040 4641 2284
446200040 4663 2291
446200040 4687 2304
