802970846 22 15
802970846 46 23
802970846 69 33
749968944 93 40
676683192 117 47
676683192 141 55
607164104 164 64
599200688 186 70
581796784 205 77
581796784 229 83
572729640 253 94
536686032 273 105
536686032 296 117
536686032 319 126
536686032 343 138
536686032 363 149
512218978 387 162
512218978 409 173
512218978 433 184
512218978 455 196
485977706 479 210
485977706 503 218
485977706 527 227
485977706 551 238
485977706 575 246
485977706 599 255
485977706 623 263
485977706 647 272
485977706 671 288
485977706 695 298
485977706 719 307
485977706 743 315
485977706 767 324
485977706 791 334
485977706 815 342
485977706 839 352
485977706 863 361
485977706 887 371
485977706 911 380
485977706 935 389
485977706 959 397
485977706 983 412
485977706 1007 420
485977706 1031 434
485977706 1055 446
482217010 1077 460
482217010 1101 471
482217010 1125 480
482217010 1147 489
482217010 1171 502
482217010 1195 513
482217010 1219 522
482217010 1243 533
482217010 1267 544
482217010 1291 553
482217010 1315 562
482217010 1339 570
482217010 1363 580
482217010 1387 587
479859354 1408 596
477173711.02344 1432 604
477173711.02344 1456 613
477173711.02344 1480 627
477173711.02344 1504 638
477173711.02344 1528 646
477173711.02344 1552 657
477173711.02344 1576 667
477173711.02344 1600 674
477173711.02344 1624 688
477173711.02344 1648 697
464886480 1672 705
464886480 1696 715
464886480 1720 727
463688528 1744 735
463688528 1768 744
463688528 1792 755
463688528 1816 764
463688528 1839 775
463688528 1863 786
463688528 1887 800
463688528 1911 810
463688528 1935 820
463688528 1959 829
463688528 1983 841
463688528 2007 854
463688528 2031 864
463688528 2055 876
463688528 2079 884
463688528 2103 894
463688528 2127 906
463688528 2151 914
463688528 2173 924
463688528 2197 933
463688528 2221 941
463688528 2245 950
463688528 2269 959
448557696 2293 968
448557696 2317 979
448557696 2337 989
448557696 2361 998
448557696 2382 1005
448557696 2404 1021
448557696 2428 1033
448557696 2452 1043
448557696 2476 1057
448557696 2500 1067
448557696 2524 1077
448557696 2543 1086
448557696 2567 1096
448557696 2591 1107
448557696 2615 1115
448557696 2639 1125
448557696 2663 1136
448557696 2687 1145
448557696 2711 1159
448557696 2735 1169
448557696 2756 1182
448557696 2779 1193
448557696 2803 1201
448557696 2827 1210
448557696 2851 1220
448557696 2875 1229
448557696 2897 1239
448557696 2919 1247
448557696 2943 1257
448557696 2967 1268
448557696 2991 1279
448557696 3014 1289
448557696 3038 1298
448557696 3058 1306
448557696 3082 1318
448557696 3102 1325
448557696 3126 1336
448557696 3150 1345
448557696 3174 1357
448557696 3198 1370
448557696 3222 1381
448557696 3246 1393
448557696 3270 1404
448557696 3294 1413
448557696 3318 1428
448557696 3342 1438
448557696 3366 1449
448557696 3390 1458
448557696 3412 1470
448557696 3436 1480
448557696 3460 1491
448557696 3484 1503
448557696 3508 1517
448557696 3532 1529
448557696 3556 1537
448557696 3579 1547
448557696 3603 1561
448557696 3627 1570
448557696 3651 1580
448557696 3675 1592
448557696 3699 1602
448557696 3721 1614
448557696 3745 1622
448557696 3769 1632
448557696 3791 1641
448557696 3815 1652
448557696 3837 1664
448557696 3861 1674
448557696 3881 1684
448557696 3905 1693
448557696 3925 1705
448557696 3949 1717
448557696 3969 1725
448557696 3988 1738
448557696 4012 1746
448557696 4036 1760
448557696 4054 1771
448557696 4078 1778
448557696 4102 1787
448557696 4126 1798
448557696 4150 1811
448557696 4174 1820
448557696 4198 1831
448557696 4222 1840
448557696 4246 1852
448557696 4270 1863
448557696 4294 1877
448557696 4317 1894
448557696 4341 1901
448557696 4365 1910
448557696 4387 1918
448557696 4409 1928
448557696 4433 1941
448557696 4457 1948
448557696 4481 1958
448557696 4505 1969
448557696 4529 1977
448557696 4553 1988
448557696 4577 1999
448557696 4601 2009
448557696 4625 2022
448557696 4645 2029
448557696 4669 2037
448557696 4693 2048
