1075775033 24 16
1035216013 49 31
1035216013 74 47
739092319.66667 99 63
739092319.66667 124 85
715906289.79167 149 111
710535267.16667 174 137
710535267.16667 199 159
677912373.97917 224 182
668500094.10417 249 203
668500094.10417 274 223
668500094.10417 299 242
654145617.54167 324 262
654145617.54167 349 282
654145617.54167 374 300
654145617.54167 399 318
654145617.54167 424 336
654145617.54167 449 355
654145617.54167 474 374
654145617.54167 499 392
654145617.54167 524 408
654145617.54167 549 421
654145617.54167 574 434
639522477 599 448
639522477 624 460
639522477 649 471
639522477 674 483
639522477 699 497
639522477 724 509
639522477 749 522
639522477 774 535
639522477 799 546
639522477 824 561
639522477 849 575
639522477 874 587
639522477 899 597
639522477 924 607
