144724740.66667 24 7
144724740.66667 88 16
144724740.66667 152 24
144724740.66667 216 32
144724740.66667 280 40
144724740.66667 344 47
144724740.66667 408 55
144724740.66667 472 63
144724740.66667 536 71
144724740.66667 600 78
144724740.66667 664 86
144724740.66667 728 94
144724740.66667 792 102
144724740.66667 856 109
144724740.66667 920 117
144724740.66667 984 125
144724740.66667 1048 133
144724740.66667 1112 141
144724740.66667 1176 149
144724740.66667 1240 156
144724740.66667 1304 164
144724740.66667 1368 173
144724740.66667 1432 180
144724740.66667 1496 188
