1397603962.1967 21 10
1011868091 85 26
1001017521 149 42
1001017521 213 57
1001017521 277 72
1001017521 341 87
1001017521 405 102
1001017521 469 117
1001017521 533 132
1001017521 597 147
1001017521 661 162
1001017521 725 178
1001017521 789 193
1001017521 853 208
1001017521 917 223
1001017521 981 238
1001017521 1045 253
1001017521 1109 268
1001017521 1173 283
1001017521 1237 298
1001017521 1301 313
1001017521 1365 328
1001017521 1429 343
1001017521 1493 358
1001017521 1557 373
1001017521 1621 388
1001017521 1685 403
1001017521 1749 418
1001017521 1813 433
1001017521 1877 448
1001017521 1941 463
1001017521 2005 478
1001017521 2069 493
1001017521 2133 508
1001017521 2197 524
1001017521 2261 539
1001017521 2325 554
1001017521 2389 569
1001017521 2453 584
1001017521 2517 599
1001017521 2581 614
