1509141537.6782 23 11
1287320038 87 28
1202322693.2158 151 44
1153883095.6113 215 60
1153883095.6113 279 76
1153883095.6113 343 92
1153883095.6113 407 107
1153883095.6113 471 123
1153883095.6113 535 139
1153883095.6113 599 154
1153883095.6113 663 170
1153883095.6113 727 185
1153883095.6113 791 201
1153883095.6113 855 216
1153883095.6113 919 232
1153883095.6113 983 247
1153883095.6113 1047 263
1153883095.6113 1111 278
1153883095.6113 1175 294
1153883095.6113 1239 309
1153883095.6113 1303 325
1153883095.6113 1367 340
1153883095.6113 1431 356
1153883095.6113 1495 372
1153883095.6113 1559 387
1153883095.6113 1623 403
1153883095.6113 1687 418
1153883095.6113 1751 434
1153883095.6113 1815 449
1153883095.6113 1879 465
1153883095.6113 1943 481
1153883095.6113 2007 496
1153883095.6113 2071 512
1153883095.6113 2135 527
1153883095.6113 2199 543
1153883095.6113 2263 558
1153883095.6113 2327 574
1153883095.6113 2391 589
1153883095.6113 2455 605
