1425096029.4563 22 10
1181523712 86 28
1097650267 150 45
1054666505 214 62
1035220351 278 79
1035220351 342 95
1035220351 406 111
1035220351 470 127
1035220351 534 144
1035220351 598 160
1035220351 662 176
1035220351 726 192
1035220351 790 207
1035220351 854 224
1035220351 918 240
1035220351 982 256
1035220351 1046 272
1035220351 1110 288
1035220351 1174 304
1035220351 1238 320
1035220351 1302 336
1035220351 1366 352
1035220351 1430 367
1035220351 1494 384
1035220351 1558 400
1035220351 1622 416
1035220351 1686 431
1035220351 1750 447
1035220351 1814 463
1035220351 1878 479
1035220351 1942 495
1035220351 2006 511
1035220351 2070 527
1035220351 2134 543
1035220351 2198 559
1035220351 2262 575
1035220351 2326 591
1035220351 2390 607
