1026198533 24 12
981859790 88 33
970070860 152 48
970070860 216 64
970070860 280 79
970070860 344 93
970070860 408 108
970070860 472 123
970070860 536 138
970070860 600 153
970070860 664 168
970070860 728 183
970070860 792 198
970070860 856 213
970070860 920 228
970070860 984 243
970070860 1048 257
970070860 1112 272
970070860 1176 287
970070860 1240 302
970070860 1304 317
970070860 1368 332
970070860 1432 347
970070860 1496 362
970070860 1560 377
970070860 1624 392
970070860 1688 407
970070860 1752 422
970070860 1816 437
970070860 1880 452
970070860 1944 467
970070860 2008 482
970070860 2072 497
970070860 2136 512
970070860 2200 527
970070860 2264 542
970070860 2328 557
970070860 2392 572
970070860 2456 587
970070860 2520 602
