1436343370 24 11
1232410414 88 29
1143632834 152 45
1143632834 216 63
1143632834 280 82
1143632834 344 101
1143632834 408 121
1143632834 472 140
1143632834 536 160
1143632834 600 179
1143632834 664 199
1143632834 728 218
1143632834 792 238
1143632834 856 257
1143632834 920 277
1143632834 984 296
1143632834 1048 316
1143632834 1112 335
1143632834 1176 355
1143632834 1240 374
1143632834 1304 394
1143632834 1368 413
1143632834 1432 433
1143632834 1496 452
1143632834 1560 472
1143632834 1624 491
1143632834 1688 511
1143632834 1752 530
1143632834 1816 550
1143632834 1880 569
1143632834 1944 589
1143632834 2008 609
