1265777589 19 10
1167228804 83 25
954944160 147 41
920790363 211 58
920790363 275 74
920790363 339 89
920790363 403 103
920790363 467 118
920790363 531 132
920790363 595 147
920790363 659 161
920790363 723 176
920790363 787 191
920790363 851 205
920790363 915 220
920790363 979 234
920790363 1043 249
920790363 1107 263
920790363 1171 278
920790363 1235 292
920790363 1299 307
920790363 1363 322
920790363 1427 336
920790363 1491 351
920790363 1555 365
920790363 1619 380
920790363 1683 394
920790363 1747 409
920790363 1811 423
920790363 1875 438
920790363 1939 453
920790363 2003 467
920790363 2067 482
920790363 2131 496
920790363 2195 511
920790363 2259 525
920790363 2323 540
920790363 2387 555
920790363 2451 569
920790363 2515 584
920790363 2579 599
920790363 2643 613
