1456243996 24 10
1105075667 88 30
1035866417 152 48
1035866417 216 67
1035866417 280 87
1035866417 344 106
1035866417 408 125
1035866417 472 144
1035866417 536 164
1035866417 600 183
1035866417 664 203
1035866417 728 222
1035866417 792 241
1035866417 856 261
1035866417 920 280
1035866417 984 299
1035866417 1048 319
1035866417 1112 338
1035866417 1176 357
1035866417 1240 377
1035866417 1304 396
1035866417 1368 415
1035866417 1432 435
1035866417 1496 454
1035866417 1560 473
1035866417 1624 493
1035866417 1688 512
1035866417 1752 532
1035866417 1816 551
1035866417 1880 570
1035866417 1944 590
1035866417 2008 609
