1330627104 22 12
1223433917 86 30
1194527444 150 47
1194527444 214 65
1194527444 278 82
1194527444 342 100
1194527444 406 117
1194527444 470 135
1194527444 534 153
1194527444 598 170
1194527444 662 188
1194527444 726 205
1194527444 790 223
1194527444 854 241
1194527444 918 258
1194527444 982 276
1194527444 1046 293
1194527444 1110 311
1194527444 1174 328
1194527444 1238 346
1194527444 1302 363
1194527444 1366 381
1194527444 1430 398
1194527444 1494 416
1194527444 1558 433
1194527444 1622 451
1194527444 1686 469
1194527444 1750 486
1194527444 1814 504
1194527444 1878 521
1194527444 1942 539
1194527444 2006 557
1194527444 2070 574
1194527444 2134 592
1194527444 2198 609
