1440335875 18 9
1152334752 82 26
1019809611 146 44
1019809611 210 62
1019809611 274 80
1019809611 338 97
1019809611 402 115
1019809611 466 133
1019809611 530 151
1019809611 594 169
1019809611 658 187
1019809611 722 204
1019809611 786 222
1019809611 850 240
1019809611 914 258
1019809611 978 276
1019809611 1042 294
1019809611 1106 312
1019809611 1170 329
1019809611 1234 347
1019809611 1298 365
1019809611 1362 383
1019809611 1426 401
1019809611 1490 419
1019809611 1554 437
1019809611 1618 455
1019809611 1682 473
1019809611 1746 491
1019809611 1810 508
1019809611 1874 526
1019809611 1938 544
1019809611 2002 562
1019809611 2066 580
1019809611 2130 598
1019809611 2194 616
