1594460490 22 10
1380303481 86 28
1242550336 150 45
1191603078 214 61
1191603078 278 77
1191603078 342 93
1191603078 406 108
1191603078 470 124
1191603078 534 140
1191603078 598 156
1191603078 662 171
1191603078 726 187
1191603078 790 203
1191603078 854 219
1191603078 918 234
1191603078 982 250
1191603078 1046 266
1191603078 1110 281
1191603078 1174 297
1191603078 1238 313
1191603078 1302 329
1191603078 1366 344
1191603078 1430 360
1191603078 1494 376
1191603078 1558 391
1191603078 1622 407
1191603078 1686 423
1191603078 1750 438
1191603078 1814 454
1191603078 1878 470
1191603078 1942 486
1191603078 2006 502
1191603078 2070 517
1191603078 2134 533
1191603078 2198 549
1191603078 2262 564
1191603078 2326 580
1191603078 2390 596
1191603078 2454 612
