1425564042 17 8
1264058329 81 28
1264058329 145 46
1264058329 209 64
1264058329 273 82
1264058329 337 100
1264058329 401 118
1264058329 465 136
1264058329 529 154
1264058329 593 172
1264058329 657 191
1264058329 721 209
1264058329 785 227
1264058329 849 245
1264058329 913 263
1264058329 977 281
1264058329 1041 300
1264058329 1105 318
1264058329 1169 336
1264058329 1233 354
1264058329 1297 372
1264058329 1361 390
1264058329 1425 409
1264058329 1489 427
1264058329 1553 445
1264058329 1617 463
1264058329 1681 481
1264058329 1745 499
1264058329 1809 517
1264058329 1873 535
1264058329 1937 553
1264058329 2001 571
1264058329 2065 590
1264058329 2129 608
