1144638267 19 10
1079968430 83 31
1079968430 147 52
1079968430 211 73
1079968430 275 94
1079968430 339 115
1079968430 403 136
1079968430 467 158
1079968430 531 179
1079968430 595 200
1079968430 659 221
1079968430 723 242
1079968430 787 264
1079968430 851 285
1079968430 915 306
1079968430 979 327
1079968430 1043 348
1079968430 1107 369
1079968430 1171 391
1079968430 1235 412
1079968430 1299 433
1079968430 1363 454
1079968430 1427 476
1079968430 1491 497
1079968430 1555 518
1079968430 1619 539
1079968430 1683 560
1079968430 1747 582
1079968430 1811 603
