1370972032.1679 22 10
1147400603 86 41
962603717 150 60
962603717 214 79
962603717 278 98
962603717 342 117
962603717 406 136
962603717 470 155
962603717 534 174
962603717 598 193
962603717 662 212
962603717 726 231
962603717 790 249
962603717 854 268
962603717 918 287
962603717 982 306
962603717 1046 325
962603717 1110 344
962603717 1174 363
962603717 1238 382
962603717 1302 401
962603717 1366 420
962603717 1430 439
962603717 1494 458
962603717 1558 477
962603717 1622 496
962603717 1686 515
962603717 1750 534
962603717 1814 553
962603717 1878 572
962603717 1942 591
962603717 2006 609
