1370501615 20 9
1087916000.8611 84 26
1020774731 148 40
996584745 212 56
996584745 276 70
996584745 340 88
996584745 404 105
996584745 468 122
996584745 532 140
996584745 596 157
996584745 660 174
996584745 724 192
996584745 788 209
996584745 852 227
996584745 916 244
996584745 980 262
996584745 1044 279
996584745 1108 296
996584745 1172 314
996584745 1236 331
996584745 1300 349
996584745 1364 366
996584745 1428 383
996584745 1492 401
996584745 1556 418
996584745 1620 436
996584745 1684 453
996584745 1748 470
996584745 1812 488
996584745 1876 505
996584745 1940 522
996584745 2004 540
996584745 2068 557
996584745 2132 575
996584745 2196 592
996584745 2260 609
