1277720715.4141 23 11
893059090 87 27
866164968 151 41
866164968 215 55
866164968 279 69
866164968 343 83
866164968 407 97
866164968 471 111
866164968 535 125
866164968 599 139
866164968 663 153
866164968 727 167
866164968 791 181
866164968 855 195
866164968 919 209
866164968 983 223
866164968 1047 237
866164968 1111 252
866164968 1175 266
866164968 1239 280
866164968 1303 294
866164968 1367 308
866164968 1431 322
866164968 1495 336
866164968 1559 350
866164968 1623 364
866164968 1687 378
866164968 1751 393
866164968 1815 407
866164968 1879 421
866164968 1943 435
866164968 2007 449
866164968 2071 464
866164968 2135 480
866164968 2199 494
866164968 2263 508
866164968 2327 522
866164968 2391 536
866164968 2455 551
866164968 2519 565
866164968 2583 579
866164968 2647 593
866164968 2711 607
