1224087029 21 11
1117899541 85 27
1117335047 149 49
1106402945 213 68
1106402945 277 86
1106402945 341 105
1106402945 405 123
1106402945 469 138
1106402945 533 153
1106402945 597 167
1106402945 661 182
1106402945 725 196
1106402945 789 210
1106402945 853 224
1106402945 917 239
1106402945 981 253
1106402945 1045 267
1106402945 1109 281
1106402945 1173 296
1106402945 1237 310
1106402945 1301 324
1106402945 1365 338
1106402945 1429 353
1106402945 1493 367
1106402945 1557 382
1106402945 1621 396
1106402945 1685 410
1106402945 1749 425
1106402945 1813 439
1106402945 1877 453
1106402945 1941 467
1106402945 2005 482
1106402945 2069 496
1106402945 2133 510
1106402945 2197 524
1106402945 2261 539
1106402945 2325 553
1106402945 2389 567
1106402945 2453 582
1106402945 2517 596
1106402945 2581 610
