1338954072 22 10
1168339951 86 32
1151120963 150 49
1128968977 214 70
1128968977 278 90
1128968977 342 108
1128968977 406 126
1128968977 470 144
1128968977 534 162
1128968977 598 180
1128968977 662 198
1128968977 726 216
1128968977 790 234
1128968977 854 252
1128968977 918 270
1128968977 982 288
1128968977 1046 306
1128968977 1110 324
1128968977 1174 342
1128968977 1238 360
1128968977 1302 378
1128968977 1366 396
1128968977 1430 414
1128968977 1494 432
1128968977 1558 450
1128968977 1622 468
1128968977 1686 486
1128968977 1750 504
1128968977 1814 522
1128968977 1878 540
1128968977 1942 558
1128968977 2006 576
1128968977 2070 594
1128968977 2134 612
