1463213659.3815 21 10
1124653014 85 29
1016995148 149 47
1016995148 213 65
1016995148 277 81
1016995148 341 96
1016995148 405 111
1016995148 469 127
1016995148 533 142
1016995148 597 158
1016995148 661 173
1016995148 725 189
1016995148 789 204
1016995148 853 219
1016995148 917 235
1016995148 981 250
1016995148 1045 266
1016995148 1109 281
1016995148 1173 296
1016995148 1237 312
1016995148 1301 327
1016995148 1365 343
1016995148 1429 358
1016995148 1493 373
1016995148 1557 389
1016995148 1621 404
1016995148 1685 420
1016995148 1749 435
1016995148 1813 450
1016995148 1877 466
1016995148 1941 481
1016995148 2005 497
1016995148 2069 512
1016995148 2133 528
1016995148 2197 543
1016995148 2261 558
1016995148 2325 574
1016995148 2389 589
1016995148 2453 605
