1250545027 20 10
1069905601 84 26
1039572189 148 41
1039572189 212 60
1039572189 276 78
1039572189 340 96
1039572189 404 114
1039572189 468 132
1039572189 532 150
1039572189 596 168
1039572189 660 186
1039572189 724 204
1039572189 788 222
1039572189 852 240
1039572189 916 258
1039572189 980 276
1039572189 1044 294
1039572189 1108 312
1039572189 1172 330
1039572189 1236 348
1039572189 1300 366
1039572189 1364 384
1039572189 1428 402
1039572189 1492 421
1039572189 1556 439
1039572189 1620 457
1039572189 1684 475
1039572189 1748 493
1039572189 1812 511
1039572189 1876 529
1039572189 1940 547
1039572189 2004 565
1039572189 2068 583
1039572189 2132 601
