1653699464 22 10
1259234290 86 28
1259234290 150 46
1259234290 214 63
1259234290 278 82
1259234290 342 100
1259234290 406 119
1259234290 470 137
1259234290 534 156
1259234290 598 174
1259234290 662 193
1259234290 726 211
1259234290 790 230
1259234290 854 248
1259234290 918 267
1259234290 982 285
1259234290 1046 304
1259234290 1110 322
1259234290 1174 341
1259234290 1238 359
1259234290 1302 378
1259234290 1366 396
1259234290 1430 415
1259234290 1494 433
1259234290 1558 452
1259234290 1622 470
1259234290 1686 489
1259234290 1750 507
1259234290 1814 526
1259234290 1878 544
1259234290 1942 563
1259234290 2006 581
1259234290 2070 600
1259234290 2134 618
