1542901903 23 10
1126283976 87 31
939584852 151 45
923019713 215 60
923019713 279 74
923019713 343 88
923019713 407 103
923019713 471 117
923019713 535 132
923019713 599 146
923019713 663 160
923019713 727 175
923019713 791 189
923019713 855 203
923019713 919 218
923019713 983 232
923019713 1047 247
923019713 1111 261
923019713 1175 275
923019713 1239 290
923019713 1303 304
923019713 1367 319
923019713 1431 333
923019713 1495 347
923019713 1559 362
923019713 1623 376
923019713 1687 391
923019713 1751 405
923019713 1815 420
923019713 1879 434
923019713 1943 449
923019713 2007 463
923019713 2071 478
923019713 2135 492
923019713 2199 507
923019713 2263 521
923019713 2327 536
923019713 2391 550
923019713 2455 565
923019713 2519 579
923019713 2583 594
923019713 2647 608
