1267233633 23 10
1230132912 87 27
1138794379 151 43
1138794379 215 58
1138794379 279 73
1138794379 343 88
1138794379 407 104
1138794379 471 119
1138794379 535 134
1138794379 599 149
1138794379 663 165
1138794379 727 180
1138794379 791 195
1138794379 855 210
1138794379 919 226
1138794379 983 241
1138794379 1047 256
1138794379 1111 271
1138794379 1175 287
1138794379 1239 302
1138794379 1303 317
1138794379 1367 332
1138794379 1431 347
1138794379 1495 363
1138794379 1559 378
1138794379 1623 393
1138794379 1687 409
1138794379 1751 424
1138794379 1815 439
1138794379 1879 455
1138794379 1943 470
1138794379 2007 485
1138794379 2071 500
1138794379 2135 516
1138794379 2199 531
1138794379 2263 546
1138794379 2327 561
1138794379 2391 577
1138794379 2455 592
1138794379 2519 607
