1204682261 23 10
1157456093 87 26
1136879937 151 43
1136879937 215 61
1136879937 279 79
1136879937 343 96
1136879937 407 114
1136879937 471 132
1136879937 535 150
1136879937 599 167
1136879937 663 185
1136879937 727 203
1136879937 791 221
1136879937 855 238
1136879937 919 256
1136879937 983 274
1136879937 1047 291
1136879937 1111 309
1136879937 1175 327
1136879937 1239 345
1136879937 1303 362
1136879937 1367 380
1136879937 1431 398
1136879937 1495 416
1136879937 1559 433
1136879937 1623 451
1136879937 1687 469
1136879937 1751 487
1136879937 1815 505
1136879937 1879 522
1136879937 1943 540
1136879937 2007 558
1136879937 2071 576
1136879937 2135 594
1136879937 2199 611
