1640738955 22 11
1265987920 47 20
1265987920 72 29
1265987920 97 38
1170997521 122 48
1043035111 147 58
1037820082 172 67
1037820082 197 76
1037820082 222 88
1037820082 247 100
1037820082 272 112
1037820082 297 126
1037820082 322 144
1037820082 347 160
1037820082 372 175
1037820082 397 192
1037820082 422 208
1037820082 447 227
1037820082 472 245
1037820082 497 259
1037820082 522 272
1037820082 547 286
1037820082 572 296
1037820082 597 308
1037820082 622 321
1037820082 647 335
1037820082 672 348
1037820082 697 359
1037820082 722 369
1037820082 747 379
1037820082 772 391
1037820082 797 401
1037820082 822 416
1037820082 847 432
1037820082 872 445
1037820082 897 457
1037820082 922 471
1037820082 947 484
1037820082 972 496
1037820082 997 506
1037820082 1022 517
1037820082 1047 529
1037820082 1072 539
1037820082 1097 554
1037820082 1122 569
1037820082 1147 584
1037820082 1172 598
1037820082 1197 611
