1706320240 23 13
1589063047 48 24
1280460239 73 35
1280460239 98 44
1280460239 123 51
1273175491 148 57
1266680740 173 63
1266680740 198 68
1266680740 223 74
1266680740 248 79
1266680740 273 85
1266680740 298 90
1266680740 323 96
1266680740 348 101
1266680740 373 107
1266680740 398 112
1266680740 423 118
1266680740 448 123
1266680740 473 129
1266680740 498 134
1266680740 523 140
1266680740 548 145
1266680740 573 151
1266680740 598 156
1266680740 623 162
1266680740 648 167
1266680740 673 173
1266680740 698 179
1266680740 723 184
1266680740 748 190
1266680740 773 195
1266680740 798 201
1266680740 823 207
1266680740 848 212
1266680740 873 218
1266680740 898 223
1266680740 923 229
1266680740 948 234
1266680740 973 240
1266680740 998 245
1266680740 1023 251
1266680740 1048 257
1266680740 1073 262
1266680740 1098 268
1266680740 1123 273
1266680740 1148 279
1266680740 1173 284
1266680740 1198 290
1266680740 1223 296
1266680740 1248 301
1266680740 1273 307
1266680740 1298 312
1266680740 1323 318
1266680740 1348 323
1266680740 1373 329
1266680740 1398 335
1266680740 1423 340
1266680740 1448 346
1266680740 1473 351
1266680740 1498 357
1266680740 1523 362
1266680740 1548 368
1266680740 1573 373
1266680740 1598 379
1266680740 1623 384
1266680740 1648 390
1266680740 1673 396
1266680740 1698 401
1266680740 1723 407
1266680740 1748 412
1266680740 1773 418
1266680740 1798 424
1266680740 1823 429
1266680740 1848 435
1266680740 1873 440
1266680740 1898 446
1266680740 1923 451
1266680740 1948 457
1266680740 1973 463
1266680740 1998 468
1266680740 2023 474
1266680740 2048 479
1266680740 2073 485
1266680740 2098 490
1266680740 2123 496
1266680740 2148 502
1266680740 2173 507
1266680740 2198 513
1266680740 2223 518
1266680740 2248 524
1266680740 2273 530
1266680740 2298 535
1266680740 2323 541
1266680740 2348 546
1266680740 2373 552
1266680740 2398 557
1266680740 2423 563
1266680740 2448 569
1266680740 2473 574
1266680740 2498 580
1266680740 2523 586
1266680740 2548 591
1266680740 2573 597
1266680740 2598 602
