1443211308.8891 19 8
1338142646 44 16
1321302673 69 23
1130469335 94 29
1130469335 119 36
1130469335 144 42
1130469335 169 49
1130469335 194 55
1130469335 219 62
1130469335 244 68
985850454 269 74
870522271 294 80
870522271 319 86
870522271 344 92
870522271 369 98
870522271 394 103
870522271 419 109
870522271 444 115
870522271 469 121
870522271 494 127
870522271 519 133
870522271 544 139
870522271 569 145
870522271 594 151
870522271 619 157
870522271 644 163
870522271 669 168
870522271 694 174
870522271 719 180
870522271 744 186
870522271 769 192
870522271 794 198
870522271 819 204
870522271 844 209
870522271 869 215
870522271 894 221
870522271 919 227
870522271 944 233
870522271 969 239
870522271 994 245
870522271 1019 251
870522271 1044 257
870522271 1069 262
870522271 1094 268
870522271 1119 274
870522271 1144 280
870522271 1169 286
870522271 1194 292
870522271 1219 297
870522271 1244 303
870522271 1269 309
870522271 1294 315
870522271 1319 321
870522271 1344 326
870522271 1369 332
870522271 1394 338
870522271 1419 344
870522271 1444 349
870522271 1469 355
870522271 1494 361
870522271 1519 367
870522271 1544 373
870522271 1569 383
870522271 1594 390
870522271 1619 396
870522271 1644 402
870522271 1669 408
870522271 1694 413
870522271 1719 419
870522271 1744 425
870522271 1769 431
870522271 1794 438
870522271 1819 443
870522271 1844 449
870522271 1869 455
870522271 1894 461
870522271 1919 467
870522271 1944 472
870522271 1969 478
870522271 1994 484
870522271 2019 490
870522271 2044 496
870522271 2069 502
870522271 2094 508
870522271 2119 513
870522271 2144 519
870522271 2169 525
870522271 2194 531
870522271 2219 537
870522271 2244 543
870522271 2269 549
870522271 2294 554
870522271 2319 560
870522271 2344 566
870522271 2369 572
870522271 2394 578
870522271 2419 584
870522271 2444 589
870522271 2469 595
870522271 2494 601
