1338497015 22 9
1338497015 47 16
1054412359 72 22
1054412359 97 28
1054412359 122 34
1054412359 147 39
1054412359 172 45
1054412359 197 50
1054412359 222 56
1054412359 247 61
1054412359 272 66
1054412359 297 72
1054412359 322 77
1054412359 347 83
1054412359 372 88
1054412359 397 93
1054412359 422 99
1054412359 447 104
1054412359 472 110
1054412359 497 115
1054412359 522 120
1054412359 547 126
1054412359 572 131
1054412359 597 136
1054412359 622 142
1054412359 647 147
1054412359 672 152
1054412359 697 158
1054412359 722 163
1054412359 747 168
1054412359 772 174
1054412359 797 179
1054412359 822 184
1054412359 847 190
1054412359 872 195
1054412359 897 200
1054412359 922 206
1054412359 947 211
1054412359 972 217
1054412359 997 222
1054412359 1022 227
1054412359 1047 233
1054412359 1072 238
1054412359 1097 243
1054412359 1122 249
1054412359 1147 254
1054412359 1172 259
1054412359 1197 265
1054412359 1222 270
1054412359 1247 275
1054412359 1272 281
1054412359 1297 286
1054412359 1322 291
1054412359 1347 297
1054412359 1372 302
1054412359 1397 307
1054412359 1422 313
1054412359 1447 318
1054412359 1472 324
1054412359 1497 329
1054412359 1522 334
1054412359 1547 340
1054412359 1572 345
1054412359 1597 350
1054412359 1622 356
1054412359 1647 361
1054412359 1672 366
1054412359 1697 372
1054412359 1722 377
1054412359 1747 382
1054412359 1772 388
1054412359 1797 393
1054412359 1822 399
1054412359 1847 404
1054412359 1872 409
1054412359 1897 415
1054412359 1922 420
1054412359 1947 425
1054412359 1972 431
1054412359 1997 436
1054412359 2022 442
1054412359 2047 447
1054412359 2072 452
1054412359 2097 458
1054412359 2122 463
1054412359 2147 468
1054412359 2172 474
1054412359 2197 479
1054412359 2222 485
1054412359 2247 490
1054412359 2272 495
1054412359 2297 501
1054412359 2322 506
1054412359 2347 511
1054412359 2372 517
1054412359 2397 522
1054412359 2422 527
1054412359 2447 533
1054412359 2472 538
1054412359 2497 543
1054412359 2522 549
1054412359 2547 554
1054412359 2572 559
1054412359 2597 565
1054412359 2622 570
1054412359 2647 576
1054412359 2672 581
1054412359 2697 586
1054412359 2722 592
1054412359 2747 597
1054412359 2772 602
