1574375000 19 9
1226326633 44 19
1226326633 69 28
1213475153.3241 94 36
1049864999.2748 119 45
1049864999.2748 144 53
1049864999.2748 169 63
1049864999.2748 194 73
1049864999.2748 219 83
1049864999.2748 244 92
1049864999.2748 269 99
1037545744.6029 294 106
1037545744.6029 319 113
1037545744.6029 344 120
1037545744.6029 369 127
1037545744.6029 394 134
1037545744.6029 419 141
1037545744.6029 444 148
1037545744.6029 469 155
1037545744.6029 494 162
1037545744.6029 519 169
1037545744.6029 544 176
1037545744.6029 569 183
1037545744.6029 594 189
1037545744.6029 619 196
1037545744.6029 644 203
1037545744.6029 669 210
1037545744.6029 694 217
1037545744.6029 719 224
1037545744.6029 744 231
1037545744.6029 769 238
1037545744.6029 794 245
1037545744.6029 819 251
1037545744.6029 844 258
1037545744.6029 869 265
1037545744.6029 894 272
1037545744.6029 919 279
1037545744.6029 944 286
1037545744.6029 969 293
1037545744.6029 994 299
1037545744.6029 1019 306
1037545744.6029 1044 313
1037545744.6029 1069 320
1037545744.6029 1094 327
1037545744.6029 1119 334
1037545744.6029 1144 342
1037545744.6029 1169 348
1037545744.6029 1194 355
1037545744.6029 1219 362
1037545744.6029 1244 369
1037545744.6029 1269 376
1037545744.6029 1294 383
1037545744.6029 1319 390
1037545744.6029 1344 397
1037545744.6029 1369 404
1037545744.6029 1394 411
1037545744.6029 1419 418
1037545744.6029 1444 425
1037545744.6029 1469 432
1037545744.6029 1494 439
1037545744.6029 1519 446
1037545744.6029 1544 453
1037545744.6029 1569 460
1037545744.6029 1594 467
1037545744.6029 1619 474
1037545744.6029 1644 481
1037545744.6029 1669 488
1037545744.6029 1694 495
1037545744.6029 1719 502
1037545744.6029 1744 510
1037545744.6029 1769 517
1037545744.6029 1794 524
1037545744.6029 1819 530
1037545744.6029 1844 537
1037545744.6029 1869 544
1037545744.6029 1894 551
1037545744.6029 1919 559
1037545744.6029 1944 566
1037545744.6029 1969 573
1037545744.6029 1994 579
1037545744.6029 2019 586
1037545744.6029 2044 593
1037545744.6029 2069 600
1037545744.6029 2094 607
