1280148824 25 14
1211644541 50 24
1147237546 75 34
1057598817.0753 100 44
1057598817.0753 125 53
1057598817.0753 150 66
1057598817.0753 175 80
1057598817.0753 200 92
1057598817.0753 225 104
1048979015.1913 250 115
1048979015.1913 275 124
1048979015.1913 300 131
1048979015.1913 325 138
1048979015.1913 350 144
1024216467 375 151
1024216467 400 157
1024216467 425 163
1024216467 450 169
1024216467 475 175
1024216467 500 182
964129013 525 188
964129013 550 195
964129013 575 201
964129013 600 208
964129013 625 214
964129013 650 221
964129013 675 228
964129013 700 234
964129013 725 241
964129013 750 248
964129013 775 254
964129013 800 261
964129013 825 268
964129013 850 274
964129013 875 281
964129013 900 287
964129013 925 293
964129013 950 299
964129013 975 306
964129013 1000 312
964129013 1025 318
964129013 1050 323
964129013 1075 329
964129013 1100 335
964129013 1125 340
964129013 1150 346
964129013 1175 351
964129013 1200 357
964129013 1225 362
964129013 1250 368
964129013 1275 374
964129013 1300 379
964129013 1325 385
964129013 1350 390
964129013 1375 396
964129013 1400 401
964129013 1425 407
964129013 1450 412
964129013 1475 418
964129013 1500 424
964129013 1525 429
964129013 1550 435
964129013 1575 440
964129013 1600 446
964129013 1625 452
964129013 1650 457
964129013 1675 463
964129013 1700 468
964129013 1725 474
964129013 1750 479
964129013 1775 485
964129013 1800 491
964129013 1825 496
964129013 1850 502
964129013 1875 507
964129013 1900 513
964129013 1925 518
964129013 1950 524
964129013 1975 529
964129013 2000 535
964129013 2025 541
964129013 2050 546
964129013 2075 552
964129013 2100 557
964129013 2125 563
964129013 2150 568
964129013 2175 574
964129013 2200 580
964129013 2225 585
964129013 2250 591
964129013 2275 596
964129013 2300 602
