1394585155 20 9
1394585155 45 18
1349196251 70 27
1262855485 95 36
1262855485 120 43
921076167 145 51
921076167 170 57
921076167 195 64
921076167 220 70
921076167 245 76
921076167 270 82
921076167 295 88
908054812 320 94
908054812 345 100
908054812 370 106
902885938 395 112
902885938 420 118
902885938 445 124
902885938 470 130
902885938 495 136
902885938 520 142
902885938 545 148
902885938 570 154
902885938 595 160
902885938 620 166
902885938 645 172
902885938 670 178
902885938 695 184
902885938 720 190
902885938 745 196
902885938 770 202
902885938 795 208
902885938 820 214
902885938 845 220
902885938 870 226
902885938 895 232
902885938 920 239
902885938 945 245
902885938 970 251
902885938 995 257
902885938 1020 263
902885938 1045 269
902885938 1070 275
902885938 1095 282
902885938 1120 288
902885938 1145 294
902885938 1170 300
902885938 1195 307
902885938 1220 313
902885938 1245 319
902885938 1270 325
902885938 1295 331
902885938 1320 338
902885938 1345 344
902885938 1370 350
902885938 1395 356
902885938 1420 363
902885938 1445 369
902885938 1470 375
902885938 1495 381
902885938 1520 388
902885938 1545 394
902885938 1570 400
902885938 1595 407
902885938 1620 413
902885938 1645 419
902885938 1670 425
902885938 1695 432
902885938 1720 438
902885938 1745 444
902885938 1770 451
902885938 1795 457
902885938 1820 463
902885938 1845 469
902885938 1870 476
902885938 1895 482
902885938 1920 488
902885938 1945 494
902885938 1970 501
902885938 1995 507
902885938 2020 513
902885938 2045 519
902885938 2070 526
902885938 2095 532
902885938 2120 538
902885938 2145 544
902885938 2170 551
902885938 2195 557
902885938 2220 563
902885938 2245 569
902885938 2270 576
902885938 2295 582
902885938 2320 588
902885938 2345 594
902885938 2370 601
