1292841501.7554 21 10
1292841501.7554 46 19
1254893239.012 71 26
1226108776 96 32
1211707359 121 38
1211707359 146 44
1211707359 171 50
1141456088 196 56
1141456088 221 62
1141456088 246 68
1141456088 271 74
1141456088 296 80
1141456088 321 86
1132277328 346 92
1132277328 371 98
1132277328 396 104
1080379959.0125 421 110
1080379959.0125 446 115
1080379959.0125 471 121
1080379959.0125 496 127
1066812156 521 133
1066812156 546 138
1066812156 571 144
1066812156 596 150
1066812156 621 156
1066812156 646 162
1066812156 671 168
1066812156 696 174
1066812156 721 180
1066812156 746 186
1066812156 771 192
1066812156 796 198
1066812156 821 203
1066812156 846 209
1066812156 871 215
1066812156 896 221
1066812156 921 226
1066812156 946 232
1066812156 971 238
1066812156 996 244
1066812156 1021 250
1066812156 1046 256
1066812156 1071 261
1066812156 1096 267
1066812156 1121 273
1066812156 1146 279
1066812156 1171 284
1066812156 1196 290
1066812156 1221 296
1066812156 1246 301
1066812156 1271 307
1066812156 1296 313
1066812156 1321 318
1066812156 1346 324
1066812156 1371 330
1066812156 1396 335
1066812156 1421 341
1066812156 1446 347
1066812156 1471 352
1066812156 1496 358
1066812156 1521 364
1066812156 1546 369
1066812156 1571 375
1066812156 1596 381
1066812156 1621 386
1066812156 1646 392
1066812156 1671 398
1066812156 1696 403
1066812156 1721 409
1066812156 1746 415
1066812156 1771 420
1066812156 1796 426
1066812156 1821 432
1066812156 1846 437
1066812156 1871 443
1066812156 1896 449
1066812156 1921 454
1066812156 1946 460
1066812156 1971 466
1066812156 1996 471
1066812156 2021 477
1066812156 2046 483
1066812156 2071 488
1066812156 2096 494
1066812156 2121 500
1066812156 2146 505
1066812156 2171 511
1066812156 2196 517
1066812156 2221 522
1066812156 2246 528
1066812156 2271 534
1066812156 2296 539
1066812156 2321 545
1066812156 2346 550
1066812156 2371 556
1066812156 2396 562
1066812156 2421 568
1066812156 2446 573
1066812156 2471 579
1066812156 2496 585
1066812156 2521 590
1066812156 2546 596
1066812156 2571 602
