1104800793 23 11
1104800793 48 20
1010550054 73 28
1010550054 98 34
1010550054 123 40
995686640 148 46
995686640 173 53
995686640 198 59
995686640 223 66
995686640 248 72
983454231 273 79
983454231 298 86
983454231 323 92
983454231 348 99
983454231 373 106
983454231 398 113
983454231 423 119
983454231 448 126
983454231 473 132
983454231 498 139
983454231 523 145
983454231 548 152
983454231 573 159
983454231 598 165
983454231 623 172
983454231 648 179
983454231 673 186
983454231 698 192
983454231 723 199
983454231 748 205
983454231 773 211
983454231 798 218
983454231 823 224
983454231 848 230
983454231 873 236
983454231 898 243
983454231 923 249
983454231 948 255
983454231 973 261
983454231 998 267
983454231 1023 273
983454231 1048 279
983454231 1073 285
983454231 1098 291
983454231 1123 297
983454231 1148 303
983454231 1173 309
983454231 1198 315
983454231 1223 321
983454231 1248 327
983454231 1273 333
983454231 1298 339
983454231 1323 345
983454231 1348 351
983454231 1373 356
983454231 1398 362
983454231 1423 368
983454231 1448 374
983454231 1473 380
983454231 1498 385
983454231 1523 391
983454231 1548 397
983454231 1573 403
983454231 1598 408
983454231 1623 414
983454231 1648 420
983454231 1673 426
983454231 1698 431
983454231 1723 437
983454231 1748 443
983454231 1773 449
983454231 1798 454
983454231 1823 460
983454231 1848 466
983454231 1873 471
983454231 1898 477
983454231 1923 483
983454231 1948 489
983454231 1973 494
983454231 1998 500
983454231 2023 506
983454231 2048 512
983454231 2073 517
983454231 2098 523
983454231 2123 529
983454231 2148 535
983454231 2173 540
983454231 2198 546
983454231 2223 552
983454231 2248 558
983454231 2273 563
983454231 2298 569
983454231 2323 575
983454231 2348 581
983454231 2373 586
983454231 2398 592
983454231 2423 598
983454231 2448 604
