1508763821 20 10
1508763821 45 16
1466307776 70 23
1026922413 95 30
1026922413 120 36
1026922413 145 43
1026922413 170 50
1026922413 195 56
993891469 220 63
993891469 245 70
993891469 270 77
993891469 295 84
993891469 320 91
949129133 345 98
949129133 370 105
939258907 395 112
939258907 420 119
939258907 445 125
939258907 470 132
939258907 495 139
939258907 520 145
939258907 545 152
939258907 570 158
939258907 595 165
939258907 620 172
939258907 645 179
939258907 670 186
939258907 695 193
939258907 720 200
939258907 745 206
939258907 770 213
939258907 795 220
939258907 820 227
939258907 845 233
939258907 870 240
939258907 895 247
939258907 920 254
939258907 945 260
939258907 970 266
939258907 995 273
939258907 1020 279
939258907 1045 285
939258907 1070 291
939258907 1095 297
939258907 1120 303
939258907 1145 309
939258907 1170 315
939258907 1195 321
939258907 1220 327
939258907 1245 333
939258907 1270 339
939258907 1295 344
939258907 1320 350
939258907 1345 356
939258907 1370 361
939258907 1395 367
939258907 1420 373
939258907 1445 378
939258907 1470 384
939258907 1495 390
939258907 1520 395
939258907 1545 401
939258907 1570 407
939258907 1595 412
939258907 1620 418
939258907 1645 424
939258907 1670 429
939258907 1695 435
939258907 1720 440
939258907 1745 446
939258907 1770 452
939258907 1795 457
939258907 1820 463
939258907 1845 469
939258907 1870 474
939258907 1895 480
939258907 1920 485
939258907 1945 491
939258907 1970 497
939258907 1995 502
939258907 2020 508
939258907 2045 514
939258907 2070 519
939258907 2095 525
939258907 2120 531
939258907 2145 536
939258907 2170 542
939258907 2195 547
939258907 2220 553
939258907 2245 559
939258907 2270 564
939258907 2295 570
939258907 2320 576
939258907 2345 581
939258907 2370 587
939258907 2395 592
939258907 2420 598
939258907 2445 604
