1332398429 20 9
983291470 45 18
983291470 70 27
983291470 95 35
983291470 120 42
983291470 145 50
983291470 170 56
983291470 195 63
983291470 220 70
983291470 245 76
983291470 270 83
983291470 295 89
983291470 320 96
983291470 345 102
983291470 370 109
983291470 395 115
983291470 420 122
983291470 445 128
983291470 470 135
983291470 495 142
983291470 520 148
983291470 545 155
983291470 570 162
983291470 595 168
983291470 620 174
983291470 645 181
983291470 670 187
983291470 695 194
983291470 720 201
983291470 745 207
983291470 770 214
983291470 795 221
983291470 820 227
983291470 845 234
983291470 870 241
983291470 895 248
983291470 920 254
983291470 945 261
983291470 970 268
983291470 995 275
983291470 1020 282
983291470 1045 289
983291470 1070 296
983291470 1095 302
983291470 1120 309
983291470 1145 316
983291470 1170 323
983291470 1195 330
983291470 1220 337
983291470 1245 343
983291470 1270 350
983291470 1295 357
983291470 1320 364
983291470 1345 371
983291470 1370 378
983291470 1395 385
983291470 1420 391
983291470 1445 398
983291470 1470 405
983291470 1495 412
983291470 1520 419
983291470 1545 426
983291470 1570 432
983291470 1595 439
983291470 1620 446
983291470 1645 453
983291470 1670 460
983291470 1695 467
983291470 1720 474
983291470 1745 480
983291470 1770 487
983291470 1795 494
983291470 1820 501
983291470 1845 508
983291470 1870 515
983291470 1895 521
983291470 1920 528
983291470 1945 535
983291470 1970 542
983291470 1995 549
983291470 2020 556
983291470 2045 562
983291470 2070 569
983291470 2095 576
983291470 2120 583
983291470 2145 590
983291470 2170 597
983291470 2195 603
