1548637530 24 13
1343455215 49 20
1343455215 74 27
1162654288 99 36
1162654288 124 44
1162654288 149 53
1162654288 174 61
1162654288 199 69
1043710216 224 78
1043710216 249 86
1043710216 274 94
1043710216 299 101
1043710216 324 108
1043710216 349 114
1043710216 374 121
1043710216 399 128
1043710216 424 134
1043710216 449 141
1043710216 474 147
1043710216 499 154
1043710216 524 160
1043710216 549 166
1043710216 574 173
1043710216 599 179
1043710216 624 185
1043710216 649 191
1043710216 674 198
1043710216 699 204
1043710216 724 210
1043710216 749 217
1043710216 774 223
1043710216 799 229
1043710216 824 235
1043710216 849 242
1043710216 874 248
1043710216 899 254
1043710216 924 261
1043710216 949 267
1043710216 974 273
1043710216 999 279
1043710216 1024 286
1043710216 1049 292
1043710216 1074 298
1043710216 1099 304
1043710216 1124 311
1043710216 1149 317
1043710216 1174 323
1043710216 1199 330
1043710216 1224 336
1043710216 1249 342
1043710216 1274 348
1043710216 1299 355
1043710216 1324 361
1043710216 1349 367
1043710216 1374 374
1043710216 1399 380
1043710216 1424 386
1043710216 1449 392
1043710216 1474 399
1043710216 1499 405
1043710216 1524 411
1043710216 1549 417
1043710216 1574 424
1043710216 1599 430
1043710216 1624 436
1043710216 1649 443
1043710216 1674 449
1043710216 1699 455
1043710216 1724 461
1043710216 1749 468
1043710216 1774 474
1043710216 1799 480
1043710216 1824 487
1043710216 1849 493
1043710216 1874 499
1043710216 1899 505
1043710216 1924 512
1043710216 1949 518
1043710216 1974 524
1043710216 1999 530
1043710216 2024 537
1043710216 2049 543
1043710216 2074 549
1043710216 2099 555
1043710216 2124 562
1043710216 2149 568
1043710216 2174 574
1043710216 2199 580
1043710216 2224 587
1043710216 2249 593
1043710216 2274 599
1043710216 2299 606
