1575370885.2398 23 10
994460968 48 21
975483239 73 32
975483239 98 47
852507389 123 61
852507389 148 74
852507389 173 88
852507389 198 103
833169785 223 116
833169785 248 128
833169785 273 139
833169785 298 153
833169785 323 168
833169785 348 183
833169785 373 197
833169785 398 210
833169785 423 218
833169785 448 224
833169785 473 231
833169785 498 237
833169785 523 244
833169785 548 249
833169785 573 254
833169785 598 260
833169785 623 265
833169785 648 270
833169785 673 275
833169785 698 281
833169785 723 286
833169785 748 291
833169785 773 297
833169785 798 302
833169785 823 307
833169785 848 313
833169785 873 318
833169785 898 323
833169785 923 328
833169785 948 334
833169785 973 339
833169785 998 344
833169785 1023 350
833169785 1048 355
833169785 1073 360
833169785 1098 366
833169785 1123 371
833169785 1148 376
833169785 1173 381
833169785 1198 387
833169785 1223 392
833169785 1248 397
833169785 1273 403
833169785 1298 408
833169785 1323 413
833169785 1348 419
833169785 1373 424
833169785 1398 429
833169785 1423 434
833169785 1448 440
833169785 1473 445
833169785 1498 450
833169785 1523 456
833169785 1548 461
833169785 1573 466
833169785 1598 472
833169785 1623 477
833169785 1648 482
833169785 1673 488
833169785 1698 493
833169785 1723 498
833169785 1748 503
833169785 1773 509
833169785 1798 514
833169785 1823 519
833169785 1848 525
833169785 1873 530
833169785 1898 535
833169785 1923 541
833169785 1948 546
833169785 1973 551
833169785 1998 556
833169785 2023 562
833169785 2048 567
833169785 2073 572
833169785 2098 578
833169785 2123 583
833169785 2148 588
833169785 2173 593
833169785 2198 599
833169785 2223 604
