1233303264.255 22 11
1087210190 47 20
1087210190 72 27
1010746622 97 35
1010746622 122 43
1010746622 147 50
1010746622 172 57
1010746622 197 64
1010746622 222 71
1010746622 247 78
1005595655 272 86
1005595655 297 93
1005595655 322 100
1005595655 347 107
1005595655 372 114
1005595655 397 121
1005595655 422 128
1005595655 447 135
1005595655 472 142
1005595655 497 149
1005595655 522 156
1005595655 547 163
1005595655 572 170
1005595655 597 177
1005595655 622 184
1005595655 647 191
1005595655 672 198
1005595655 697 205
1005595655 722 212
1005595655 747 219
1005595655 772 226
1005595655 797 233
1005595655 822 240
1005595655 847 247
1005595655 872 254
1005595655 897 260
1005595655 922 267
1005595655 947 274
1005595655 972 281
1005595655 997 288
1005595655 1022 295
1005595655 1047 302
1005595655 1072 309
1005595655 1097 316
1005595655 1122 323
1005595655 1147 330
1005595655 1172 337
1005595655 1197 344
1005595655 1222 350
1005595655 1247 357
1005595655 1272 364
1005595655 1297 371
1005595655 1322 378
1005595655 1347 385
1005595655 1372 392
1005595655 1397 399
1005595655 1422 405
1005595655 1447 412
1005595655 1472 419
1005595655 1497 426
1005595655 1522 433
1005595655 1547 440
1005595655 1572 447
1005595655 1597 454
1005595655 1622 461
1005595655 1647 468
1005595655 1672 475
1005595655 1697 481
1005595655 1722 488
1005595655 1747 495
1005595655 1772 502
1005595655 1797 509
1005595655 1822 516
1005595655 1847 523
1005595655 1872 530
1005595655 1897 537
1005595655 1922 543
1005595655 1947 550
1005595655 1972 557
1005595655 1997 564
1005595655 2022 571
1005595655 2047 578
1005595655 2072 585
1005595655 2097 592
1005595655 2122 599
1005595655 2147 605
