1071836612 24 10
1071836612 49 17
1071836612 74 24
1071836612 99 31
1071836612 124 38
1071836612 149 45
1071836612 174 52
1071836612 199 59
1071836612 224 66
1071836612 249 73
1071836612 274 81
1071836612 299 88
1071836612 324 96
1071836612 349 103
1043570445 374 111
1043570445 399 118
1043570445 424 126
1043570445 449 134
1043570445 474 142
1043570445 499 150
1043570445 524 157
1043570445 549 165
1043570445 574 173
1043570445 599 181
1043570445 624 189
1043570445 649 197
1043570445 674 205
1043570445 699 212
1043570445 724 220
1043570445 749 228
1043570445 774 236
1043570445 799 243
1043570445 824 251
1043570445 849 258
1043570445 874 266
1043570445 899 273
1043570445 924 281
1043570445 949 288
1043570445 974 296
1043570445 999 303
1043570445 1024 310
1043570445 1049 318
1043570445 1074 325
1043570445 1099 333
1043570445 1124 340
1043570445 1149 348
1043570445 1174 355
1043570445 1199 363
1043570445 1224 370
1043570445 1249 378
1043570445 1274 386
1043570445 1299 393
1043570445 1324 401
1043570445 1349 409
1043570445 1374 417
1043570445 1399 425
1043570445 1424 432
1043570445 1449 440
1043570445 1474 448
1043570445 1499 455
1043570445 1524 463
1043570445 1549 471
1043570445 1574 478
1043570445 1599 486
1043570445 1624 494
1043570445 1649 502
1043570445 1674 509
1043570445 1699 517
1043570445 1724 525
1043570445 1749 533
1043570445 1774 540
1043570445 1799 548
1043570445 1824 556
1043570445 1849 564
1043570445 1874 572
1043570445 1899 580
1043570445 1924 588
1043570445 1949 595
1043570445 1974 603
