1440355378.3693 21 9
1299103586 46 18
1090037225 71 25
1090037225 96 32
1090037225 121 38
1044481371 146 44
1044481371 171 50
1014061878 196 56
972322897 221 62
970929267 246 67
970929267 271 73
970929267 296 78
970929267 321 84
952869727 346 90
952869727 371 95
952869727 396 100
952869727 421 106
952869727 446 111
952869727 471 116
952869727 496 122
914455288 521 127
914455288 546 133
914455288 571 138
914455288 596 143
914455288 621 149
914455288 646 154
914455288 671 160
914455288 696 165
914455288 721 170
914455288 746 176
914455288 771 181
914455288 796 186
914455288 821 192
914455288 846 197
914455288 871 202
914455288 896 207
914455288 921 213
914455288 946 218
914455288 971 223
914455288 996 229
914455288 1021 234
914455288 1046 239
914455288 1071 245
914455288 1096 250
914455288 1121 255
914455288 1146 260
914455288 1171 266
914455288 1196 271
914455288 1221 276
914455288 1246 281
914455288 1271 287
914455288 1296 292
914455288 1321 297
914455288 1346 303
914455288 1371 308
914455288 1396 313
914455288 1421 319
914455288 1446 324
914455288 1471 329
914455288 1496 334
914455288 1521 340
914455288 1546 345
914455288 1571 350
914455288 1596 355
914455288 1621 361
914455288 1646 366
914455288 1671 371
914455288 1696 377
914455288 1721 382
914455288 1746 387
914455288 1771 392
914455288 1796 397
914455288 1821 403
914455288 1846 408
914455288 1871 413
914455288 1896 418
914455288 1921 423
914455288 1946 429
914455288 1971 434
914455288 1996 439
914455288 2021 444
914455288 2046 449
914455288 2071 455
914455288 2096 460
914455288 2121 465
914455288 2146 470
914455288 2171 475
914455288 2196 480
914455288 2221 486
914455288 2246 491
914455288 2271 496
914455288 2296 501
914455288 2321 507
914455288 2346 512
914455288 2371 517
914455288 2396 522
914455288 2421 527
914455288 2446 533
914455288 2471 538
914455288 2496 543
914455288 2521 548
914455288 2546 554
914455288 2571 559
914455288 2596 564
914455288 2621 569
914455288 2646 574
914455288 2671 580
914455288 2696 585
914455288 2721 590
914455288 2746 595
914455288 2771 600
914455288 2796 606
