1329517436 23 11
1329517436 48 19
1303783125 73 28
960739314 98 37
960739314 123 45
910850250 148 51
910850250 173 57
904239748 198 63
904239748 223 69
857596063 248 75
857596063 273 81
857596063 298 87
849912237 323 93
849912237 348 98
849912237 373 104
849912237 398 110
849912237 423 115
849912237 448 121
849912237 473 126
849912237 498 131
849912237 523 137
849912237 548 142
849912237 573 148
849912237 598 153
849912237 623 159
849912237 648 164
849912237 673 170
849912237 698 175
849912237 723 181
849912237 748 186
849912237 773 192
849912237 798 197
849912237 823 203
849912237 848 209
849912237 873 214
849912237 898 220
849912237 923 225
849912237 948 231
849912237 973 237
849912237 998 242
849912237 1023 248
849912237 1048 253
849912237 1073 259
849912237 1098 264
849912237 1123 270
849912237 1148 276
849912237 1173 281
849912237 1198 287
849912237 1223 292
849912237 1248 298
849912237 1273 303
849912237 1298 309
849912237 1323 315
849912237 1348 320
849912237 1373 326
849912237 1398 331
849912237 1423 337
849912237 1448 342
849912237 1473 348
849912237 1498 354
849912237 1523 359
849912237 1548 365
849912237 1573 370
849912237 1598 376
849912237 1623 382
849912237 1648 387
849912237 1673 393
849912237 1698 398
849912237 1723 404
849912237 1748 409
849912237 1773 415
849912237 1798 421
849912237 1823 426
849912237 1848 432
849912237 1873 437
849912237 1898 443
849912237 1923 449
849912237 1948 454
849912237 1973 460
849912237 1998 465
849912237 2023 471
849912237 2048 477
849912237 2073 482
849912237 2098 488
849912237 2123 493
849912237 2148 499
849912237 2173 505
849912237 2198 510
849912237 2223 516
849912237 2248 521
849912237 2273 527
849912237 2298 532
849912237 2323 538
849912237 2348 544
849912237 2373 549
849912237 2398 555
849912237 2423 561
849912237 2448 566
849912237 2473 572
849912237 2498 577
849912237 2523 583
849912237 2548 589
849912237 2573 594
849912237 2598 600
849912237 2623 605
