1466211867 23 11
1438238868 48 23
1173545428 73 33
1092988548.4699 98 41
1092988548.4699 123 49
1092988548.4699 148 56
1092988548.4699 173 63
1092988548.4699 198 70
1092988548.4699 223 77
1092988548.4699 248 83
1047379004.4294 273 89
1047379004.4294 298 96
1047379004.4294 323 102
1047379004.4294 348 109
1047379004.4294 373 115
1047379004.4294 398 122
1047379004.4294 423 128
1047379004.4294 448 134
1047379004.4294 473 141
1047379004.4294 498 147
1047379004.4294 523 153
1047379004.4294 548 159
1047379004.4294 573 166
1047379004.4294 598 172
1047379004.4294 623 179
1047379004.4294 648 185
1047379004.4294 673 192
1047379004.4294 698 198
1047379004.4294 723 205
1047379004.4294 748 211
1047379004.4294 773 218
1047379004.4294 798 225
1047379004.4294 823 231
1047379004.4294 848 238
1047379004.4294 873 244
1047379004.4294 898 251
1047379004.4294 923 257
1047379004.4294 948 264
1047379004.4294 973 270
1047379004.4294 998 277
1047379004.4294 1023 284
1047379004.4294 1048 290
1047379004.4294 1073 297
1047379004.4294 1098 303
1047379004.4294 1123 310
1047379004.4294 1148 316
1047379004.4294 1173 323
1047379004.4294 1198 329
1047379004.4294 1223 336
1047379004.4294 1248 342
1047379004.4294 1273 349
1047379004.4294 1298 355
1047379004.4294 1323 362
1047379004.4294 1348 368
1047379004.4294 1373 375
1047379004.4294 1398 381
1047379004.4294 1423 388
1047379004.4294 1448 394
1047379004.4294 1473 401
1047379004.4294 1498 407
1047379004.4294 1523 414
1047379004.4294 1548 420
1047379004.4294 1573 427
1047379004.4294 1598 433
1047379004.4294 1623 440
1047379004.4294 1648 446
1047379004.4294 1673 453
1047379004.4294 1698 460
1047379004.4294 1723 466
1047379004.4294 1748 473
1047379004.4294 1773 479
1047379004.4294 1798 486
1047379004.4294 1823 492
1047379004.4294 1848 499
1047379004.4294 1873 505
1047379004.4294 1898 512
1047379004.4294 1923 518
1047379004.4294 1948 525
1047379004.4294 1973 531
1047379004.4294 1998 538
1047379004.4294 2023 544
1047379004.4294 2048 551
1047379004.4294 2073 557
1047379004.4294 2098 564
1047379004.4294 2123 570
1047379004.4294 2148 577
1047379004.4294 2173 583
1047379004.4294 2198 590
1047379004.4294 2223 596
1047379004.4294 2248 603
