1420054538 22 10
1420054538 47 19
1037256341 72 28
1037256341 97 35
1037256341 122 43
1037256341 147 51
1037256341 172 59
1037256341 197 66
1037256341 222 73
1037256341 247 81
1037256341 272 88
1037256341 297 95
1037256341 322 101
1037256341 347 108
1037256341 372 114
1037256341 397 121
1037256341 422 127
1037256341 447 133
1037256341 472 140
1037256341 497 146
1037256341 522 152
1037256341 547 158
1037256341 572 165
1037256341 597 171
1037256341 622 177
1037256341 647 184
1037256341 672 190
1037256341 697 196
1037256341 722 202
1037256341 747 209
1037256341 772 215
1037256341 797 221
1037256341 822 228
1037256341 847 234
1037256341 872 240
1037256341 897 246
1037256341 922 253
1037256341 947 259
1037256341 972 265
1037256341 997 271
1037256341 1022 278
1037256341 1047 284
1037256341 1072 290
1037256341 1097 297
1037256341 1122 303
1037256341 1147 309
1037256341 1172 315
1037256341 1197 322
1037256341 1222 328
1037256341 1247 334
1037256341 1272 340
1037256341 1297 347
1037256341 1322 353
1037256341 1347 359
1037256341 1372 366
1037256341 1397 372
1037256341 1422 378
1037256341 1447 384
1037256341 1472 391
1037256341 1497 397
1037256341 1522 403
1037256341 1547 410
1037256341 1572 416
1037256341 1597 422
1037256341 1622 428
1037256341 1647 435
1037256341 1672 441
1037256341 1697 447
1037256341 1722 454
1037256341 1747 460
1037256341 1772 466
1037256341 1797 473
1037256341 1822 479
1037256341 1847 485
1037256341 1872 491
1037256341 1897 498
1037256341 1922 504
1037256341 1947 510
1037256341 1972 517
1037256341 1997 523
1037256341 2022 529
1037256341 2047 536
1037256341 2072 542
1037256341 2097 548
1037256341 2122 554
1037256341 2147 561
1037256341 2172 567
1037256341 2197 573
1037256341 2222 579
1037256341 2247 586
1037256341 2272 592
1037256341 2297 598
1037256341 2322 605
