1373734118.2652 19 9
1373734118.2652 44 18
1373734118.2652 69 27
1373734118.2652 94 37
1226589487 119 47
1226589487 144 56
1199165848.6519 169 65
1199165848.6519 194 74
1180840706.4889 219 84
1149521919 244 94
1149521919 269 106
1149521919 294 120
1125898167 319 132
1125898167 344 145
1125898167 369 161
1125898167 394 175
1125898167 419 189
1125898167 444 204
1110339178 469 218
1110339178 494 234
1110339178 519 250
1110339178 544 267
1110339178 569 282
1110339178 594 297
1110339178 619 312
1110339178 644 328
1110339178 669 346
1110339178 694 364
1110339178 719 383
1110339178 744 400
1110339178 769 416
1110339178 794 433
1110339178 819 453
1110339178 844 473
1110339178 869 490
1110339178 894 508
1110339178 919 523
1110339178 944 541
1110339178 969 558
1110339178 994 574
1110339178 1019 595
1110339178 1044 615
