1198549985 20 9
1198549985 45 16
1198549985 70 23
1198549985 95 30
1198549985 120 36
1183997431.6539 145 43
1183997431.6539 170 50
1133616206 195 57
1133616206 220 63
1133616206 245 70
1133616206 270 77
1133616206 295 84
1133616206 320 91
1133616206 345 99
1133616206 370 106
1133616206 395 113
1133616206 420 121
1133616206 445 128
1133616206 470 136
1133616206 495 144
1133616206 520 151
1133616206 545 159
1133616206 570 167
1133616206 595 175
1133616206 620 183
1133616206 645 191
1133616206 670 199
1133616206 695 207
1133616206 720 215
1133616206 745 223
1133616206 770 231
1133616206 795 238
1133616206 820 246
1133616206 845 254
1133616206 870 262
1133616206 895 270
1133616206 920 278
1133616206 945 286
1133616206 970 294
1133616206 995 302
1133616206 1020 310
1133616206 1045 318
1133616206 1070 326
1133616206 1095 334
1133616206 1120 341
1133616206 1145 349
1133616206 1170 357
1133616206 1195 365
1133616206 1220 373
1133616206 1245 381
1133616206 1270 389
1133616206 1295 397
1133616206 1320 405
1133616206 1345 413
1133616206 1370 421
1133616206 1395 429
1133616206 1420 437
1133616206 1445 445
1133616206 1470 453
1133616206 1495 461
1133616206 1520 469
1133616206 1545 477
1133616206 1570 485
1133616206 1595 492
1133616206 1620 500
1133616206 1645 508
1133616206 1670 516
1133616206 1695 524
1133616206 1720 532
1133616206 1745 540
1133616206 1770 548
1133616206 1795 556
1133616206 1820 564
1133616206 1845 572
1133616206 1870 580
1133616206 1895 588
1133616206 1920 596
1133616206 1945 604
