1076297113 23 12
1076297113 48 21
1076297113 73 29
1076297113 98 35
1076297113 123 42
1076297113 148 48
1076297113 173 53
944072403 198 59
944072403 223 64
944072403 248 70
944072403 273 76
944072403 298 81
944072403 323 86
944072403 348 92
944072403 373 97
944072403 398 102
944072403 423 108
944072403 448 113
944072403 473 119
944072403 498 124
944072403 523 129
944072403 548 135
944072403 573 140
944072403 598 145
944072403 623 151
944072403 648 156
944072403 673 161
944072403 698 167
944072403 723 172
944072403 748 177
944072403 773 182
944072403 798 188
944072403 823 193
944072403 848 198
944072403 873 204
944072403 898 209
944072403 923 214
944072403 948 220
944072403 973 225
944072403 998 230
944072403 1023 236
944072403 1048 241
944072403 1073 246
944072403 1098 252
944072403 1123 257
944072403 1148 262
944072403 1173 268
944072403 1198 273
944072403 1223 278
944072403 1248 284
944072403 1273 289
944072403 1298 294
944072403 1323 300
944072403 1348 305
944072403 1373 311
944072403 1398 316
944072403 1423 321
944072403 1448 327
944072403 1473 332
944072403 1498 337
944072403 1523 343
944072403 1548 348
944072403 1573 353
944072403 1598 358
944072403 1623 364
944072403 1648 369
944072403 1673 374
944072403 1698 380
944072403 1723 385
944072403 1748 390
944072403 1773 396
944072403 1798 401
944072403 1823 406
944072403 1848 412
944072403 1873 417
944072403 1898 422
944072403 1923 428
944072403 1948 433
944072403 1973 438
944072403 1998 444
944072403 2023 449
944072403 2048 454
944072403 2073 460
944072403 2098 465
944072403 2123 470
944072403 2148 476
944072403 2173 481
944072403 2198 486
944072403 2223 492
944072403 2248 497
944072403 2273 502
944072403 2298 508
944072403 2323 513
944072403 2348 518
944072403 2373 524
944072403 2398 529
944072403 2423 534
944072403 2448 540
944072403 2473 545
944072403 2498 550
944072403 2523 556
944072403 2548 561
944072403 2573 566
944072403 2598 572
944072403 2623 577
944072403 2648 582
944072403 2673 588
944072403 2698 593
944072403 2723 598
944072403 2748 604
