1309326408 22 11
1258622483.5735 47 21
1246523402 72 30
1180068542.9876 97 38
1180068542.9876 122 47
1180068542.9876 147 54
1179311052.4027 172 63
1179311052.4027 197 70
1179311052.4027 222 78
1179311052.4027 247 84
1134271199 272 90
1134271199 297 96
1134271199 322 103
1134271199 347 109
1134271199 372 116
1134271199 397 122
1134271199 422 129
1134271199 447 135
1134271199 472 142
1134271199 497 149
1134271199 522 155
1134271199 547 163
1134271199 572 170
1134271199 597 177
1134271199 622 184
1134271199 647 190
1134271199 672 197
1134271199 697 204
1134271199 722 211
1134271199 747 219
1134271199 772 226
1134271199 797 233
1134271199 822 240
1134271199 847 247
1134271199 872 254
1134271199 897 261
1134271199 922 268
1134271199 947 275
1134271199 972 282
1134271199 997 289
1134271199 1022 296
1134271199 1047 303
1134271199 1072 310
1134271199 1097 318
1134271199 1122 325
1134271199 1147 332
1134271199 1172 339
1134271199 1197 346
1134271199 1222 353
1134271199 1247 360
1134271199 1272 367
1134271199 1297 374
1134271199 1322 382
1134271199 1347 389
1134271199 1372 396
1134271199 1397 403
1134271199 1422 410
1134271199 1447 418
1134271199 1472 425
1134271199 1497 432
1134271199 1522 439
1134271199 1547 446
1134271199 1572 453
1134271199 1597 461
1134271199 1622 468
1134271199 1647 475
1134271199 1672 482
1134271199 1697 489
1134271199 1722 496
1134271199 1747 504
1134271199 1772 511
1134271199 1797 518
1134271199 1822 525
1134271199 1847 532
1134271199 1872 539
1134271199 1897 547
1134271199 1922 554
1134271199 1947 561
1134271199 1972 568
1134271199 1997 575
1134271199 2022 583
1134271199 2047 590
1134271199 2072 597
1134271199 2097 604
