1311502030 21 9
1311502030 46 16
1287662358 71 24
1287662358 96 31
1287662358 121 38
1287662358 146 45
1287662358 171 52
1284467668.4063 196 58
1284467668.4063 221 65
1284467668.4063 246 71
1284467668.4063 271 78
1203107160 296 85
1203107160 321 91
1203107160 346 98
1203107160 371 105
1203107160 396 112
1203107160 421 119
1203107160 446 126
1203107160 471 132
1203107160 496 139
1203107160 521 146
1203107160 546 153
1203107160 571 160
1203107160 596 167
1203107160 621 174
1203107160 646 181
1203107160 671 187
1203107160 696 194
1203107160 721 201
1203107160 746 208
1203107160 771 214
1203107160 796 221
1203107160 821 228
1203107160 846 235
1203107160 871 241
1203107160 896 248
1203107160 921 255
1203107160 946 261
1203107160 971 268
1203107160 996 275
1203107160 1021 281
1203107160 1046 288
1203107160 1071 295
1203107160 1096 302
1203107160 1121 308
1203107160 1146 315
1203107160 1171 322
1203107160 1196 328
1203107160 1221 335
1203107160 1246 342
1203107160 1271 349
1203107160 1296 355
1203107160 1321 362
1203107160 1346 369
1203107160 1371 376
1203107160 1396 382
1203107160 1421 389
1203107160 1446 396
1203107160 1471 403
1203107160 1496 409
1203107160 1521 416
1203107160 1546 423
1203107160 1571 430
1203107160 1596 436
1203107160 1621 443
1203107160 1646 450
1203107160 1671 457
1203107160 1696 463
1203107160 1721 470
1203107160 1746 477
1203107160 1771 483
1203107160 1796 490
1203107160 1821 497
1203107160 1846 504
1203107160 1871 510
1203107160 1896 517
1203107160 1921 524
1203107160 1946 531
1203107160 1971 537
1203107160 1996 544
1203107160 2021 551
1203107160 2046 558
1203107160 2071 564
1203107160 2096 571
1203107160 2121 578
1203107160 2146 585
1203107160 2171 591
1203107160 2196 598
1203107160 2221 605
