1458826913.8542 19 9
1324439189 43 16
1214023315 66 24
1145376478 90 30
907714758 114 37
907714758 138 42
907714758 162 49
907714758 186 55
907714758 210 61
870640372 232 66
870640372 256 73
870640372 280 79
870640372 304 85
870640372 328 91
870640372 352 97
870640372 375 103
870640372 399 110
850106611 423 116
850106611 447 123
850106611 471 130
850106611 493 136
847113103 517 145
847113103 541 151
847113103 562 156
847113103 585 162
847113103 609 169
847113103 633 175
847113103 654 182
847113103 678 188
847113103 702 195
847113103 726 201
847113103 750 207
847113103 774 216
847113103 798 223
847113103 822 230
847113103 846 237
847113103 870 244
847113103 894 250
847113103 914 255
847113103 938 261
836732724 959 267
829287938 982 273
829287938 1006 280
829287938 1030 286
829287938 1054 292
829287938 1078 301
829287938 1097 306
829287938 1121 312
829287938 1145 319
829287938 1168 328
829287938 1192 334
829287938 1216 340
829287938 1240 348
829287938 1264 356
829287938 1286 363
829287938 1309 370
829287938 1333 377
829287938 1357 383
829287938 1377 388
829287938 1401 395
829287938 1425 404
829287938 1449 411
829287938 1469 416
829287938 1493 422
829287938 1517 429
829287938 1541 436
829287938 1562 441
829287938 1586 448
829287938 1610 456
829287938 1634 463
829287938 1658 469
829287938 1682 475
829287938 1706 481
829287938 1726 487
829287938 1750 498
829287938 1774 504
829287938 1798 510
829287938 1822 517
829287938 1846 523
818474623 1870 530
818474623 1894 536
818474623 1918 543
818474623 1942 549
818474623 1966 560
818474623 1990 568
818474623 2014 574
818474623 2038 580
818474623 2062 588
818474623 2086 594
818474623 2110 601
