1470395758 21 10
1470395758 45 20
1254603125 69 33
1254603125 92 40
1106847051 116 49
1069804585 140 56
1069804585 164 63
1069804585 184 68
1069804585 208 75
1069804585 231 81
1059567516 255 90
970330870 275 98
970330870 299 104
970330870 323 114
970330870 347 121
970330870 371 128
970330870 395 135
970330870 419 144
917607619 443 153
917607619 466 164
917607619 490 172
917607619 514 179
873827667 538 185
873827667 562 191
873827667 586 197
873827667 610 203
873827667 634 209
873827667 658 215
873827667 682 222
873827667 705 228
873827667 729 234
873827667 753 239
873827667 775 247
873827667 795 252
873827667 818 257
873827667 842 264
873827667 864 269
873827667 888 275
873827667 912 280
873827667 936 286
873827667 960 293
873827667 984 299
873827667 1008 308
873827667 1032 314
872333122 1056 323
872333122 1080 330
872333122 1104 336
872333122 1128 344
872333122 1152 352
872333122 1176 357
872333122 1200 363
872333122 1224 369
872333122 1245 376
872333122 1269 382
872333122 1293 388
838400980 1309 393
838400980 1332 400
838400980 1352 405
838400980 1374 411
838400980 1396 416
838400980 1420 422
838400980 1444 430
838400980 1468 438
838400980 1488 443
838400980 1512 449
838400980 1536 455
838400980 1560 462
838400980 1584 468
838400980 1608 477
838400980 1632 486
838400980 1656 493
838400980 1680 501
838400980 1703 507
838400980 1724 512
838400980 1748 519
838400980 1772 525
838400980 1796 531
838400980 1820 536
838400980 1844 543
838400980 1868 549
838400980 1892 555
838400980 1916 561
838400980 1940 568
838400980 1963 573
838400980 1987 579
838400980 2011 585
838400980 2030 590
838400980 2054 596
833963976 2078 603
