1436188950 21 12
1436188950 45 22
1346675189 69 35
1346675189 93 44
1243088665 117 51
1243088665 141 58
1218173904 164 64
1205378904 188 71
1114668691 212 79
1114668691 235 86
1114668691 259 93
1114668691 283 103
1036436405 306 111
1036436405 330 118
1030506941 354 127
1030506941 378 135
1030506941 402 143
1030506941 422 149
1030506941 446 158
997428519 470 164
997428519 493 171
997428519 517 178
997428519 541 185
935251211 565 194
935251211 588 201
935251211 612 208
935251211 636 214
935251211 660 221
935251211 684 228
935251211 706 234
887907003 730 241
887907003 754 249
887907003 778 255
887907003 802 263
887907003 826 269
887907003 850 276
887907003 874 283
887907003 898 290
887907003 922 297
887523727 946 304
873976631 970 313
873976631 994 319
873976631 1018 327
873976631 1038 335
855656035 1061 342
855656035 1085 348
855656035 1109 353
855656035 1128 358
855656035 1151 368
855656035 1175 373
855656035 1199 381
855656035 1223 388
855656035 1246 394
855656035 1270 400
855656035 1294 406
846505976 1318 412
846505976 1342 420
832685600 1366 426
832685600 1390 433
832685600 1414 441
832685600 1432 446
832685600 1456 452
832685600 1480 458
832685600 1504 464
832685600 1527 471
832685600 1551 476
832685600 1575 482
832685600 1599 488
832685600 1623 497
808268628 1645 503
808268628 1669 509
808268628 1693 517
808268628 1717 523
808268628 1741 529
808268628 1765 536
808268628 1789 544
808268628 1813 551
808268628 1837 558
808268628 1861 563
808268628 1885 569
808268628 1909 575
808268628 1933 581
808268628 1957 587
808268628 1981 593
808268628 2005 599
808268628 2029 605
