1507176047.0378 22 10
1480838872.4947 46 19
1358588987 70 25
1358588987 94 36
1358588987 118 43
1290122818.5349 142 49
1290122818.5349 166 57
1212060186.007 190 64
1168433343.1372 214 72
1168433343.1372 238 79
1137020471.5763 260 86
1137020471.5763 284 93
1137020471.5763 308 101
988465867 332 108
988465867 356 115
988465867 376 120
950780383 396 125
950780383 419 130
950780383 443 135
950780383 467 143
950780383 491 151
921105894 514 157
921105894 532 161
921105894 556 167
921105894 580 173
916652281 604 179
916652281 628 186
916652281 652 192
916652281 676 199
909435531 700 206
909435531 724 216
884596086 748 222
884596086 772 229
884596086 796 236
861514246 817 242
861514246 841 250
861514246 865 259
861514246 889 266
861514246 913 274
861514246 937 281
861514246 961 292
861514246 985 301
829287938 1009 307
829287938 1033 314
829287938 1057 320
829287938 1081 330
829287938 1105 336
829287938 1129 342
829287938 1153 351
829287938 1177 359
829287938 1201 365
829287938 1225 373
829287938 1249 380
829287938 1273 389
829287938 1297 395
829287938 1321 402
829287938 1342 408
829287938 1366 415
829287938 1387 421
829287938 1409 426
829287938 1433 434
829287938 1457 441
829287938 1481 449
829287938 1505 457
829287938 1529 464
829287938 1553 470
829287938 1577 476
829287938 1601 482
829287938 1625 490
829287938 1649 497
829287938 1673 506
829287938 1697 512
829287938 1721 524
829287938 1745 530
829287938 1769 536
829287938 1793 543
829287938 1817 549
829287938 1841 557
829287938 1860 567
829287938 1884 573
829287938 1908 579
829287938 1931 585
829287938 1952 591
829287938 1976 597
829287938 1998 602
