1501907960.6327 23 12
1261471457.5111 47 18
1261471457.5111 71 28
1261471457.5111 95 34
1261471457.5111 119 40
1064689496 143 48
1064689496 166 54
1064689496 189 59
976777614 213 67
959116932 237 73
959116932 261 79
959116932 285 86
959116932 308 95
959116932 330 101
959116932 354 108
959116932 378 115
959116932 402 121
959116932 426 128
957172471 450 135
957172471 474 142
957172471 494 150
950473772 518 157
950473772 542 164
950473772 566 170
950473772 590 177
950473772 614 184
950473772 638 191
930954594 662 198
930954594 686 205
930954594 710 212
929938213 734 219
879085388 753 224
879085388 772 229
879085388 796 236
879085388 818 244
879085388 842 250
879085388 866 255
879085388 890 262
874828545 914 269
874828545 938 275
874828545 960 281
874828545 984 287
874828545 1008 293
874828545 1032 299
856165135 1055 305
856165135 1079 312
856165135 1103 318
856165135 1127 324
856165135 1151 330
856165135 1174 336
821231167 1198 341
821231167 1222 348
821231167 1246 354
821231167 1270 360
821231167 1293 366
821231167 1317 374
821231167 1341 379
821231167 1365 385
821231167 1389 392
821231167 1410 397
821231167 1434 404
821231167 1458 410
821231167 1482 416
821231167 1506 426
821231167 1530 432
821231167 1554 438
821231167 1575 446
821231167 1599 452
819709691 1623 459
819709691 1647 465
819709691 1671 471
819709691 1695 479
819709691 1715 484
819709691 1739 493
819709691 1763 500
819709691 1787 506
819709691 1811 513
819709691 1835 520
819709691 1859 526
819709691 1883 532
819709691 1907 539
818474623 1931 546
818474623 1955 553
818474623 1978 559
818474623 2002 565
817907726 2026 573
817907726 2050 579
817907726 2074 587
817907726 2098 593
817907726 2122 601
