1260860892.9094 23 11
1204300362.9318 46 18
1204300362.9318 70 27
1204300362.9318 94 35
1204300362.9318 118 42
1204300362.9318 140 48
1141964556.136 164 55
1141964556.136 188 62
1141964556.136 209 68
1141964556.136 230 75
1141964556.136 254 83
1141964556.136 273 90
1141964556.136 297 99
1141964556.136 316 106
1141964556.136 340 113
1141964556.136 364 121
1141964556.136 388 130
1141964556.136 412 139
1139388209.9764 436 148
1139388209.9764 460 155
1139388209.9764 478 163
1117694933 502 172
1117694933 526 179
1117694933 550 186
1117694933 573 193
1117694933 593 200
1117694933 617 208
1117694933 641 216
1117694933 664 222
1117694933 688 230
1114334181 712 238
1114334181 734 244
1114334181 755 250
1114334181 779 258
1105704471.7755 803 266
1105704471.7755 827 273
1099934833 851 282
1099934833 870 288
1099934833 894 295
1099934833 918 302
1099934833 941 308
1099934833 965 315
1090145798 988 322
1090145798 1012 328
1046829151.386 1036 335
1046829151.386 1060 340
1017611766.0791 1084 348
1017611766.0791 1108 355
1017611766.0791 1132 361
1017611766.0791 1156 367
1017611766.0791 1176 374
1017611766.0791 1200 380
1017611766.0791 1221 386
1017611766.0791 1245 392
1017611766.0791 1267 399
1017611766.0791 1289 405
1017611766.0791 1313 410
1017611766.0791 1337 416
1017611766.0791 1361 423
1017611766.0791 1385 429
1017611766.0791 1409 436
1017611766.0791 1433 442
1017611766.0791 1453 447
1017611766.0791 1477 453
1017611766.0791 1498 459
1017611766.0791 1521 467
1017611766.0791 1545 473
1017611766.0791 1569 479
1017611766.0791 1593 485
1017611766.0791 1617 492
1017611766.0791 1641 501
1017611766.0791 1665 507
1017611766.0791 1689 513
950765154.29448 1713 519
895130977.9206 1736 525
895130977.9206 1753 532
895130977.9206 1777 538
895130977.9206 1801 545
895130977.9206 1821 550
895130977.9206 1844 557
895130977.9206 1868 565
895130977.9206 1892 571
895130977.9206 1915 579
895130977.9206 1936 586
895130977.9206 1958 592
895130977.9206 1982 599
895130977.9206 2005 605
