1460164049 24 11
1392541081 48 18
1162665763 71 25
1038662794 93 30
1038662794 117 36
943991231 141 42
943991231 165 48
943991231 189 54
943991231 213 62
943991231 232 70
943991231 256 77
927037508 280 83
854148687 304 89
854148687 328 96
854148687 352 106
854148687 376 114
854148687 400 121
844344937 424 128
844344937 448 134
844344937 468 142
844344937 492 148
844344937 516 154
844344937 540 161
844344937 564 167
844344937 588 175
844344937 612 181
844344937 636 191
844344937 655 196
844344937 679 202
835803380 703 208
835803380 727 215
835803380 748 220
835803380 772 227
835803380 796 233
835803380 820 239
835803380 844 245
835803380 868 251
835803380 892 257
835803380 916 264
835803380 940 272
835803380 964 279
835803380 988 286
835803380 1012 292
835803380 1036 298
835803380 1060 308
835803380 1084 314
835803380 1108 320
835803380 1130 325
824201298 1154 332
824201298 1178 339
824201298 1202 345
824201298 1226 352
824201298 1250 358
824201298 1274 364
824201298 1298 370
824201298 1322 378
824201298 1346 384
824201298 1370 392
806894270 1393 398
806894270 1414 403
806894270 1438 413
806894270 1462 419
806894270 1486 426
806894270 1510 432
806894270 1534 439
806894270 1558 446
806894270 1579 452
806894270 1600 457
806894270 1624 464
806894270 1648 471
806894270 1672 478
806894270 1695 483
806894270 1716 489
806894270 1740 495
806894270 1764 501
806894270 1788 507
806894270 1812 515
806894270 1836 521
806894270 1860 527
806894270 1884 533
806894270 1908 539
806894270 1932 546
806894270 1956 552
806894270 1980 558
806894270 2004 564
806894270 2028 571
806894270 2049 577
806894270 2073 583
806894270 2097 589
806894270 2121 595
806894270 2145 602
