1377712419 21 10
1335589288.2018 45 18
1243955923 69 24
1016757221.7498 93 33
1016757221.7498 114 41
980428834 138 50
980428834 161 57
980428834 185 63
980428834 209 70
980428834 228 75
943897591 252 82
943897591 276 88
943897591 300 95
943897591 324 101
943897591 348 107
943897591 372 114
943897591 396 120
943897591 419 127
926339318 443 136
926339318 465 141
926339318 489 148
926339318 513 157
926339318 537 165
926339318 561 171
926339318 585 178
905961227.31904 609 184
905961227.31904 633 190
905961227.31904 657 196
905961227.31904 681 203
893267005 705 209
869855974 729 216
869855974 753 224
869855974 776 230
869855974 800 237
869855974 824 243
863413098 848 249
863413098 866 254
863413098 890 262
863413098 914 268
863413098 935 274
863413098 959 281
863413098 978 288
863413098 1002 296
863413098 1026 302
863413098 1050 309
863413098 1074 315
863413098 1093 321
863413098 1117 328
863413098 1141 335
863413098 1165 341
863413098 1189 348
863413098 1213 354
863413098 1237 361
863413098 1261 368
845362368 1281 374
845362368 1305 381
845362368 1329 388
845362368 1353 394
845362368 1377 404
845362368 1401 410
842030631 1425 419
842030631 1449 426
842030631 1473 432
839189336 1493 437
818474623 1516 444
818474623 1540 454
818474623 1564 461
818474623 1588 467
818474623 1611 479
818474623 1630 484
818474623 1654 491
818474623 1678 499
818474623 1702 506
818474623 1726 513
818474623 1749 519
818474623 1773 525
818474623 1797 531
818474623 1821 538
818474623 1845 545
818474623 1869 551
808268628 1893 557
808268628 1916 563
808268628 1940 570
808268628 1964 576
808268628 1988 582
806352288 2010 590
806352288 2034 596
806352288 2058 602
