1493537623 22 9
1493537623 45 20
1216136703 69 28
1085385183 93 39
1085385183 114 45
1044568746 138 52
957533970 162 58
925707393 186 65
925707393 210 72
925707393 234 78
925707393 258 85
925707393 278 91
925707393 293 95
925707393 317 101
925707393 341 107
925707393 365 113
925707393 389 122
925707393 413 129
925707393 437 135
925707393 457 140
925707393 481 146
906080775 505 153
869365425 527 158
869365425 551 165
869365425 575 171
869365425 599 178
869365425 623 185
869365425 647 191
867016699 671 198
867016699 695 204
867016699 719 213
867016699 740 219
867016699 764 227
863127194 788 233
863127194 810 239
863127194 834 246
844164326 855 253
844164326 879 259
844164326 903 265
844164326 927 272
844164326 951 278
841966592 975 289
841966592 999 295
841966592 1023 306
841966592 1047 312
841966592 1071 318
841966592 1095 327
841966592 1119 334
841966592 1143 340
841966592 1167 346
841966592 1191 354
841966592 1215 361
841966592 1237 366
829287938 1261 373
829287938 1285 381
829287938 1309 387
829287938 1333 393
829287938 1357 401
829287938 1380 407
829287938 1404 413
829287938 1428 420
829287938 1452 427
818474623 1476 433
818474623 1500 439
818474623 1524 448
818474623 1548 454
806352288 1569 459
806352288 1593 465
806352288 1617 471
806352288 1641 478
806352288 1665 484
806352288 1689 493
806352288 1713 499
806352288 1734 505
806352288 1754 511
803146760 1778 517
803146760 1802 525
803146760 1826 530
803146760 1850 539
803146760 1874 547
803146760 1898 553
803146760 1917 560
803146760 1941 566
803146760 1965 573
803146760 1988 579
803146760 2012 585
803146760 2036 591
803146760 2060 601
