1609417446 24 12
1169325143 45 24
1169325143 69 33
1169325143 92 39
1034252274.8801 116 45
1034252274.8801 140 52
987765359 164 57
987765359 187 63
987073882 209 68
987073882 233 77
987073882 257 83
915926890 281 89
915926890 305 95
844724414 323 100
844724414 347 105
844724414 370 111
844724414 394 118
844724414 418 125
844724414 442 132
844724414 466 139
844724414 490 146
844724414 514 152
844724414 535 157
844724414 557 163
844724414 581 170
844724414 605 176
844724414 629 182
844724414 653 192
844724414 677 199
844724414 701 205
844724414 725 211
844724414 749 217
844724414 773 224
844724414 797 230
844724414 821 236
844724414 845 242
844724414 869 251
836569908 893 257
836569908 917 265
836569908 941 272
836569908 963 278
836569908 987 284
836569908 1011 291
836569908 1035 298
836569908 1059 304
836569908 1083 311
836569908 1105 317
836569908 1129 325
836569908 1153 332
836569908 1177 338
836569908 1200 345
836569908 1221 351
836569908 1245 357
836569908 1269 364
836569908 1288 371
836569908 1312 378
836569908 1336 385
836569908 1360 391
836569908 1384 397
836569908 1408 403
836569908 1432 410
836569908 1456 417
836569908 1480 422
836569908 1504 429
836569908 1528 436
836569908 1552 443
836569908 1576 449
836569908 1595 454
836569908 1619 461
836569908 1643 468
836569908 1667 473
836569908 1691 480
836569908 1715 486
836569908 1739 494
836569908 1763 500
836569908 1787 506
836569908 1811 512
836569908 1835 518
836569908 1859 525
836569908 1882 534
836569908 1905 540
836569908 1929 547
836569908 1953 555
836569908 1976 563
836569908 2000 570
836569908 2024 576
836569908 2048 582
836569908 2072 589
836569908 2096 595
836569908 2120 601
