1415677800.1848 21 10
1407644794 45 16
1396212030 69 23
1361178834 93 34
1236120409 117 40
1193200893 138 45
1193200893 162 51
1193200893 186 58
1022840156.9638 210 64
1022840156.9638 229 69
999462576 250 75
999462576 274 82
999462576 298 88
956083582 322 94
913327484 346 101
913327484 370 107
913327484 394 115
913327484 418 122
913327484 442 129
884557736 466 136
884557736 490 143
884557736 514 149
884557736 538 158
884557736 562 167
884557736 584 173
884557736 608 182
884557736 632 192
884557736 656 199
884557736 680 206
884557736 698 211
884557736 722 217
884557736 746 223
884557736 766 228
884557736 790 234
874980367 814 240
874980367 838 248
844923534 857 255
823780202 880 261
823780202 904 267
823780202 928 274
823780202 952 280
823780202 976 288
823780202 1000 294
823780202 1024 301
823780202 1048 308
823780202 1072 314
823780202 1096 321
823780202 1120 327
823780202 1144 338
823780202 1168 345
823780202 1192 351
815353823 1216 359
815353823 1240 366
815353823 1259 371
815353823 1283 380
815353823 1307 388
815353823 1331 395
815353823 1355 402
815353823 1379 412
815353823 1403 418
815353823 1427 425
815353823 1451 433
815353823 1472 442
815353823 1496 449
815353823 1520 456
815353823 1543 465
815353823 1567 473
815353823 1591 479
815353823 1612 486
815353823 1636 493
815353823 1658 499
815353823 1682 506
815353823 1703 511
815353823 1727 521
815353823 1751 527
815353823 1775 534
815353823 1799 541
815353823 1820 547
815353823 1844 556
815353823 1868 562
815353823 1892 569
815353823 1916 576
815353823 1938 582
815353823 1962 588
815353823 1986 596
815353823 2010 602
