1156400861.8656 23 12
1082973487.113 47 18
1082973487.113 71 24
1082973487.113 95 33
1082973487.113 119 39
1082973487.113 143 46
896064251 167 53
896064251 191 60
875069651 215 66
875069651 236 72
875069651 255 77
875069651 276 84
875069651 300 91
875069651 322 97
875069651 346 106
875069651 370 114
875069651 394 120
875069651 417 126
875069651 441 133
875069651 465 140
875069651 489 147
875069651 513 155
875069651 537 162
875069651 561 168
861263685 585 174
861263685 609 180
861263685 633 189
861263685 655 195
861263685 679 201
856310940 703 207
856310940 727 213
856310940 751 222
856310940 775 229
856310940 799 236
856310940 823 242
856310940 847 249
856310940 871 261
856310940 895 267
836143159 919 275
836143159 943 282
836143159 967 289
836143159 991 299
836143159 1015 306
836143159 1039 313
836143159 1063 318
836143159 1087 325
836143159 1111 332
836143159 1131 337
836143159 1155 342
836143159 1175 347
836143159 1199 354
836143159 1223 360
836143159 1247 369
836143159 1271 375
836143159 1295 385
836143159 1312 391
836143159 1336 398
836143159 1357 404
836143159 1381 410
836143159 1405 416
836143159 1429 422
836143159 1452 429
836143159 1475 435
836143159 1499 441
836143159 1518 446
836143159 1541 452
836143159 1565 460
836143159 1589 468
836143159 1613 474
836143159 1637 480
836143159 1661 487
836143159 1684 494
836143159 1708 500
836143159 1732 507
836143159 1756 513
836143159 1780 520
836143159 1804 526
836143159 1828 532
836143159 1852 540
836143159 1876 545
836143159 1900 552
836143159 1924 559
836143159 1948 565
836143159 1972 571
836143159 1996 577
836143159 2020 584
836143159 2044 591
836143159 2068 600
836143159 2092 607
