1376773957 21 10
1376773957 43 18
1376773957 67 30
1149204744 91 42
1019851051 114 59
1019851051 138 79
1019851051 161 93
1012912796 185 108
1012912796 209 119
906876984 233 135
906876984 255 145
906876984 279 157
906876984 303 165
906876984 327 174
906876984 351 181
863844501 375 187
863844501 399 194
863844501 422 202
863844501 446 209
863844501 470 215
863844501 494 222
853755036 518 231
853755036 542 238
853755036 566 244
853755036 590 250
853755036 614 257
853755036 638 264
853755036 662 271
853755036 686 277
853755036 707 283
853755036 731 289
853755036 755 296
853755036 779 303
853755036 803 310
853755036 827 317
853755036 851 325
853755036 870 330
853755036 894 336
853755036 918 343
853755036 942 349
853755036 966 356
853755036 990 364
853755036 1014 371
853755036 1038 376
830198938 1062 386
830198938 1086 392
830198938 1110 399
830198938 1134 407
830198938 1158 417
830198938 1182 423
830198938 1206 429
830198938 1230 435
826293256 1254 442
826293256 1278 448
826293256 1302 454
826293256 1326 461
826293256 1350 467
826293256 1374 474
826293256 1398 482
826293256 1422 488
826293256 1444 496
826293256 1468 502
826293256 1492 509
826293256 1516 515
826293256 1540 521
826293256 1564 528
826293256 1588 537
826293256 1612 544
826293256 1636 551
826293256 1660 559
826293256 1684 568
826293256 1708 575
826293256 1732 581
826293256 1756 588
826293256 1780 594
826293256 1804 603
