1281404273 20 9
1281404273 41 14
1281404273 65 24
1281404273 84 31
1281404273 106 38
1153749918 130 45
973008544 154 51
973008544 178 58
973008544 202 65
932235144 226 71
932235144 250 78
932235144 271 84
932235144 295 94
932235144 318 101
875318090 342 113
875318090 366 119
875318090 390 125
875318090 414 132
875318090 436 137
875318090 460 144
875318090 484 150
875318090 508 156
875318090 532 164
846103146 556 173
846103146 580 180
846103146 604 187
846103146 628 193
846103146 652 200
846103146 676 206
846103146 699 215
846103146 723 222
846103146 747 228
846103146 771 234
846103146 795 242
846103146 819 248
846103146 841 253
846103146 865 260
846103146 886 268
846103146 910 274
846103146 934 283
846103146 958 290
846103146 982 296
846103146 1006 305
846103146 1030 313
846103146 1051 319
846103146 1075 325
846103146 1098 331
844844695 1122 337
844844695 1146 343
844844695 1170 349
844844695 1191 355
844844695 1215 361
844844695 1235 366
844844695 1259 373
844844695 1283 378
833170067 1307 385
833170067 1331 391
833170067 1355 400
833170067 1379 407
833170067 1403 413
833170067 1427 422
833170067 1451 429
833170067 1475 435
833170067 1499 442
833170067 1523 447
833170067 1546 454
833170067 1570 461
833170067 1594 468
821231167 1618 476
787622356 1642 487
787622356 1664 492
787622356 1688 498
787622356 1712 504
787622356 1736 511
787622356 1760 517
787622356 1784 522
787622356 1807 529
787622356 1831 536
787622356 1855 543
787622356 1878 550
787622356 1897 558
787622356 1921 564
787622356 1945 571
787622356 1969 579
787622356 1993 585
787622356 2017 593
787622356 2041 599
787622356 2065 605
