1806263457 21 11
1422303126 45 21
1389156425.482 68 37
1307267177 88 50
1307267177 107 67
1274538064 131 84
1274538064 155 99
1274538064 179 112
1145198957 203 127
1059702923 224 144
1059702923 248 163
1059702923 272 182
1059702923 296 195
974911708 320 208
974911708 344 225
974911708 368 242
914513916 392 258
914513916 416 266
914513916 438 272
914513916 462 279
914513916 486 286
914513916 510 295
914513916 534 302
914513916 558 312
892811018 578 318
892811018 599 324
892811018 623 332
892811018 642 337
883274952 664 343
883274952 684 349
883274952 708 358
883274952 732 367
883274952 756 375
883274952 780 382
883274952 804 389
854567491 828 397
854567491 852 406
854567491 874 413
854567491 898 421
854567491 922 429
854567491 946 436
854567491 970 443
854567491 989 450
854567491 1013 457
854567491 1037 465
854567491 1061 472
854567491 1085 481
854567491 1109 488
854567491 1130 494
854567491 1151 500
854567491 1174 507
854567491 1198 513
854567491 1221 519
854567491 1245 526
854567491 1269 533
854567491 1293 539
854567491 1317 547
854567491 1341 554
854567491 1365 561
854567491 1389 567
854567491 1413 574
854567491 1435 580
854567491 1459 588
854567491 1480 594
847073830 1499 599
847073830 1523 608
