1483554992.5038 23 11
1378358599 47 20
1339228997.7358 71 26
1063724779 95 32
991198399 119 40
991198399 143 47
991198399 166 53
967025681 190 59
967025681 214 67
967025681 238 75
967025681 262 82
967025681 284 88
967025681 308 94
967025681 329 100
901763517 350 105
901763517 374 112
901763517 394 118
901763517 418 125
901763517 442 132
901763517 466 139
901763517 490 145
901763517 514 152
901763517 538 159
901763517 562 168
901763517 586 175
901763517 610 182
901763517 634 188
901763517 658 195
901763517 682 202
901763517 706 209
901763517 730 216
901763517 754 225
901763517 778 233
901763517 795 238
897355171 819 245
897355171 843 252
897355171 867 259
897355171 887 265
853758692 911 272
848905814 935 281
848905814 959 288
848268487 981 294
848268487 1005 301
848268487 1029 308
848268487 1053 314
848268487 1077 321
848268487 1101 329
848268487 1125 336
848268487 1145 342
848268487 1169 348
848268487 1193 355
848268487 1217 362
848268487 1241 369
848268487 1265 376
848268487 1289 385
848268487 1313 392
848268487 1337 399
811072655 1361 405
811072655 1385 413
811072655 1409 422
811072655 1433 429
811072655 1457 435
811072655 1475 439
811072655 1499 448
811072655 1523 454
811072655 1547 460
811072655 1571 466
811072655 1595 472
811072655 1619 479
811072655 1643 485
811072655 1667 491
811072655 1691 497
811072655 1715 504
811072655 1739 512
811072655 1763 519
811072655 1787 525
811072655 1811 531
811072655 1835 538
811072655 1859 548
811072655 1883 555
811072655 1907 561
811072655 1931 567
811072655 1955 575
811072655 1975 582
811072655 1999 588
811072655 2023 596
811072655 2046 602
