1572592923 22 11
1407369604 46 19
1407369604 65 27
1193993889 89 33
1193993889 113 39
1141567774 137 47
1141567774 161 53
1109494341 185 59
1109494341 209 66
927925160 231 71
927925160 255 78
927925160 279 84
907824216 298 89
907824216 322 98
907824216 343 103
907824216 364 109
907824216 388 116
907824216 409 122
907824216 431 127
907824216 455 135
907824216 479 142
907824216 503 148
907824216 527 155
881600812 549 162
881600812 573 170
881600812 597 176
881600812 621 183
881600812 645 190
881600812 669 197
881600812 693 203
881600812 717 210
881600812 741 216
881600812 765 222
863536168 789 231
863536168 813 238
863536168 837 246
863536168 861 252
863536168 883 260
863536168 907 267
863536168 931 274
863536168 955 281
863536168 979 288
849153174 1003 297
849153174 1027 304
849153174 1051 312
849153174 1075 320
849153174 1099 327
849153174 1123 334
849153174 1147 341
849153174 1171 349
849153174 1195 357
849153174 1219 366
849153174 1243 373
849153174 1267 381
849153174 1291 388
849153174 1315 399
849153174 1339 406
849153174 1363 414
849153174 1387 423
849153174 1407 430
849153174 1431 438
846327419 1455 445
846327419 1479 456
846327419 1499 464
846327419 1523 472
846327419 1547 479
846327419 1571 487
846327419 1595 494
846327419 1613 501
846327419 1637 508
846327419 1661 516
846327419 1684 523
846327419 1708 531
846327419 1732 538
846327419 1756 545
846327419 1780 555
846327419 1804 562
846327419 1828 570
846327419 1852 577
846327419 1876 584
846327419 1899 591
846327419 1923 598
846327419 1947 605
