1192080203 18 9
1147550499 42 16
1108171010 66 23
1108171010 89 29
1108171010 111 35
1108171010 135 41
1108171010 159 48
1087656326 183 54
1058523544 207 62
1058523544 231 68
1058523544 252 75
1027018752 276 82
1027018752 298 91
1027018752 322 97
1027018752 343 103
1027018752 367 110
1027018752 391 116
1027018752 415 123
1027018752 439 130
1027018752 463 136
1027018752 485 143
1027018752 508 150
1027018752 532 160
1027018752 556 166
1002285774.5992 580 173
1002285774.5992 604 179
983384208 628 187
983384208 652 193
983384208 676 200
983384208 699 207
983384208 722 215
983384208 746 222
983384208 770 229
983384208 794 237
983384208 818 244
983384208 842 252
983384208 866 259
983384208 890 265
983384208 914 273
983384208 938 281
983384208 962 288
978909385.89716 986 294
978909385.89716 1007 301
978909385.89716 1030 307
978909385.89716 1054 317
978909385.89716 1078 324
978909385.89716 1102 331
919871147 1126 337
919871147 1150 344
919871147 1174 351
919871147 1198 358
919871147 1221 365
866401693.84582 1243 371
866401693.84582 1267 378
866401693.84582 1290 385
866401693.84582 1314 393
866401693.84582 1338 400
866401693.84582 1360 408
866401693.84582 1381 414
866401693.84582 1405 420
866401693.84582 1429 427
866401693.84582 1453 434
866401693.84582 1477 441
866401693.84582 1501 449
866401693.84582 1525 456
866401693.84582 1549 462
866401693.84582 1573 469
866401693.84582 1595 476
866401693.84582 1619 484
866401693.84582 1641 490
866401693.84582 1665 498
866401693.84582 1689 505
866401693.84582 1712 511
866401693.84582 1736 520
866401693.84582 1760 527
866401693.84582 1780 535
866401693.84582 1804 542
866401693.84582 1827 548
866401693.84582 1851 555
866401693.84582 1875 564
866401693.84582 1899 570
866401693.84582 1923 577
866401693.84582 1947 584
866401693.84582 1971 591
866401693.84582 1990 598
866401693.84582 2011 604
