1397066148 20 10
1316815071 44 18
1316815071 68 28
1193631734 92 36
1193631734 116 42
1193631734 140 50
1193631734 164 57
1193631734 187 64
1193631734 211 71
1193631734 235 79
1180410737 259 86
1163418600.434 283 95
1163418600.434 307 104
1105709343.2476 330 111
1105709343.2476 350 116
1105709343.2476 374 123
1078536145 398 129
1030528548 422 136
1030528548 444 141
934110475 468 147
934110475 492 153
934110475 513 163
934110475 537 174
934110475 561 184
934110475 585 191
925567878 605 197
925567878 629 203
925567878 648 208
891474632 672 215
891474632 696 224
891474632 720 231
891474632 744 240
891474632 768 246
891474632 792 252
888414088 814 257
888414088 838 264
868931464 862 271
868931464 886 277
868931464 907 283
868931464 931 289
868931464 950 293
868931464 968 299
868931464 992 305
868931464 1016 313
850384824 1040 319
850384824 1064 325
850384824 1088 332
850384824 1112 338
850384824 1136 344
850384824 1160 350
850384824 1184 357
850384824 1207 363
850384824 1231 369
850384824 1255 378
850384824 1279 384
850384824 1299 388
850384824 1323 394
850384824 1347 400
850384824 1371 408
850384824 1395 417
850384824 1419 423
850384824 1443 429
850384824 1467 435
850384824 1491 443
850384824 1515 450
850384824 1539 457
850384824 1563 465
850384824 1587 470
850384824 1611 476
850384824 1635 482
850384824 1657 488
850384824 1677 494
850384824 1701 500
850384824 1725 506
850384824 1749 512
818755634 1773 518
818755634 1792 523
818755634 1816 531
818755634 1838 536
818755634 1862 542
818755634 1886 548
818755634 1910 554
818755634 1934 560
818755634 1958 567
818755634 1982 576
818755634 2006 583
818755634 2030 590
818755634 2054 596
818755634 2078 602
