1630488364.8934 23 11
1393854964.3469 47 23
1367152825.9958 71 34
1291066095.3762 95 44
1212938137.2417 119 51
1153044337.7845 143 58
1153044337.7845 167 66
1153044337.7845 191 73
1153044337.7845 215 80
1153044337.7845 239 87
1146624503.9279 263 93
1146624503.9279 285 99
1146624503.9279 309 106
1146624503.9279 332 113
1146624503.9279 356 121
1146624503.9279 379 127
1146624503.9279 403 134
1087656326 427 141
1054847547 451 151
1054847547 475 159
1054847547 499 165
1052269698 523 172
1052269698 547 178
1052269698 571 185
1052269698 595 191
1052269698 618 197
1052269698 642 204
1052269698 666 210
1052269698 690 217
1052269698 714 223
1052269698 736 230
991254910.8327 760 237
966404609 784 243
966404609 808 250
966404609 831 256
966404609 855 262
966404609 879 268
966404609 899 273
966404609 923 280
966404609 947 287
966404609 971 293
966404609 991 298
966404609 1015 305
966404609 1039 317
966404609 1063 323
966404609 1087 330
966404609 1111 336
966404609 1134 343
966404609 1158 350
966404609 1178 356
966404609 1199 361
966404609 1223 368
966404609 1247 375
966404609 1271 381
966404609 1295 387
966404609 1319 395
966404609 1343 401
966404609 1366 409
966404609 1390 415
966404609 1414 421
966404609 1438 428
958197604 1462 434
958197604 1486 441
958197604 1510 447
958197604 1533 452
958197604 1557 460
958197604 1581 466
958197604 1605 472
958197604 1629 478
958197604 1653 485
958197604 1677 491
958197604 1701 500
958197604 1725 507
958197604 1749 513
958197604 1773 519
958197604 1797 525
958197604 1821 532
958197604 1840 537
958197604 1863 543
958197604 1887 550
958197604 1911 558
958197604 1935 565
958197604 1959 572
958197604 1983 580
958197604 2007 587
958197604 2031 595
958197604 2055 601
