1084278698 20 10
1084278698 44 17
1084278698 68 30
1084278698 92 45
1084278698 116 53
1084278698 140 67
1061552180 164 79
1020237259 188 87
1020237259 212 97
1020237259 236 103
1020237259 260 109
1020237259 284 116
1020237259 308 122
1020237259 332 128
1011564161 354 133
1011564161 378 140
924812068 402 146
924812068 426 151
924812068 450 157
924812068 474 166
924812068 498 172
893932226 522 181
893932226 546 186
868993298 570 194
832403061 594 200
832403061 618 207
832403061 642 212
832403061 666 219
832403061 690 225
832403061 714 232
832403061 738 240
832403061 762 246
832403061 786 252
832403061 810 260
832403061 834 266
832403061 858 274
832403061 881 280
832403061 905 286
832403061 929 293
832403061 953 300
832403061 977 307
832403061 1001 314
832403061 1025 320
832403061 1049 326
832403061 1073 334
832403061 1097 341
803146760 1121 349
803146760 1145 355
803146760 1169 362
803146760 1193 369
803146760 1217 375
803146760 1241 381
803146760 1265 387
803146760 1289 393
803146760 1313 399
803146760 1337 405
803146760 1361 412
803146760 1385 419
803146760 1409 426
803146760 1433 432
803146760 1457 438
803146760 1481 445
803146760 1505 452
803146760 1529 458
803146760 1553 466
803146760 1577 476
803146760 1601 485
803146760 1625 490
803146760 1646 496
803146760 1670 502
803146760 1694 508
803146760 1718 514
803146760 1742 520
803146760 1765 526
803146760 1789 532
803146760 1813 538
803146760 1837 545
803146760 1861 552
803146760 1885 559
803146760 1908 568
803146760 1932 575
803146760 1956 581
803146760 1980 587
803146760 2004 594
803146760 2028 601
