1203802126 22 10
1203802126 46 17
1150462930 70 24
1150462930 94 31
1119621688 118 37
1119621688 142 44
1028780927 166 50
1028780927 190 56
1028780927 214 63
1028780927 235 68
992695362 259 75
992695362 282 81
992695362 306 87
992695362 330 94
992695362 352 100
907846008 376 107
907846008 400 114
907846008 424 124
907846008 448 136
907846008 472 147
907846008 496 156
907846008 520 167
907846008 544 180
907846008 568 188
907846008 592 194
907846008 616 201
879549263 640 208
860981478 664 216
860981478 688 222
860981478 712 229
860981478 733 235
860981478 757 245
860981478 780 251
860981478 804 257
860981478 828 264
860981478 852 270
860981478 876 277
860981478 900 283
860981478 924 292
860981478 948 298
860981478 972 306
860981478 991 312
860981478 1015 318
833029302 1039 324
833029302 1063 330
833029302 1087 337
833029302 1111 344
833029302 1135 350
833029302 1159 359
805311960 1183 365
805311960 1207 372
805311960 1227 378
805311960 1251 383
805311960 1275 390
805311960 1297 399
805311960 1321 405
805311960 1345 414
805311960 1369 421
805311960 1393 427
805311960 1416 434
805311960 1440 442
805311960 1464 451
805311960 1488 457
805311960 1512 463
805311960 1536 471
805311960 1558 477
805311960 1582 483
805311960 1606 489
805311960 1630 497
805311960 1654 504
805311960 1678 511
805311960 1696 515
805311960 1720 522
805311960 1744 529
805311960 1768 534
805311960 1792 540
805311960 1816 547
805311960 1840 553
805311960 1864 560
805311960 1888 565
805311960 1910 572
805311960 1934 577
805311960 1958 584
805311960 1982 590
805311960 2006 598
805311960 2030 604
