1351452343.4541 23 10
1342243774.2387 47 16
1127158628 71 24
1028127410 95 30
1028127410 119 40
1028127410 138 45
982992444 162 52
982992444 186 58
982992444 210 66
982992444 232 73
982992444 256 79
982992444 280 86
982992444 304 92
849933630 327 98
849933630 351 104
849933630 375 112
849933630 399 118
849933630 423 125
832626526 447 131
832626526 471 138
832626526 495 144
832626526 519 150
832626526 542 156
832626526 566 164
832626526 590 171
832626526 614 177
832626526 638 184
832626526 662 193
832626526 686 201
832626526 710 207
830156464 734 214
830156464 758 220
830156464 782 226
830156464 806 236
830156464 830 241
830156464 854 247
830156464 876 253
830156464 900 260
830156464 924 267
830156464 948 272
830156464 971 281
830156464 995 288
830156464 1014 292
830156464 1038 299
830156464 1062 305
830156464 1085 311
830156464 1109 317
830156464 1133 322
830156464 1157 329
830156464 1181 335
830156464 1205 342
830156464 1229 348
819415558 1253 355
819415558 1277 361
819415558 1301 370
819415558 1325 375
819415558 1345 382
795267692 1369 389
795267692 1393 395
795267692 1417 401
795267692 1441 408
795267692 1465 414
795267692 1489 422
795267692 1513 428
795267692 1537 434
795267692 1561 440
795267692 1585 448
795267692 1608 454
795267692 1632 462
795267692 1656 468
795267692 1679 474
795267692 1703 481
795267692 1727 486
795267692 1751 493
795267692 1775 499
795267692 1799 506
795267692 1823 512
795267692 1847 517
795267692 1871 524
795267692 1895 529
795267692 1919 537
795267692 1943 546
795267692 1967 552
795267692 1991 559
795267692 2015 568
795267692 2035 573
795267692 2059 579
795267692 2083 585
795267692 2105 591
795267692 2129 598
795267692 2153 604
