1256643149.6832 19 8
1256643149.6832 43 15
1249287141.3373 67 22
1249287141.3373 91 29
1249287141.3373 115 36
1110403772.5585 136 42
1110403772.5585 160 49
1110403772.5585 182 55
1110403772.5585 206 62
1110403772.5585 230 73
1110403772.5585 254 82
1110403772.5585 278 92
1110403772.5585 302 99
1110403772.5585 326 108
1110403772.5585 350 120
1037545744.6029 374 127
1037545744.6029 398 136
1037545744.6029 422 142
1037545744.6029 446 151
1021786855.2964 470 159
1021786855.2964 494 165
1021786855.2964 518 173
1021786855.2964 542 179
1021786855.2964 565 186
1021786855.2964 585 192
992986383.26305 609 198
992986383.26305 633 205
992986383.26305 655 212
992986383.26305 679 222
992986383.26305 703 229
992986383.26305 727 235
992986383.26305 751 243
992986383.26305 775 249
992986383.26305 799 256
992986383.26305 823 264
992986383.26305 847 273
992986383.26305 871 280
992986383.26305 891 286
992986383.26305 912 292
992986383.26305 936 299
992986383.26305 960 307
992986383.26305 984 315
992986383.26305 1008 321
992986383.26305 1032 328
992986383.26305 1056 335
992986383.26305 1080 343
992986383.26305 1104 352
992986383.26305 1128 359
992986383.26305 1152 366
992986383.26305 1176 374
992986383.26305 1200 381
992986383.26305 1224 392
992986383.26305 1248 398
992986383.26305 1272 405
992986383.26305 1296 412
992986383.26305 1319 419
992986383.26305 1338 424
992986383.26305 1362 433
992986383.26305 1384 438
992986383.26305 1408 445
992986383.26305 1432 450
992986383.26305 1456 457
992986383.26305 1480 463
992986383.26305 1504 470
992986383.26305 1528 478
992986383.26305 1552 486
992986383.26305 1576 494
992986383.26305 1600 501
970233246.01114 1624 508
970233246.01114 1648 515
970233246.01114 1672 521
970233246.01114 1695 527
970233246.01114 1719 536
970233246.01114 1743 543
970233246.01114 1767 551
970233246.01114 1791 557
970233246.01114 1815 564
970233246.01114 1839 572
970233246.01114 1863 578
970233246.01114 1887 584
970233246.01114 1911 590
970233246.01114 1935 596
970233246.01114 1959 605
