1307789117.6673 24 11
1307789117.6673 46 18
1307789117.6673 70 24
1307789117.6673 94 31
1208666101.5015 118 39
1208666101.5015 142 48
1208666101.5015 166 54
1073063331.4466 190 63
1073063331.4466 214 76
1073063331.4466 238 94
1073063331.4466 262 111
1070680943 286 127
1025169226 309 141
997230977 333 155
997230977 357 171
977646039 381 181
977646039 405 188
977646039 429 195
977646039 453 200
922522451 477 206
922522451 501 213
922522451 525 219
922522451 549 225
922522451 573 233
922522451 597 242
922522451 621 248
922522451 645 254
922522451 669 261
922522451 693 269
904573606 717 275
904573606 741 281
904573606 765 287
904573606 783 292
904573606 807 301
904573606 831 309
904573606 854 315
904573606 878 322
904573606 902 328
904573606 926 335
891255653 950 342
879274120 974 348
879274120 998 354
879274120 1019 361
879274120 1043 367
879274120 1067 374
879274120 1090 382
879274120 1114 389
879274120 1136 397
863569112 1160 404
863569112 1184 410
863569112 1208 418
863569112 1232 424
863569112 1256 432
863569112 1280 438
863569112 1303 445
863569112 1327 452
863569112 1351 458
863569112 1375 464
863569112 1399 471
863569112 1423 480
844574812 1447 488
844574812 1471 495
834349999 1495 503
834349999 1519 509
834349999 1543 516
834349999 1567 524
834349999 1591 534
834349999 1615 540
834349999 1639 546
803438890 1663 553
803438890 1683 559
803438890 1707 564
803438890 1727 569
803438890 1751 575
803438890 1773 580
803438890 1797 587
803438890 1820 595
803438890 1844 604
